	log.enrich	pval	total	real.overlap	random.mean
TAR1	2.43106453872055	0	64	7	1.298
L1MC5a	-2.15950283005484	0	35	46	205.51
MER5B	0.156387997256613	0.112	1317	294	263.797
MIR3	0.908972389430314	0	762	1742	927.727
Charlie15a	0.157158750678807	0.54	1428	38	34.078
L2a	0.055043268757589	0.158	86	1952	1878.928
L3	-0.188090920658839	0.028	1700	435	495.576
Plat_L3	-0.129732618062475	0.674	8195	33	36.105
MLT1K	0.21826990924009	0.048	121115	230	197.707
MIR	0.310349367735964	0	47320	2334	1882.246
L2b	0.728354158757983	0	117446	1672	1009.206
MIR1_Amn	1.36587144247496	0	12658	317	122.996
L2c	0.185290340855773	0	38726	1593	1400.999
AluSp	-0.512950605435194	0	4259	524	747.73
MER33	-0.893423526810471	0	21085	57	105.882
MIRb	0.563572209535273	0	44393	3568	2414.197
L1MB3	-1.15101315525875	0	12565	96	213.187
MER53	-0.371024432140621	0.116	6031	48	62.077
MLT1A	-0.775500106115733	0	67237	60	102.707
MIRc	0.664208927874965	0	12718	1704	1075.283
AluJo	0.147615747437018	0.03	1575	564	509.146
L1MB5	-1.26201581769795	0	53394	49	117.517
Alu	-0.219655981312342	0.272	1683	68	79.183
L1PA6	-2.37783595567464	0	129556	23	119.544
L1P1	-3.21066939584164	0	110941	5	46.289
MLT1L	-0.313088494793621	0.056	40018	107	132.933
MLT1J2	-0.939565110506047	0	12119	40	76.718
AluJr	0.0184175027279278	0.69	122105	1298	1281.535
Charlie5	-0.818850560895434	0.066	42260	16	28.224
MLT1F2-int	-Inf	0.132	101596	0	3.886
MLT1F2	-0.230908532084852	0.292	3853	61	71.588
AluSx	-0.041885817344968	0.298	405	1389	1429.918
AluSx3	-0.206930173555755	0	2715	379	437.453
LTR16C	0.0428759270456971	0.86	383	78	75.716
ERVL-E-int	-1.00560250288968	0	6889	55	110.428
MamRep1527	-1.84016106714085	0.01	581	4	14.322
L1MA8	-2.89904330442108	0	229	19	141.727
L1ME3G	-1.69602806472232	0	1343	65	210.605
L1MA9	-2.70209647857279	0	199	32	208.239
LTR12F	-1.33571191032046	0.126	2082	3	7.572
MER45A	0.355112805234785	0.138	857	47	36.745
MER58A	-0.770322619005557	0	665	86	146.686
L1PA14	-2.47479294119631	0	161	8	44.471
AluYj4	-0.211081435646303	0.516	502	27	31.254
L2	-0.151418840480713	0.026	178	552	613.085
FLAM_A	-0.507126055167395	0	462	111	157.755
MER47A	-1.88947354253111	0	44	8	29.64
L1ME4c	-1.45571309881178	0	2913	38	104.231
AluSc	-0.404909827660762	0	176	325	430.302
L1PA4	-3.07797257722883	0	100	26	219.551
LTR89	-0.961870238272296	0.162	6900	6	11.687
L1MC	-2.77937287482642	0	6210	13	89.252
L1PA7	-1.95544696849136	0	1117	61	236.58
L1PA16	-2.79692707927059	0	4835	29	201.538
L1PA2	-3.44719713077704	0	2633	9	98.164
AluSz	-0.170320264279483	0.002	671	1210	1361.623
L1M2	-1.9189893858444	0	2360	31	117.229
L1PREC2	-2.3142677826335	0	1183	23	114.391
L1PB	-2.2255217342566	0	2347	5	23.384
Tigger5b	-1.29772945272845	0.006	727	12	29.501
AluSc5	-0.762713278299289	0.004	1016	28	47.507
Tigger5	-2.58928410667125	0.042	707	1	6.018
L1M5	-2.35332046788217	0	2162	100	510.999
L1M4	-2.2196570324518	0	1956	52	242.207
HAL1M8	-0.746635240451513	0.106	86	16	26.846
LTR103b_Mam	-0.423954594014897	0.718	498	5	6.708
MLT1H2	-1.00570400102807	0	1431	26	52.206
AluYk2	-0.186878939686343	0.312	1939	67	76.266
MER4D1	0.283476644112606	0.492	1157	23	18.897
MER4CL34	-1.42653313811667	0.106	307	4	10.752
L5	-0.660289751428221	0.474	276	5	7.902
MLT1H	-0.590721770009841	0	113	76	114.456
AluY	-0.468488792659233	0	23	819	1133.217
MLT1I	-1.18546720936982	0	561	54	122.816
MamRep605	-1.71629589291391	0	408	12	39.431
LTR33	0.157067570299331	0.278	521	117	104.931
MSTB1	-1.10022726153639	0	3250	26	55.741
AluSq	-0.491955684329497	0	1942	100	140.635
MLT1C	-0.174225138875938	0.418	1476	67	75.6
AluJb	0.120400736875932	0.01	1474	1443	1327.462
FAM	-0.726426433546363	0.014	550	28	46.327
AluSq2	-0.427776422373894	0	1251	441	593.215
L1ME3E	-1.94408201880592	0	543	14	53.871
LTR33B	-2.13068381185155	0	2509	4	17.517
MER65D	-0.815848640688195	0.57	1620	3	5.281
MLT1D	-0.313161990483581	0.012	5856	180	223.637
THE1C	-2.45287151256132	0	3087	21	114.976
L1MA5	-2.00408185604661	0	891	15	60.17
FLAM_C	-0.267075189612668	0.006	772	216	259.927
SVA_E	-1.442722376216	0.102	1121	3	8.155
AluSg	-0.267899530665286	0	1506	411	494.866
MER1A	-0.639843384461623	0.026	1289	25	38.954
MER21C	-0.415758666522498	0.08	1094	50	66.7
LTR41	-0.166501220444403	0.924	517	12	13.468
L1MB8	-1.86316678726243	0	986	56	203.731
Tigger12	-0.0870856167637116	1	1465	9	9.56
LTR37A	-1.44757919654888	0.006	2095	8	21.82
AluSg4	-0.280659432455198	0.054	3743	112	136.052
MER11B	-2.99022879342601	0	342	1	7.946
L1ME4b	-1.20908982641723	0	467	121	279.742
AluJr4	-0.281019360417654	0.064	620	113	137.301
U6	-1.18451834326752	0.01	812	8	18.183
MER8	-1.22856218857665	0.002	266	9	21.09
Charlie29b	-0.793918996920163	0.19	919	9	15.604
AluSx1	-0.0238704119003226	0.58	2908	1219	1239.337
MSTD	-1.59802014748291	0	6037	29	87.791
AluSg7	-0.368166608289058	0.074	2609	52	67.117
AluSz6	-0.220061925651896	0.004	264	402	468.243
Charlie4z	0.181333756079603	0.36	3983	71	62.614
MLT2B3	-1.27086528284431	0	1465	16	38.609
MER31-int	-2.17142035439861	0.04	58	3	13.514
MER92-int	-1.54732643222811	0.134	4420	4	11.691
MER34A	-1.08644410868531	0.07	1322	8	16.988
L1MC3	-2.20090470059349	0	1037	37	170.114
MSTA1	-1.03749936666157	0.344	14	3	6.158
MER4A1	-0.189693945673961	0.672	17	23	26.232
MER4E	-0.56835645167932	0.54	1729	6	8.897
AluYc	-0.366036254641417	0.06	66	57	73.462
MER4A	0.0983651298429767	0.912	24	11	10.275
Charlie30a	-1.30217279974075	0.292	132	2	4.932
MER31B	0.64812043971837	0.072	102	27	17.229
L1MA4	-3.32784131459584	0	309	14	140.575
FRAM	0.116362403800504	0.238	1348	233	214.945
MER112	-0.738596409924879	0.018	5	29	48.388
Ricksha_0	-1.20288783347014	0.464	320	2	4.604
Tigger4b	-1.34951968937918	0	38	11	28.031
Charlie20a	-1.7001437503401	0.062	6	3	9.748
L1MD3	-1.72628055254886	0	388	19	62.866
AluYf1	-0.617486566413356	0.108	172	15	23.013
L1MC4a	-2.18124937001925	0	435	26	117.922
MER39B	0.881691392659434	0.024	379	26	14.111
L1ME1	-2.86721191812064	0	6685	54	394.013
LTR9B	-0.432424976804764	0.674	1117	6	8.097
MER5A	0.225778710746645	0.01	4138	435	371.983
MER4E1	-2.66777861210685	0	9119	2	12.709
MLT1E3	-0.641361056327364	0.138	831	15	23.397
LTR37B	-2.16311224434712	0	211	5	22.394
MLT1O	-0.245197867557093	0.32	85	47	55.707
MSTA	-2.06596077118111	0	39	55	230.292
MER103C	-0.50905671236871	0.006	103	67	95.349
LTR39	-0.178775919024578	0.882	57	13	14.715
L1ME3B	-1.96257123229732	0	68	25	97.439
L1PA5	-2.99781988408619	0	58	25	199.698
L1ME3D	-3.08275935147457	0	40	6	50.834
L1P4	-4.51966770089372	0	38	2	45.876
L1MA2	-1.86319671146044	0	32	31	112.782
LTR22C2	-Inf	0.8	126	0	0.948
L1PA15-16	0.0616514699697398	0.896	43	24	22.996
L1ME3A	-1.78276690660941	0	30	55	189.247
L1PA8A	-1.55777767139493	0	63	14	41.216
L1PA8	-1.62890863245439	0	21	38	117.526
L1PA10	-0.959405979631367	0	77	55	106.948
L1MEd	-2.55658809920953	0	31	34	200.027
ERVL-int	-0.573789989383557	0.478	12	7	10.419
L1MA7	-2.42157340909509	0	145	20	107.151
L1M7	-3.58127089433014	0	125	3	35.908
HAL1b	-1.8405063953792	0	30	14	50.139
MLT1H1	-0.950230858069791	0.004	106	22	42.508
THE1B	-2.7183561458049	0	1166	40	263.249
THE1B-int	-3.09655704225857	0	82	8	68.43
MLT1H1-int	-2.27679440478926	0.22	51	1	4.846
LTR64	0.690657478856588	0.372	996	7	4.337
THE1D	-2.11899479883424	0	620	34	147.693
tRNA-Gln-CAA_	-Inf	1	659	0	0.339
tRNA-Ser-TCA(m)	-Inf	1	524	0	0.302
MER124	-2.01720929003222	0.03	682	2	8.096
L1PA11	-1.28036248997378	0	232	26	63.154
MER3	-0.195409361493703	0.224	441	102	116.795
MER5A1	0.420632687755949	0.002	411	227	169.591
L1ME3	-1.44354034962855	0	393	40	108.795
L1MEg	-3.17329625339947	0	197	18	162.379
L1MC4	-2.05371309055211	0	424	67	278.166
LTR104_Mam	-0.259891787998022	0.61	834	18	21.553
BLACKJACK	-3.08440448293435	0	301	3	25.446
L1M3	-2.93431062043016	0	13	11	84.083
LTR7	0.317326831063244	0.23	279	36	28.892
MER67C	-1.43768431206116	0.03	269	7	18.962
LTR67B	-0.398138494926533	0.182	61	31	40.852
LTR79	-0.769283490034717	0.02	197	26	44.315
Charlie1b	-1.07111907828841	0.008	4362	16	33.617
Charlie1a	-2.01875983166879	0	15391	17	68.89
Tigger3a	-0.634198273706568	0.004	25202	40	62.083
MER113A	-0.564882149799363	0.208	614	15	22.189
MER44B	-1.15521933876426	0.014	281	11	24.499
Chap1a_Mam	-0.939602720356044	0.09	20741	8	15.344
MLT1C2	0.171721647763318	0.168	39	207	183.771
L1M8	-2.0368197951977	0.004	175	5	20.517
MER102c	0.124921321571524	0.652	53	37	33.931
L2d2	-0.0489757114994228	0.472	21741	547	565.888
Tigger7	-0.511754028580343	0.194	4461	23	32.793
MER41D	0.745271596543862	0.246	2273	9	5.369
HAL1	-1.97554553349858	0	7554	65	255.63
MLT1A1	-1.6359679361224	0	590	25	77.699
LTR78	0.113072726796921	0.666	1483	60	55.477
SVA_D	-0.779890039340047	0.04	23	14	24.038
L1M4b	-0.905350899580958	0.008	235	29	54.317
UCON76	1.05090089830004	0.356	920	3	1.448
MLT1B	-0.48106209000493	0	240	144	200.991
L1MC1	-2.68051606991554	0	473	27	173.093
L2d	0.134151737823657	0.13	332	331	301.609
L1PA3	-2.26920320138912	0	361	44	212.105
Charlie19a	-0.282058481517933	0.59	435	14	17.023
L1ME4a	-2.09884769835193	0	1129	76	325.559
LTR2C	0.651540937913529	0.468	17	5	3.183
L1MB4	-1.80411811110282	0	3	32	111.749
BSR/Beta	-0.592476970740608	0.498	5	12	18.094
AluSc8	-0.306563108844698	0.002	6	190	234.984
MER101-int	-3.8338009023614	0	4	1	14.259
LOR1-int	-4.14942196849116	0.002	5	1	17.746
LTR57-int	-Inf	0.068	49	0	4.719
HERVK9-int	-0.238297727512287	0.884	27	10	11.796
MER9a2	0.166907516528787	0.964	10	4	3.563
MER102a	0.174621396107069	0.508	34	37	32.782
MER67A	-0.748747453626121	0.68	16	3	5.041
MER2	-2.49575200528048	0	34	18	101.524
HERV16-int	-0.379867365991558	0.44	122	18	23.422
X24_LINE	-0.284040263954096	0.862	1930	5	6.088
L1MEc	-2.224670595059	0	916	48	224.354
MER63B	-0.255638060742692	0.51	322	22	26.265
MER4A1_	0.470785880288489	0.526	72	7	5.051
MLT1G1	-0.495558731110336	0.09	627	30	42.296
AluYa5	-2.10480629803063	0	349	10	43.014
L1MD	-3.636885586997	0	367	8	99.518
LTR12C	0.31631128860996	0.12	229	58	46.581
LTR13A	0.136590106109103	0.982	257	3	2.729
Tigger19b	-0.00405661689682447	1	190	38	38.107
L1MEf	-3.69894580601082	0	284	11	142.852
L1M4a2	-2.3674269829773	0	114	5	25.801
MER49	0.475849086427395	0.21	132	23	16.538
L1ME2	-2.20613755231686	0	5931	34	156.889
MER50	0.908113736877959	0	124	59	31.44
AluSx4	-0.198735912339421	0.13	88	117	134.28
L1PB1	-1.72523694835925	0	248	61	201.687
MamRep1151	-2.8293421939028	0.002	327	2	14.215
MER41B	1.53503306928761	0	439	98	33.817
MER30	-0.293958979028695	0.292	258	37	45.362
Arthur1B	-1.11847047673351	0.014	286	12	26.054
LTR46	1.99528616194611	0.002	43	11	2.759
MER9a1	0.153286059328523	0.912	68	5	4.496
LTR13	-2.79368783654075	0.02	440	1	6.934
LTR13_	1.5649048483799	0.294	81	2	0.676
MER54A	0.0266948666654199	1	449	9	8.835
MER68	-0.674460651560259	0.172	368	11	17.556
L3b	0.369174150578023	0.012	722	133	102.972
MER4B	0.793426231522522	0.01	65	36	20.771
MER4B-int	-1.15366123949073	0.098	2403	9	20.023
AluYe5	-1.53336399833981	0.006	507	5	14.473
LTR16B1	0.0173127555866075	1	137	14	13.833
AluSq4	0.169126587656681	0.612	1398	21	18.677
AluYc3	-0.653977178636337	0.522	141	4	6.294
AluYh3	0.70702197908409	0.146	393	12	7.351
MER20	0.193734166512232	0.112	254	209	182.737
hAT-1_Mam	-0.907830712667335	0.166	188	9	16.886
MER63D	-0.911653237308532	0.078	100	10	18.812
MER66C	-0.753818443173543	0.466	279	4	6.745
AluYk3	-0.718066702422209	0	19	42	69.089
MER66-int	-1.80598027208139	0.112	60	3	10.49
7SLRNA	0.418504128998623	0.258	725	20	14.964
AluYh9	-Inf	0.45	1829	0	1.52
MER74B	-0.153027043464823	0.92	530	10	11.119
LTR5_Hs	3.03398608615679	0	267	78	9.523
LTR2B	2.13958892307135	0	790	18	4.085
Harlequin-int	1.33599055049312	0.006	538	25	9.903
LTR75	0.189762569409275	0.908	461	4	3.507
AluYa8	-1.01506932171765	0.454	576	2	4.042
LTR10A	-0.974162167796599	0.57	164	2	3.929
HERV9N-int	-1.11236652307256	0.492	23	2	4.324
HERVIP10F-int	-0.571676809970931	0.792	818	4	5.945
MER131	-1.90778799336138	0.006	895	3	11.257
HUERS-P1-int	-Inf	0.016	852	0	7.675
LTR7B	0.663716612135568	0.162	382	16	10.1
L1M1	-0.611127640766907	0	834	95	145.108
Charlie22a	-1.29254618795034	0.052	686	5	12.248
MER65A	-0.86067592930663	0.112	1568	9	16.343
MER65-int	-3.73422186622078	0.006	1642	1	13.308
MER52A	-0.124202074882336	0.792	778	21	22.888
MER52C	1.01264605649417	0.06	10162	11	5.452
MER83	0.234222804255579	0.78	9331	7	5.951
MER113	-0.340519111390235	0.234	459	33	41.785
LTR26B	0.893428335801956	0.476	128	3	1.615
LTR42	0.851670146188281	0.214	213	7	3.879
MER4D	0.421434493267754	0.312	452	22	16.427
L1M4c	-2.72605268642114	0	7486	7	46.315
L1M4a1	-4.04518082938843	0	673	2	33.018
Tigger1a_Art	-1.76128527336162	0.442	589	1	3.39
MER65B	-Inf	0.302	1090	0	2.325
AluYi6	-2.28243980500639	0.106	532	1	4.865
L1P5	-Inf	0.004	498	0	8.639
OldhAT1	-0.318011476736343	0.204	811	36	44.878
L1MC5	-1.25561295038775	0	694	70	167.138
ORSL-2b	-0.398532793693352	0.756	20797	6	7.909
AluYm1	-0.41781201761461	0.09	2713	40	53.436
Tigger1	-2.77197006769819	0	2113	25	170.76
Tigger16a	-0.282365666665669	0.562	4399	16	19.459
Arthur1A	-0.627139870965551	0.294	3723	8	12.356
L1MEb	-2.76906643733323	0	46104	3	20.45
Tigger15a	-0.545446752639693	0.034	5437	36	52.541
X26_DNA	-1.03984026453179	0.158	740	5	10.28
Charlie15b	-0.931373617100373	0.098	3102	11	20.978
Tigger2	-2.61223453031228	0	1753	6	36.687
MER44A	-1.16944402292781	0.004	4356	12	26.991
MER119	-0.963896829820538	0.146	5240	7	13.654
X7A_LINE	-0.487192311837911	0.458	7599	7	9.812
MER1B	-0.711170278236162	0.002	9329	38	62.211
Charlie1	-1.46897423830468	0.004	10977	8	22.146
LSU-rRNA_Hsa	-2.20695573238728	0.176	6355	1	4.617
LTR16E1	0.0516053770062825	0.908	4601	29	27.981
ERV3-16A3_I-int	-0.813650328589083	0.002	3535	49	86.125
ERV3-16A3_LTR	0.89805766147301	0.02	5653	23	12.342
MLT2D	-1.2693181795572	0	8860	21	50.62
L1MB2	-2.16838797992257	0	11543	24	107.885
Charlie2b	-2.57437835714699	0	17080	7	41.693
MER81	0.982565634685973	0	6361	76	38.462
MER89	-0.403085896762037	0.5	9323	12	15.868
MER91B	0.586782698747547	0.088	18216	23	15.314
MER31A	1.44861847898059	0	9583	43	15.754
MLT1A0	-0.78912149971321	0	10120	137	236.739
MSTB	-1.39574111378399	0	23879	38	99.987
LTR18B	1.41824705575473	0.016	17029	12	4.49
Charlie8	0.114305503643502	0.64	8093	52	48.039
MER46C	-0.0607852643449835	0.934	13334	30	31.291
LTR81B	-0.207779293843574	0.818	6531	11	12.704
LTR40a	-0.750361492303116	0.066	13567	14	23.551
LTR81	1.60423921067814	0.004	24233	11	3.618
MER58B	-0.04434282262283	0.874	10189	75	77.341
MER74A	0.20325124165588	0.6	14811	22	19.109
MER63A	-0.18858710042271	0.54	18323	34	38.748
LTR52	-1.03796785019902	0.102	7351	6	12.32
Kanga1	-2.18380407885444	0.036	2184	2	9.087
MLT-int	0.808121557453639	0.24	3320	8	4.569
Charlie16	-1.42876772708436	0.026	8747	6	16.153
MLT2C1	-0.646550752265218	0.1	7120	19	29.743
Tigger3c	0.139235797371172	0.696	11235	29	26.332
MER91A	1.24112052167933	0	5553	91	38.497
MLT2B1	-1.35769274848834	0	7208	20	51.255
MER47B	-1.8543946777531	0.072	1016	2	7.232
L1MB7	-2.10108304900221	0	32075	67	287.451
AmnSINE2	0.902804128611091	0.048	13123	13	6.953
MamRTE1	-0.0983529354079225	0.608	7469	89	95.279
THE1A	-2.4466973535869	0	9350	9	49.065
MER45B	-0.64643918561433	0.3	16176	10	15.653
LTR81C	-0.268691032381808	0.832	8464	7	8.433
MLT1J	-0.984637536814485	0	3352	87	172.157
Tigger2a	-1.2628089671208	0	14582	16	38.394
MER66B	-1.20762516539121	0.028	4406	7	16.167
LTR41C	-3.13043671156134	0.01	4645	1	8.757
MER34C_	-0.861558419572028	0.386	4641	4	7.268
MER58C	-1.07308195816143	0.01	19078	13	27.351
LTR26	-1.86710572950265	0.076	29875	2	7.296
BC200	-1.29670211859919	0.134	25168	3	7.37
LTR40c	0.489038080722621	0.388	9612	10	7.125
MER34	-0.943921326553486	0.104	3487	8	15.39
LTR19A	-0.750177705593057	0.55	368	3	5.046
L1MCc	-1.04301288896009	0.014	1753	19	39.15
AmnSINE1	-0.118067303035874	0.758	18334	25	27.132
MSTA-int	-2.40886279423466	0	17206	9	47.795
HERVL-int	-1.42304025336151	0	11747	16	42.904
LTR27C	-0.590721770009841	1	13699	1	1.506
Tigger2b_Pri	-2.02626890819055	0	1034	6	24.441
MER117	0.256208084720995	0.26	761	56	46.888
LTR106_Mam	-1.85359650620251	0.104	3089	2	7.228
MLT1H-int	-1.28406988534516	0.134	5382	4	9.741
MER75	-Inf	0.012	2432	0	5.776
MLT2B4	-1.5664092755328	0	170	18	53.31
Tigger17c	0.0525208540333253	1	3334	4	3.857
Tigger17d	-0.923339371632151	0.586	1647	2	3.793
Charlie25	-1.69510298564048	0.052	3541	4	12.952
MER51A	-0.357896020952721	0.664	88	9	11.534
MER96	1.10085104435314	0.002	3933	29	13.521
LTR40b	0.120070230139762	0.868	592	14	12.882
MLT1E2	-1.32241397349459	0	158	19	47.516
ERVL-B4-int	-1.35769945023493	0	107	21	53.818
MER107	-0.919912088677308	0.794	162	2	3.784
Arthur1C	0.233711100435904	0.718	199	9	7.654
MER45C	0.899695094204315	0.026	809	26	13.936
THE1C-int	-4.83895176695194	0	7337	1	28.62
MER121	-1.78045009176979	0.018	4243	3	10.306
L1PA12	-1.45353221167885	0	1835	9	24.649
AluYg6	-0.380096131969722	0.628	9214	7	9.11
LTR16A1	0.221184002559741	0.402	3079	36	30.883
MSTB-int	-0.751356596974614	0.23	8639	8	13.467
L1MDa	-3.16374023467569	0	1519	10	89.615
L1ME3Cz	-2.25857922418429	0	14511	35	167.482
L1ME2z	-1.82041726403769	0	4850	24	84.764
L1PA15	-2.90531691716759	0	5114	17	127.361
tRNA-Gly-GGA	1.0086822430998	0.544	11102	2	0.994
UCON16	-Inf	1	12283	0	0.437
Eulor10	-Inf	1	11650	0	0.436
L1MA10	-3.91647664443772	0	6196	4	60.4
X30_DNA	-0.219976092959487	0.838	13418	7	8.153
L1MC2	-2.86186515905897	0	8382	11	79.965
MamTip2b	0.282890572521448	0.074	2467	87	71.509
UCON80_AMi	0.396561576117946	0.802	1911	3	2.279
L1ME3C	-2.27220986112457	0	13410	8	38.645
L1MEh	-1.21942153472019	0.006	2963	15	34.928
L1MA5A	-1.88694027578559	0	3726	12	44.382
LTR10B2	-0.371837617330421	1	7713	1	1.294
LTR21C	1.96015973546821	0.462	2222	1	0.257
LTR62	0.0630323398119264	1	468	4	3.829
THE1D-int	-3.63494170342895	0	336	3	37.269
MER44C	-0.99287199453487	0.096	8315	7	13.931
Charlie4a	-1.11636475669178	0.014	55157	15	32.52
MER34C2	0.277752582248153	0.672	949	8	6.599
MER39	0.295504718324087	0.278	42	47	38.295
AluYh3a3	-0.837539634379404	0.954	557	1	1.787
MADE2	-1.77415450668481	0	11	8	27.363
MSR1	1.39359421782681	0.02	1749	13	4.948
Helitron3Na_Mam	-0.635522241459754	0.366	170012	8	12.428
LTR5B	2.46664186530882	0	93700	34	6.151
LTR45C	-Inf	0.036	129292	0	4.76
Tigger3d	-1.82028109650187	0.072	28368	2	7.063
LTR8A	-0.0738605483645636	1	53617	17	17.893
LTR38	0.37753813261727	0.724	46112	4	3.079
LTR38-int	-Inf	0.69	9843	0	1.335
HERVK13-int	-Inf	0.934	6659	0	1.122
LTR3B_	0.930068743247834	0.292	3332	6	3.149
MLT1E1	0.109598207496175	0.868	5094	13	12.049
LTR78B	0.21771126521854	0.488	745	42	36.117
L1MB1	-5.30308662664646	0	2331	2	78.962
Tigger4a	-0.861785258415403	0.004	559	21	38.163
L1MD2	-2.34722468669789	0	1421	27	137.388
MER115	0.688800184120981	0.02	852	46	28.537
L1MEi	-3.95712526383077	0	1133	4	62.126
MER77	0.546556857787166	0.15	143	23	15.747
LTR3A	3.24504500491046	0	454	19	2.004
MER77B	0.29932666595023	0.492	104	19	15.44
LTR33C	-2.4266673111036	0.002	252	2	10.753
LTR85c	-0.361992885921963	0.596	1176	10	12.852
Kanga1a	-Inf	0	528	0	9.707
Kanga1d	-2.89840185999219	0.022	762	1	7.456
LTR105_Mam	-1.33514020631421	0.168	621	3	7.569
MLT2B2	-0.772139031221353	0.074	1986	15	25.617
LTR40A1	-Inf	0.006	682	0	6.443
HERVL40-int	0.747512572235821	0.108	664	27	16.082
MER85	-3.23588020404933	0	427	1	9.421
MLT1J1	-0.709504530724159	0.014	86	33	53.963
MER92B	-1.61698495572	0.082	54	3	9.202
LTR10E	-1.84639302085236	0.346	44	1	3.596
MER63C	-2.44307615136267	0.026	67	2	10.876
LTR16E2	0.072645301831766	0.822	182	28	26.625
MLT1E1A	-0.605786059969498	0.066	27	26	39.567
L1PA13	-2.44133961014614	0	327	24	130.355
Kanga1b	-1.09693648250296	0.542	82	2	4.278
MLT1F1	-0.357930525901531	0.268	171	29	37.166
L4_B_Mam	-1.03237516821943	0.002	107	18	36.817
MamRep4096	0.754848299026528	0.048	539	23	13.63
L1ME5	-0.989466029630788	0.004	182	20	39.709
MER21B	-0.103077946597572	0.818	293	32	34.37
L1P2	-3.19760332616966	0	450	3	27.523
LTR85a	-0.538892852025171	0.25	131	14	20.34
Tigger19a	-0.743224584637889	0.018	791	23	38.5
HAL1ME	-2.37795663381011	0	557	16	83.168
LTR24C	-0.538703695732663	0.802	178	3	4.358
L1MA1	-2.01816678914914	0	2781	16	64.811
MSTC	-1.21963320643597	0.002	502	16	37.262
AluYb8	-1.76279763153289	0	115	9	30.542
MER21A	2.07385023023309	0	653	101	23.99
X6a_DNA	-0.837943241891027	0.18	524	6	10.725
MSTB2	-2.64324050853594	0	48	3	18.742
MLT2A2	-1.37730887617207	0	210	18	46.761
MER48	0.332789087519129	0.828	96	3	2.382
HERVH-int	0.357302481085081	0.136	144	114	88.991
L1PA17	-1.90299288735946	0	368	17	63.578
L1PB4	-2.35121171783831	0	137	19	96.948
LTR53B	-Inf	0.274	311	0	2.289
MER61B	-0.25368678273227	0.982	3080	4	4.769
L1ME3F	-2.94745242815491	0	4295	7	53.997
tRNA-Leu-TTA	3.13289427049735	0.212	2734	1	0.114
MLT1A0-int	-0.448313654153142	0.552	1849	9	12.28
LOR1a	-2.32912359629157	0.008	702	2	10.05
LTR33A_	0.582675900928803	0.082	1203	29	19.364
MER57B1	-1.56413424345824	0.02	1681	4	11.828
AluYh7	-1.29777835515853	0.288	6765	2	4.917
LTR16A2	0.966609231815541	0	1137	41	20.98
LTR53	0.0528949484321256	1	214	6	5.784
X17_LINE	-0.505165045417341	0.44	314	7	9.935
MER90	0.137118856359071	0.876	2540	9	8.184
LTR50	-0.50196680842642	0.224	2368	21	29.739
LTR1A2	-0.13303737874735	0.982	855	10	10.966
LTR89B	-2.01095882207224	0.038	198	2	8.061
MER11A	-2.24681342405902	0	371	3	14.239
LTR81AB	0.00529960370514874	1	77	3	2.989
LTR1B1	-0.194087052116302	1	229	2	2.288
MER61D	0.963438057049699	0.23	457	6	3.077
MER61A	-1.62667275260599	0.036	287	3	9.264
Arthur1	-1.4418552602936	0.004	140	10	27.167
X7B_LINE	-1.32019582126613	0.072	367	4	9.988
LTR8	1.08885812095042	0	851	90	42.312
Eutr15	-1.8108543624115	0.134	349	2	7.017
L1MA6	-2.84239560372474	0	92	10	71.721
MamRep434	-0.624865137231119	0.118	174	15	23.131
L1PB2	-2.79153626919863	0	64	6	41.542
L1P3	-2.60077522678207	0	72	8	48.529
EUTREP8	0.0533938919061936	1	65	3	2.891
CR1_Mam	-1.63745568279672	0	306	6	18.667
MER45R	-0.903038270112912	0.362	310	4	7.48
Tigger17a	-0.554245019550098	0.144	300	20	29.368
MamTip1	0.799621202015974	0.098	136	14	8.043
LTR101_Mam	-0.133344321145852	0.898	234	12	13.162
MLT1G	-0.300525095439449	0.41	137	27	33.253
Tigger11a	-1.18459768415576	0.444	897	2	4.546
MER110	-3.14355668413114	0.014	94	1	8.837
MLT1N2	-0.347839178807852	0.138	36	49	62.36
LTR66	-2.05658352836637	0.276	22	1	4.16
HERVL66-int	-0.504874589398465	1	109	1	1.419
MER54B	-0.345112464135626	0.906	170	4	5.081
MER70A	0.668180151977398	0.242	154	10	6.293
MLT1E	-2.40789654874953	0.018	156	2	10.614
L1MD1	-2.82595779518255	0	39	13	92.181
MamGypsy2-I	-0.996666856335883	0.034	17	13	25.94
LTR90B	-0.944108799107955	0.366	113	3	5.772
MER20B	-0.936559422850227	0.002	82	24	45.935
MamSINE1	-0.741994554090836	0	118	37	61.882
LTR16D	-2.08258905834133	0.01	878	3	12.707
MLT1F	-0.332851122072154	0.224	203	40	50.38
LTR24	1.62350754438292	0.014	314	11	3.57
LTR24B	0.691406131415724	0.34	462	8	4.954
MER57A1	-2.0507918905566	0.006	377	3	12.43
LTR10C	-1.67333027851733	0.13	315	2	6.379
MLT1J-int	-1.75197780658764	0.01	622	5	16.841
MADE1	-2.42536978256366	0	610	15	80.575
MLT2A1	-3.079122064434	0	137	5	42.255
LTR48B	-0.260748328396448	0.728	316	10	11.981
MER34-int	-0.00604663011841485	1	229	5	5.021
LTR49-int	-3.81075155876013	0	124	2	28.066
tRNA-Glu-GAA	0.0335695326937017	1	322	1	0.977
MER70B	-0.656529058413403	0.428	233	7	11.034
MER121B	-Inf	0.912	151	0	0.823
LFSINE_Vert	-0.295076458273986	0.428	119	20	24.539
Tigger9b	-1.58512279126528	0.108	272	3	9.001
UCON49	-Inf	0.606	222	0	1.189
Kanga2_a	-3.14917805713085	0	140	2	17.743
MamGypLTR1a	0.108760301205355	0.884	264	13	12.056
Tigger23a	-1.6617495998107	0.122	228	2	6.328
L1MEj	-1.6209512736251	0	730	9	27.682
L4_A_Mam	-0.886862258532654	0	354	40	73.966
MamRep38	0.702039266613509	0.01	313	37	22.744
L1PB3	-1.45373243047859	0	97	19	52.044
LTR23	1.23107466443625	0.002	149	22	9.372
ERV24_Prim-int	-2.43215768731055	0.186	251	1	5.397
LTR23-int	-1.03843618165611	0.936	1235	1	2.054
MER34B	-1.94673086014031	0.082	9406	2	7.71
LTR54	-0.187767747046025	0.858	2229	11	12.529
MER34C	-1.12234140752612	0.786	1779	1	2.177
MER75A	-Inf	0.794	1635	0	0.971
LTR16A	0.123522900399896	0.63	944	53	48.651
L1M6	-3.94815694491778	0	271	4	61.741
MER44D	-0.323273982275733	0.826	117	6	7.507
MER34A1	-0.573374526445944	0.532	95	6	8.928
L4_C_Mam	-1.28366414819249	0	206	23	55.995
MamRep1879	0.414121793097109	0.256	505	21	15.76
MER94	-0.641112461829298	0.008	1395	32	49.905
X12_DNA	-1.03522170871309	0.062	2029	7	14.346
LTR16B2	0.0894208244572394	0.86	2097	20	18.798
Zaphod3	-0.0380038810937637	1	258	13	13.347
MER58D	-0.434502206381021	0.5	116	9	12.163
MamTip2	0.334711191993456	0.078	164	70	55.506
LTR33A	-0.930315201094154	0.02	236	13	24.774
MER41A	0.721257213132583	0.002	132	51	30.935
LTR8B	0.359521447868976	0.336	1297	26	20.265
MER5C	-1.31353610328052	0.024	197	6	14.913
UCON63	-Inf	1	179	0	0.149
MLT1C2-int	-0.4154882710497	0.844	90	4	5.335
Tigger13a	-3.59534451924828	0	276	3	36.26
LTR16D2	-Inf	0.064	107	0	3.625
ORSL	-0.294172917642698	0.672	2032	11	13.488
MARNA	-0.783875677029723	0.026	580	20	34.435
MLT1G1-int	-1.89375050172057	0.382	1142	1	3.716
LTR84b	-0.831674601253017	0.218	610	8	14.238
LTR1C	1.2827897009804	0.416	1199	2	0.822
THE1A-int	-3.57742882803575	0	868	2	23.875
LTR91	-1.52306006179525	0.01	766	6	17.244
LTR41B	-0.6959938131099	0.47	338	6	9.72
LTR91A	-1.06398075258737	0.016	470	13	27.179
AluSq10	-0.65460218191297	0.13	182	11	17.316
X12_LINE	0.771027430239839	0.428	250	4	2.344
MER105	-0.935082523318662	0.274	233	4	7.648
LTR19B	-0.654435540845399	0.832	177	2	3.148
HERVIP10FH-int	-0.286171451107019	0.934	448	5	6.097
Charlie16a	0.382419400994733	0.302	473	20	15.343
FordPrefect_a	1.22479891904354	0.092	260	7	2.995
MER11C	-3.70465067524035	0	82	1	13.038
LTR85b	-1.39055763597413	0.04	696	5	13.109
LTR71B	1.96390699742142	0.004	287	12	3.076
LTR16D1	0.308763635688914	0.864	43	3	2.422
L1MA3	-1.04302058903317	0	175	67	138.056
X9_LINE	0.565118280592865	0.31	122	10	6.759
Charlie18a	-1.05225535984624	0.004	105	13	26.959
MER51E	-1.50994914630431	0.596	1009	1	2.848
MER91C	1.35201623135507	0	1026	43	16.845
LTR86A1	-0.652601217596519	0.566	1584	4	6.288
U2	-1.85625536254096	0.01	2333	3	10.862
LTR83	-1.49654756739976	0.146	25	3	8.465
LTR75_1	0.355682221662423	0.884	701	2	1.563
MER72	0.243908325871587	0.702	2597	11	9.289
L2-3_Crp	-1.07389638303917	0.02	416	9	18.946
UCON88	1.50635266602479	0.61	1109	1	0.352
Charlie32a	0.816545245825058	0.32	176	5	2.839
MLT1D-int	-1.87204072453461	0.108	516	2	7.321
MER52D	0.210137988476556	0.742	354	11	9.509
L1M	-Inf	0.002	198	0	7.949
X15_LINE	-0.361768359419153	1	1137	2	2.57
LTR12E	0.310253561506444	0.934	884	2	1.613
MamRep564	-0.306345577107124	0.722	425	7	8.656
LTR21B	-Inf	1	1050	0	0.359
HERVFH21-int	-Inf	0.546	282	0	2.049
LTR14B	1.15136203809529	0.046	387	10	4.502
AluYk4	-1.31010740909606	0.038	76	5	12.398
Cheshire	-Inf	0	116	0	12.141
MamRep605b	-0.0256241821027016	1	306	25	25.448
LTR12	-1.79341039518587	0.016	469	3	10.399
MER101	-0.501481607964159	0.844	38	3	4.247
X7C_LINE	-0.372506408986169	0.742	254	5	6.473
LTR36	-0.976974558901276	0.42	200	3	5.905
MER126	-0.510455621661764	0.918	326	2	2.849
MER130	0.99495938329947	0.282	384	4	2.007
UCON22	-Inf	1	477	0	0.385
MLT1M	0.544596057212933	0.052	435	36	24.681
LTR71A	0.572751416770282	0.652	3787	3	2.017
U13_	-0.0351546643075281	1	356	3	3.074
Penelope1_Vert	-0.343439408050372	0.604	147	9	11.419
Tigger14a	-2.80343371146442	0	329	2	13.962
Charlie7a	-1.9468244170964	0.002	163	4	15.421
MamRep137	-1.05391335355103	0.012	2427	13	26.99
Charlie29a	-1.89840185999219	0.022	162	3	11.184
Charlie17a	-0.254044256417407	0.692	170	11	13.118
MER94B	0.77259496866122	0.136	251	11	6.439
Eulor2A	-Inf	0.944	161	0	0.738
UCON20	-Inf	1	163	0	0.484
CR1-3_Croc	-0.00914238942840657	1	229	14	14.089
LTR86A2	-1.77568270173906	0.354	311	1	3.424
MER102b	0.0635348021734319	0.862	130	36	34.449
X5B_LINE	-Inf	0.936	204	0	0.763
X20_LINE	-0.843983844048327	0.938	207	1	1.795
U1	-1.07244885006969	0.768	105	1	2.103
Mam_R4	-0.627840265043983	0.568	4897	4	6.181
MLT2C2	-2.36391863593687	0.002	3301	3	15.443
Ricksha_c	-1.90573597766703	0.022	4095	3	11.241
MLT1G3	-0.138181747553488	0.736	888	29	31.915
X9a_DNA	-2.93281710274185	0.01	332	1	7.636
CR1-16_AMi	-Inf	0.086	258	0	3.351
MER96B	-0.457084366383181	0.302	3504	17	23.337
LTR1F	-0.819668183496456	0.98	401	1	1.765
UCON57	-Inf	1	513	0	0.229
Charlie24	-0.635883347259155	0.296	336	9	13.985
MER75B	-Inf	0.66	853	0	1.277
5S	0.561314936627995	0.178	275	19	12.876
MER90a	-1.83055957253426	0.012	1161	4	14.227
L1MA4A	-2.77723760942422	0	739	13	89.12
Tigger3b	-0.451353068834611	0.05	1049	59	80.672
tRNA-Glu-GAG_	0.114035243246029	1	1162	1	0.924
Zaphod	-1.73682131744816	0.006	736	8	26.664
MER84	0.310074689143573	0.762	702	5	4.033
MER84-int	-0.778208576398088	1	1302	1	1.715
HY1	0.760601958433444	0.216	1893	8	4.722
MARE4	-0.70310069960416	0.74	1200	2	3.256
Charlie10	0.305788392232109	0.556	1186	16	12.944
LTR9D	-0.639695233399582	0.428	554	6	9.348
SVA_F	-0.954674913217266	0.116	308	7	13.567
Charlie26a	-1.48284828306847	0.22	302	2	5.59
Charlie21a	-Inf	0	285	0	8.579
MamGypLTR2c	-0.0583479848257095	1	301	11	11.454
EuthAT-2	-Inf	0	718	0	13.525
LTR29	0.151824993939745	0.848	912	9	8.101
SVA_B	-0.906890595608518	0.138	1640	6	11.25
MamGypLTR1b	-0.586244326696986	0.34	1044	9	13.512
Charlie10a	-0.76000798683207	0.724	1101	2	3.387
Tigger16b	0.0131470267386914	1	749	14	13.873
LTR86C	-0.749748778864496	0.802	1481	2	3.363
U5	-1.11902410314227	0.704	1644	1	2.172
L2-2_Mam	-0.544732655932624	0.618	850	4	5.835
Charlie2a	-1.76231843959973	0	407	7	23.747
MER104	-0.847503593149258	0.066	536	13	23.392
SVA_A	-0.828631581688019	0.124	1592	8	14.208
Kanga11a	-1.26723614181241	0.122	2468	4	9.628
MER5C1	-1.12917309313518	0.256	491	3	6.562
Charlie23a	-0.966891849203124	0.074	709	8	15.637
Tigger9a	-1.93180910616573	0.034	172	3	11.446
Charlie17	-0.271664710977234	0.968	755	5	6.036
L1MCb	-1.92529416968319	0	8005	7	26.587
SVA_C	-0.931304843650669	0.28	2711	4	7.628
X32_DNA	-Inf	0.054	564	0	3.448
L1MCa	-2.14899606465136	0	695	21	93.139
MARE8	1.0991235338421	0.182	1103	5	2.334
MER51B	0.258252591724484	0.684	1224	10	8.361
HERV9-int	0.0148639326319904	1	1168	8	7.918
LTR47A	-0.416839741912829	0.672	777	6	8.01
MER9a3	-1.25701061820602	0.176	879	3	7.17
LTR82A	-1.28166857997285	0.106	1055	5	12.156
LTR21A	-0.0922074380970889	1	680	1	1.066
LTR77	-Inf	0.628	1350	0	1.262
LTR61	-Inf	0.358	724	0	1.999
MER106B	-0.784922701562861	0.348	2302	5	8.615
LTR56	-0.0223839549805656	1	916	11	11.172
MER4C	0.0104976391376187	1	1278	8	7.942
MER41E	-0.492622328574446	0.846	2500	3	4.221
AluYe6	-1.11769504266975	0.714	1314	1	2.17
HERVFH19-int	-Inf	0.546	1507	0	1.768
MER110A	0.1707593007007	0.86	709	8	7.107
AluYd8	-1.32077347694587	0.552	2167	1	2.498
MER11D	3.62553853495263	0	1282	45	3.646
Tigger10	-0.875168436902635	0.144	2142	9	16.508
hAT-N1a_Mam	-1.33428222529524	0.226	503	2	5.043
MamGypLTR3a	0.192839066787772	0.668	804	17	14.873
Eutr10	0.63684541751619	0.194	3594	17	10.933
LTR26E	0.441242569626238	0.824	2391	2	1.473
MamRep488	-0.0791562066176435	1	9028	5	5.282
MLT2B5	-1.0496307677246	0.5	49	2	4.14
Charlie7	-2.68382475944397	0	5945	7	44.979
Zaphod2	-0.404280331269545	0.694	774	7	9.264
LTR9	-1.32236083849133	0.1	460	4	10.003
LTR60B	0.488531960724134	0.664	5279	4	2.851
LTR2	1.76583934746952	0	6841	36	10.586
MER57C1	-1.05172011644733	0.83	1176	1	2.073
MER21-int	1.15778544603906	0.016	836	30	13.446
AluYi6_4d	-Inf	1	81	0	0.524
Tigger4	-3.19692173382033	0	13	2	18.34
MER47C	-1.9701173976055	0.042	312	2	7.836
ORSL-2a	-0.445020365494558	0.878	187	3	4.084
7SK	-0.707171362421386	0.362	218	5	8.163
LTR1D1	-2.06729452146853	0.176	29	1	4.191
LTR51	0.288945678187934	0.736	3187	6	4.911
Kanga1c	-2.14323013477689	0.016	370	2	8.835
Zaphod5a	0.172993990361023	1	1253	1	0.887
X7D_LINE	1.72499295250013	0.25	269	2	0.605
MER106A	-2.97819562968165	0.012	3088	1	7.88
LTR84a	-1.38919966707544	0.164	3205	3	7.858
UCON14	-Inf	0.784	3172	0	1.079
UCON70	-Inf	1	9080	0	0.616
UCON29	-Inf	0.174	2260	0	2.531
Charlie13a	-2.73552217729654	0.048	730	1	6.66
MLT2F	-0.153091917221647	0.82	740	20	22.239
L2-1_AMi	-0.161636912842319	0.926	834	9	10.067
UCON105	-0.440420720756767	0.648	361	5	6.785
UCON81	-Inf	1	802	0	0.431
UCON73	-Inf	0.12	412	0	2.594
MamTip3	-1.07940655794538	0.1	633	6	12.679
Charlie4	-0.95769177138088	0.254	4569	5	9.711
LTR26C	1.46434513950321	0.04	3816	10	3.624
MER2B	-1.87905222378373	0	2109	6	22.07
EutTc1-N2	-Inf	0.414	2559	0	1.928
X5a_DNA	-2.08236196955747	0.154	4434	1	4.235
Charlie13b	-1.11370049916473	0.452	1221	2	4.328
LTR16	0.231652981711636	0.346	992	41	34.918
LTR43B	0.535854543308814	0.654	562	4	2.759
LTR103_Mam	-0.0182780850243496	1	885	8	8.102
MamGypLTR4	-0.655168617609592	0.484	267	5	7.874
LTR47B2	0.983503680103804	0.342	941	4	2.023
X1_DNA	-0.616734084956271	0.566	70	5	7.667
X33a_DNA	-Inf	0.982	48	0	0.764
Tigger22N1	-1.97232504155715	0.01	765	3	11.772
HY3	-1.51146803927587	0.162	138	2	5.702
ERV24B_Prim-int	-2.2806594324552	0.222	276	1	4.859
HSMAR1	-Inf	0	213	0	9.745
MER34B-int	-2.854993016757	0.116	125	1	7.235
LTR75B	-Inf	0.212	181	0	2.3
MamRep1894	0.124809714840205	0.904	1137	8	7.337
LTR27B	0.135269077685249	1	37	2	1.821
LTR1C1	1.0938790470029	0.484	54	2	0.937
MER67B	0.318839913099792	0.694	41	7	5.612
X6b_DNA	-0.570740479130185	0.382	90	7	10.397
UCON34	0.13764780046798	0.996	822	4	3.636
U3	-Inf	0.16	29	0	2.39
Eutr11	-Inf	0.016	3307	0	6.674
X4b_DNA	-1.34861013753987	0.136	5525	3	7.64
MER97c	-1.35670725293538	0.696	9338	1	2.561
MLT2E	-1.16414264884831	0.39	17280	2	4.482
LTR65	-0.419538891513784	0.854	4240	4	5.35
HSMAR2	-Inf	0	1094	0	23.524
Tigger8	-1.07477942649661	0.178	2062	5	10.532
MER52-int	-0.83814500331236	0.478	2871	4	7.151
LTR22B1	0.695099619355978	0.548	5724	3	1.853
HERV4_I-int	-Inf	0.112	2101	0	4.588
Zaphod4a	-1.17216745005327	0.564	11144	2	4.507
MER68-int	-Inf	0.086	4256	0	4.509
MER70C	-0.648005179810493	0.856	255	2	3.134
LTR102_Mam	-2.64846544302731	0.086	1194	1	6.27
LTR10F	1.01847942060766	0.118	1379	11	5.43
MER6	-1.73638840070346	0.046	1525	3	9.996
U13	-0.811471030529836	0.942	9845	1	1.755
Tigger6a	-Inf	0.002	1355	0	8.567
PRIMA4-int	-0.444932048942182	0.832	423	4	5.445
HERVK-int	-0.193456365749585	1	1513	4	4.574
MER41G	-0.372952097911829	1	804	1	1.295
L1HS	-3.50500167110221	0	668	2	22.706
LTR44	-Inf	0.244	641	0	2.639
LTR45B	-0.260928939956876	0.984	206	4	4.793
MER57A-int	-3.60727112504662	0	685	2	24.374
LTR45	-Inf	0.39	613	0	2.012
L1M3f	-3.32077347694587	0.014	254	1	9.992
LTR57	-Inf	0.122	3390	0	3.127
HERV3-int	1.03570406168168	0.198	1222	9	4.39
Tigger6	-Inf	0.242	3127	0	2.683
GSATII	0.557454543894696	0.608	1776	4	2.718
HERVE-int	2.43386510701659	0	2640	29	5.367
LTR1C3	1.44026347556702	0.392	2941	2	0.737
LTR7Y	-0.575796375329082	0.888	863	2	2.981
HERV9NC-int	0.415759027196303	0.552	488	8	5.997
LTR12D	-1.19534759832222	0.198	365	3	6.87
LOR1b	-3.71402566167044	0	120	1	13.123
LTR88a	0.159454368005247	0.794	2404	11	9.849
MER6B	-2.87695889606957	0.012	2176	1	7.346
LTR10B	-Inf	0.772	1126	0	1.011
LTR14A	0.35015464769399	0.914	657	2	1.569
UCON58	-1.31324585178756	0.652	3563	1	2.485
MamTip1b	-0.276794404789259	0.948	1331	4	4.846
MER6C	-Inf	0.45	1235	0	1.566
LTR22A	2.88973222033132	0	661	14	1.889
Tigger18a	-1.01506932171765	0.128	2870	7	14.147
MST-int	0.580461108486215	0.578	2639	4	2.675
AluYb9	-Inf	0.024	623	0	4.327
Ricksha	-2.44757919654888	0.112	791	1	5.455
Ricksha_a	-Inf	1	196	0	0.639
LTR80A	-Inf	0.042	1428	0	4.642
Charlie31a	0.179024583394838	0.806	890	10	8.833
UCON35	0.713907425634527	0.572	2314	3	1.829
LTR86B1	0.254117311097741	0.832	416	4	3.354
UCON41	-0.677395483263461	0.468	1788	4	6.397
MamGypLTR1c	0.345908217158107	0.442	1620	16	12.589
LTR82B	-1.40990681952926	0.046	697	5	13.286
LTR88b	0.315630070986993	0.404	933	22	17.677
Helitron2Na_Mam	-Inf	0.014	1373	0	4.638
MLT1F-int	-1.63876894441695	0.226	457	2	6.228
LTR55	-0.244887059123535	1	1595	4	4.74
X34_DNA	-Inf	0.628	746	0	1.089
MER6A	-0.783127336863301	0.25	1092	7	12.046
MLT1I-int	-2.30640807698255	0.038	2591	2	9.893
LTR9A1	-0.57458595908148	0.636	555	4	5.957
Tigger12c	-1.62931775908375	0.032	700	3	9.281
Tigger12A	-0.407987161759694	0.678	83	6	7.961
HERVL74-int	-0.620117165028684	0.894	621	3	4.611
UCON71_Crp	-0.488515008957812	0.968	955	2	2.806
MER135	-0.511805353993532	0.546	725	6	8.555
tRNA-Thr-ACA	1.86249647625007	0.488	192	1	0.275
LTR32	1.60770874879723	0	171	42	13.781
CR1-1_Amn	-Inf	1	242	0	0.694
X1_LINE	-Inf	0.762	501	0	0.998
LTR16B	-0.186681652861062	0.914	1465	7	7.967
MER127	0.406725916116351	0.776	399	3	2.263
UCON65	-Inf	1	664	0	0.311
X6B_LINE	-0.0354675115473725	1	6020	9	9.224
LTR10D	-Inf	0.292	774	0	2.11
PRIMA4_LTR	-2.05380644369579	0.214	438	1	4.152
MER57E2	0.182786075741673	1	1366	1	0.881
MamGypLTR1d	0.102974757517685	0.912	1976	9	8.38
CR1-L3A_Croc	-0.765959006045755	0.698	1093	2	3.401
UCON78	-0.019346088804812	1	1033	2	2.027
EUTREP2	-0.335221892186946	0.692	1145	7	8.831
MER57F	-0.22650852980868	1	195	4	4.68
DNA1_Mam	0.717066036728501	0.558	472	3	1.825
Charlie17b	-0.0377336274465149	1	464	6	6.159
U7	-0.345396375391268	1	512	2	2.541
MLT1J1-int	-0.894526770257394	0.546	80	3	5.577
MER129	-0.418999465431266	1	277	1	1.337
X6A_LINE	-0.688979591359507	0.236	424	7	11.285
MERX	-Inf	0.034	13824	0	4.7
Tigger17	0.592919224549499	0.838	7134	1	0.663
EUTREP16	-0.582395427017358	0.728	2642	3	4.492
LTR4	0.00288827932482635	1	1174	1	0.998
MER87	-Inf	0.442	35585	0	1.735
LTR49	-1.28823198594012	0.026	16237	7	17.096
MER51D	-0.822118274729345	1	25480	1	1.768
tRNA-Asn-AAC	-Inf	1	1374	0	0.495
PRIMA41-int	1.21989991552005	0.052	627	16	6.869
tRNA-His-CAY_	-Inf	1	826	0	0.363
tRNA-Gly-GGG	-Inf	1	1202	0	0.365
tRNA-Val-GTG	-Inf	1	813	0	0.382
tRNA-Gln-CAG	1.25153876699596	0.388	435	2	0.84
LTR39-int	-0.0894981508391025	1	316	2	2.128
X9b_DNA	-Inf	0.016	269	0	6.524
MER57B2	0.126468001337913	0.822	320	14	12.825
LTR54B	-0.675063155240299	0.374	167	6	9.58
LTR76	1.2222962448729	0.13	3616	5	2.143
MamGypLTR2b	-0.0816426191659345	1	2472	9	9.524
MER50C	0.974262438586392	0.544	904	2	1.018
tRNA-Met_	-Inf	1	1752	0	0.487
PABL_B	1.18114943910457	0.072	1092	10	4.41
LTR15	-0.644779219262953	0.812	1485	2	3.127
LTR38B	1.62494511818651	0.03	211	9	2.918
HERV-Fc2_LTR	-Inf	1	700	0	0.038
MER61-int	-1.7706176466562	0.018	525	5	17.06
LTR81A	-0.642162433728769	0.428	794	6	9.364
UCON44	-0.981852653289741	0.522	340	2	3.95
UCON47	-0.679874147746623	1	1486	1	1.602
UCON89	1.86249647625007	0.214	603	2	0.55
Chap1_Mam	0.425794667288142	0.532	249	7	5.211
Helitron1Na_Mam	-Inf	0.088	481	0	3.677
Helitron1Nb_Mam	-0.938850337006063	0.656	498	2	3.834
Eutr18	-0.250961573533219	0.884	1703	6	7.14
X11_DNA	-Inf	0.166	1055	0	2.824
X23_DNA	-Inf	1	1529	0	0.643
UCON11	-Inf	1	402	0	0.48
MER41-int	-1.22354611595282	0.048	475	10	23.352
LTR1F1	-0.518031492602169	0.916	165	2	2.864
X8_LINE	-Inf	0.174	1034	0	2.377
L2-1_Crp	1.23107466443625	0.666	693	1	0.426
MER4D0	-1.45680614923047	0.314	168	2	5.49
MER30B	-1.27679440478926	0.626	263	1	2.423
HUERS-P3-int	-1.12021921162499	0.26	542	5	10.869
Eutr2B	-0.60248855330617	0.768	995	3	4.555
HERV35I-int	-Inf	0.01	279	0	8.178
U4	-Inf	0.428	793	0	1.661
LTR37-int	-Inf	0	198	0	16.106
Charlie30b	-0.418135963959496	0.714	288	5	6.681
LTR28B	-1.82293404802837	0.266	1625	1	3.538
Charlie14a	-Inf	0.018	958	0	5.606
L1MEg2	-Inf	0	234	0	8.728
LTR14	0.832642072261486	0.614	485	2	1.123
HERVK14C-int	-Inf	0.776	92	0	1.313
MER66A	-1.92903347864586	0.266	124	1	3.808
MamGyp-int	-0.419179296536627	0.754	728	6	8.023
MLT1A1-int	-0.0969364825029571	1	155	6	6.417
LTR46-int	-Inf	0.776	1373	0	1.413
L1M2a	0.54877569787331	0.422	1318	10	6.836
MER4-int	-3.30815697511476	0	2006	4	39.62
L1P4e	-1.391767719956	0.638	3748	1	2.624
Charlie9	-1.0269517809053	0.09	516	7	14.264
LTR26D	-Inf	0.276	105	0	2.719
UCON86	0.329159664118438	1	150	1	0.796
LTR107_Mam	-0.249141903280347	1	277	4	4.754
UCON21	-Inf	1	156	0	0.298
Tigger20a	-0.367836977178782	0.574	364	12	15.485
Eulor1	-Inf	0.822	143	0	0.887
LTR7C	1.04208540136701	0.106	929	8	3.885
MER73	-0.142740172116082	1	166	3	3.312
L1PBa	-0.0149265442381028	1	211	35	35.364
LTR06	-Inf	0.718	113	0	1.147
LTR1E	-0.999278472082541	0.49	1436	2	3.998
LTR48	-0.200504353446521	0.836	789	10	11.491
hAT-N1_Mam	-Inf	0.166	727	0	2.558
MLT1E3-int	-Inf	1	1265	0	0.847
PABL_A	0.319000592824293	0.622	3694	8	6.413
LTR28C	-0.630405471482323	0.832	1476	2	3.096
MLT1K-int	0.789611135554597	0.438	1665	4	2.314
MER57-int	-4.17656213802124	0	1020	1	18.083
tRNA-Val-GTY	-Inf	1	156	0	0.327
LTR47A2	-0.0971612888985642	1	832	3	3.209
UCON38	0.87633380354618	0.35	125	4	2.179
Arthur2	-2.4974846313192	0.008	226	2	11.294
Tigger21a	-1.00144197417391	0.922	4852	1	2.002
Eutr5	-0.127633279725874	1	634	4	4.37
MER50-int	-0.3636383467722	0.854	141	6	7.72
X4a_DNA	-0.996388746447621	0.848	1291	1	1.995
PABL_B-int	-1.95717170724639	0.366	2245	1	3.883
LTR88c	0.33434735414143	0.508	280	14	11.104
Charlie10b	0.40401902103438	0.7	181	4	3.023
UCON4	-0.591679416935737	1	211	1	1.507
hAT-5_Mam	-1.31672502157875	0.096	138	4	9.964
MER66D	-0.483880253814105	0.984	301	2	2.797
HY4	-0.745882688902259	1	351	1	1.677
LTR87	0.295482114583562	0.648	322	10	8.148
HERV1_LTRd	2.21089678249862	0.392	595	1	0.216
Tigger3	-0.476744584070441	0.482	39	10	13.916
LTR80B	-Inf	0.008	56	0	5.621
MLT1E2-int	0.344648171387446	0.854	442	2	1.575
MLT1B-int	-1.71830682186701	0.216	177613	2	6.581
Eutr16	1.17311911026405	0.022	12053	13	5.765
Zaphod5b	-Inf	0.922	89786	0	0.784
MER57E1	-Inf	0.006	228856	0	5.546
UCON33	-Inf	0.512	103104	0	1.429
MER41C	1.10330189729957	0.018	417	20	9.309
EUTREP7	-Inf	0.132	267	0	3.083
UCON37	0.0831412353002459	1	9313	2	1.888
MamRTE2	0.929610672108602	0.792	448	1	0.525
MSTD-int	0.332369841609009	0.53	21288	13	10.325
Looper	-Inf	0.04	953	0	6.567
LTR22B2	1.26534456652099	0.632	6913	1	0.416
Eulor12	0.708396441969435	0.944	462	1	0.612
LTR6A	1.00495488194276	0.16	18094	7	3.488
AluYk11	-0.896078055397065	0.892	567	1	1.861
MamGypLTR3	0.316927413828996	0.64	6716	9	7.225
MLT1F1-int	0.0831412353002459	1	130	2	1.888
X2b_DNA	-Inf	0.324	16393	0	1.976
MER51C	0.840370814178772	0.41	436	4	2.234
LTR35A	2.94095243168215	0	19733	9	1.172
MER97b	-Inf	0.472	598	0	2.123
MamGypsy2-LTR	-1.24305970607253	0.088	922	4	9.468
Eulor9A	-0.301002256032814	1	12	1	1.232
MLT1J2-int	-0.839959587489532	0.47	1065	4	7.16
MER34D	-Inf	0.212	45	0	2.902
MER51-int	-1.47681369686553	0.236	3422	3	8.35
MER65C	0.0499049058263139	0.976	84	8	7.728
UCON55	-2.07587486697513	0.156	4091	1	4.216
LTR12B	-1.43988904761978	0.51	128	1	2.713
MamTip3B	-2.1581754259302	0.05	2066	2	8.927
MER57D	-0.828089927827371	0.5	74	3	5.326
U17	-Inf	1	4411	0	0.085
LTR35	3.08425313904768	0	530	11	1.297
MER50B	-1.05935527761642	0.232	3329	4	8.336
LTR1D	-1.06763871687536	0.45	160	2	4.192
MSTA1-int	-Inf	1	6215	0	0.379
UCON19	-Inf	1	327	0	0.349
L1MDb	-2.56827537178828	0.024	2894	2	11.862
UCON7	-Inf	0.59	185	0	1.304
MLT1G-int	0.383956034665063	0.76	3680	3	2.299
LTR31	-0.595503660502742	0.876	299	2	3.022
L1M3c	-1.19093085956261	0.122	2818	6	13.698
HERVK22-int	0.0528949484321252	0.954	246	7	6.748
LTR17	0.262546191666923	0.592	10252	13	10.837
MER83B	0.865998164961618	0.476	836	3	1.646
PrimLTR79	0.409278229990159	0.838	3756	2	1.506
LTR27	-Inf	0.056	426	0	4.016
HERV30-int	-Inf	0.812	4849	0	1.226
MER74C	-Inf	0.18	354	0	2.675
PABL_A-int	-1.0435778185416	0.51	11268	3	6.184
LTR1	0.649276465558977	0.438	829	5	3.188
MER99	-0.814755482809874	0.762	15494	2	3.518
UCON26	-Inf	0.194	1457	0	2.166
FordPrefect	-0.609754962172443	0.588	5003	5	7.63
tRNA-Asp-GAY	-Inf	1	476	0	0.354
L1M3e	-0.813935070481317	0.306	6991	6	10.548
SSU-rRNA_Hsa	-Inf	0.82	596	0	0.981
HUERS-P3b-int	-Inf	0.03	17999	0	7.147
LTR6B	1.62519234550969	0.03	208	6	1.945
LTR38A1	-0.899948986189672	0.946	12248	1	1.866
EUTREP15	0.859875776090929	0.404	112	4	2.204
HERVS71-int	-0.894526770257394	0.708	2329	2	3.718
HERVK11-int	0.412795050667884	0.648	1	6	4.507
EUTREP14	-Inf	0.044	5816	0	4.111
LTR90A	-1.13323470635714	0.44	74	2	4.387
THE1-int	-Inf	0.2	5156	0	2.357
L1M6B	-2.99675027884918	0.034	12	1	7.982
LTR86B2	0.360767836750723	0.766	3849	4	3.115
X2a_DNA	-1.1586601753465	0.366	3928	2	4.465
EUTREP4	-1.64708421262895	0.398	4532	1	3.132
UCON48	-Inf	0.294	2229	0	2.098
LTR69	0.219269963523624	1	3363	2	1.718
LTR1F2	-0.841570637395517	0.93	4762	1	1.792
Tigger6b	-Inf	0.388	383	0	2.098
HY5	-Inf	1	2710	0	0.235
MER89-int	-Inf	0.006	1378	0	8.599
tRNA-Glu-GAG	-Inf	1	4584	0	0.185
tRNA-Thr-ACG_	-Inf	1	405	0	0.109
L1MEg1	-1.96470667000533	0.042	1946	3	11.71
UCON96	2.38082178394093	0.338	445	1	0.192
LTR2752	0.851174332095974	0.236	235	6	3.326
X24_DNA	-1.24549566281992	0.306	20293	2	4.742
UCON1	-1.37629038333705	0.538	3304	1	2.596
UCON84	-Inf	0.59	563	0	1.208
UCON12A	-Inf	1	29	0	0.236
Eulor2B	-Inf	1	8800	0	0.617
X21_LINE	-Inf	1	902	0	0.528
tRNA-Ile-ATA	-Inf	0.958	4944	0	0.715
LTR1B0	0.714301874041875	0.694	231	2	1.219
LTR43	0.594007640324163	0.422	1621	8	5.3
UCON40	-1.40979822782842	0.574	94	1	2.657
tRNA-Met	1.21759143507263	0.71	3291	1	0.43
tRNA-Lys-AAG	-Inf	0.902	210	0	0.776
MLT1N2-int	1.29867274258706	0.404	7813	2	0.813
MER70-int	-Inf	0.204	751	0	3.278
L1M3d	-Inf	0.02	4404	0	6.671
LTR5A	-0.395062799517578	0.902	1252	3	3.945
LTR34	0.91276348160539	0.248	376	6	3.187
L1M3de	-2.6667565918848	0.102	733	1	6.35
HERV17-int	1.41002350621693	0	544	36	13.547
UCON99	-Inf	1	459	0	0.507
MSTB1-int	1.14514942240399	0.142	393	7	3.165
L1PBb	1.14826761316828	0.05	265	12	5.414
EuthAT-N1a	0.894321922105463	0.816	1123	1	0.538
MER68C	0.651389862460132	0.606	3386	3	1.91
LTR3B	1.19594644103265	0.45	349	2	0.873
MER76	-0.21714206864063	0.898	443	7	8.137
CR1-12_AMi	-Inf	0.452	511	0	1.478
MER97a	-Inf	0.178	78	0	3.343
MLT1H2-int	-1.05866283937856	0.602	136	2	4.166
LTR47B4	0.804652401677781	0.634	294	2	1.145
LTR19-int	-1.49108345371826	0.684	431	1	2.811
tRNA-Ser-AGY	-Inf	1	386	0	0.16
UCON66	-Inf	0.988	57	0	0.689
HERVIP10B3-int	-Inf	0.1	118	0	4.276
Merlin1_HS	-Inf	1	1032	0	0.66
LTR108a_Mam	0.0892673380970873	1	13	1	0.94
MSTC-int	0.0183908600943955	1	728	3	2.962
X10b_DNA	-1.68974643849356	0.326	450	1	3.226
tRNA-Leu-TTA(m)	-Inf	1	650	0	0.28
MER83B-int	0.234040993954245	0.816	90	4	3.401
Eutr2	0.304600010747378	0.852	1230	3	2.429
UCON39	-Inf	0.702	839	0	1.06
UCON5	-Inf	0.53	540	0	1.308
MER61F	-0.0114956388378294	1	1491	2	2.016
LTR1A1	0.269686113706224	0.742	704	6	4.977
UCON93	-Inf	1	1023	0	0.3
GSAT	-Inf	0.396	155	0	1.63
MLT1-int	-Inf	0.208	200	0	2.816
MLT1A-int	-2.46048047004001	0.168	4308	1	5.504
LTR72B	-0.892973815273334	0.974	1481	1	1.857
MLT1E1A-int	-Inf	0.914	22924	0	0.966
LTR27E	0.071471755133038	1	4277	3	2.855
L1P4b	1.89126049911925	0.022	10046	7	1.887
L1M2b	-Inf	0.202	1824	0	2.865
Eulor9B	1.8059129478837	0.476	12935	1	0.286
L1M3a	-0.948600847493355	0.424	2667	4	7.72
L1P3b	-0.22404027421793	1	12353	1	1.168
CR1-11_Crp	-Inf	1	1481	0	0.245
UCON31	-Inf	0.518	419	0	1.309
hAT-4b_Ther	-0.362329610171569	1	910	2	2.571
MER97d	-Inf	0.55	748	0	1.696
LTR22C0	1.16057782918306	0.316	865	3	1.342
LTR68	-0.410341104614087	0.914	3189	3	3.987
CR1-L3B_Croc	-Inf	1	1312	0	0.364
L1M2c	1.04600417729569	0.064	4892	13	6.296
LTR12_	-0.205601040133343	0.954	1822	6	6.919
UCON6	-Inf	0.692	1342	0	1.015
CR1-13_AMi	-0.159629185821228	1	57	1	1.117
PRIMAX-int	-Inf	1	2457	0	0.832
UCON28b	-Inf	0.896	94	0	0.826
LTR28	-Inf	0.358	347	0	1.945
L1MEa	-Inf	0.062	336	0	4.317
L1M2a1	-0.853596506202512	1	1273	1	1.807
MER132	-Inf	1	3637	0	0.359
X2_LINE	-1.00575926928868	0.81	3685	1	2.008
Eulor4	-Inf	1	315	0	0.361
UCON8	-1.17184731357334	0.658	45	1	2.253
MARE6	0.57132159005177	0.666	2835	3	2.019
X22_DNA	-Inf	1	1378	0	0.289
MER125	-Inf	0.458	173	0	1.522
Eulor6B	-Inf	0.982	1102	0	0.708
MER68B	0.557985434440112	0.39	580	8	5.434
UCON12	0.641603738043346	0.94	3391	1	0.641
UCON85	1.94341647163363	0.466	2191	1	0.26
MER123	-Inf	1	1166	0	0.492
MER95	-Inf	0.504	5480	0	1.648
Eulor6A	-Inf	1	6456	0	0.347
UCON97	-Inf	1	2425	0	0.424
Eulor5A	-0.438292851579147	1	696	1	1.355
UCON64	-Inf	1	1466	0	0.157
MARE11	-Inf	1	3595	0	0.136
MER61C	0.690047752771256	0.37	2565	6	3.719
HERVK14-int	-1.5157629055412	0.41	545	2	5.719
AluYk12	-0.147957881387101	1	2854	1	1.108
MER92A	-Inf	0.428	256	0	1.725
MER61E	0.116770210967268	0.966	699	4	3.689
UCON69	-Inf	1	179	0	0.32
MER133A	-Inf	1	3017	0	0.525
UCON24	-Inf	1	959	0	0.252
tRNA-Arg-AGA	-Inf	1	1043	0	0.427
LTR18A	1.41055608219141	0.098	774	6	2.257
HERVL18-int	1.46494240510516	0.03	41	20	7.245
MLT1O-int	2.84684321193858	0.244	11	1	0.139
UCON60	-Inf	1	34	0	0.397
MER72B	1.03563833675327	0.294	80	5	2.439
LTR47B3	-Inf	0.664	40	0	1.39
Eulor9C	-Inf	0.656	21	0	1.105
L1M3b	-1.906505825626	0.138	8	2	7.498
LTR1B	-Inf	0.024	2	0	4.542
LTR25-int	-0.592445077052362	0.648	16	5	7.539
LTR9C	-Inf	0.322	49	0	2.112
UCON80	-Inf	1	53	0	0.456
MARE10	-Inf	0.818	2	0	0.903
HUERS-P2-int	0.670015350241579	0.44	48	6	3.771
MER92D	1.23446525363702	0.134	138	6	2.55
MER110-int	-2.33170521649889	0.184	23	1	5.034
MER83C	0.2017420673555	1	34	2	1.739
L1P4a	-0.809002774939086	0.408	85	5	8.76
LTR53-int	-2.18650055764449	0.272	99	1	4.552
L1P4d	-0.295135249000818	1	20	2	2.454
HERVP71A-int	0.323010522129003	0.74	97	5	3.997
Charlie3	-1.26423615104355	0.408	109	2	4.804
Eulor3	-Inf	1	44	0	0.41
UCON101	0.894321922105463	0.356	37	4	2.152
MER101B	-1.59788867516543	0.46	1	1	3.027
Eulor6D	-Inf	0.91	53	0	0.8
HERVL32-int	1.48762139192445	0.208	65	5	1.783
LTR58	-Inf	1	9	0	0.882
tRNA-Arg-CGY_	-Inf	1	55	0	0.436
Eulor8	-Inf	0.456	2	0	1.551
Ricksha_b	-Inf	0.604	7	0	1.533
LTR22E	0.545824106814198	0.792	15	2	1.37
LTR73	-1.43829285157915	0.592	30	1	2.71
UCON25	-Inf	1	12	0	0.47
MER57C2	-1.39231742277876	0.29	27	2	5.25
UCON28c	-Inf	0.916	26	0	0.747
X13_LINE	-0.667210912480871	1	51	1	1.588
Eulor6C	-Inf	1	73	0	0.247
LTR35B	-Inf	0.266	52	0	2.292
LTR22B	-Inf	0.418	47	0	1.549
L1PBa1	1.06013182623325	0.024	45	17	8.153
tRNA-Phe-TTY	-Inf	0.862	91	0	0.901
UCON2	-Inf	0.504	9	0	1.446
UCON51	-Inf	1	4	0	0.489
UCON15	-Inf	1	17	0	0.531
Tigger17b	-0.220329954879555	1	3	1	1.165
UCON27	-Inf	0.622	14	0	1.158
LTR27D	-Inf	0.14	1	0	3.179
UCON83	-Inf	1	4	0	0.505
Eulor2C	-Inf	1	31	0	0.414
UCON62	-Inf	1	7	0	0.228
Eulor11	-0.0799753767205958	1	15	1	1.057
LTR5	1.87832144341175	0.41	26	1	0.272
ALR/Alpha	-6.65896834198101	0	2	1	101.053
MLT1G3-int	-Inf	0.2	12	0	3.089
LTR19C	0.815190761471708	0.522	15	3	1.705
HERVH48-int	-0.298658315564515	1	12	2	2.46
LTR30	1.15923466267613	0.23	13	4	1.791
MER134	-Inf	0.742	37	0	0.988
LTR52-int	-1.02005765234125	0.938	6	1	2.028
UCON28a	-0.507921464957328	1	12	1	1.422
Eulor7	-Inf	1	43	0	0.138
MSTB2-int	1.30638295026273	0.306	31	3	1.213
MER133B	-Inf	1	223	0	0.429
HERVKC4-int	0.0770410357638279	1	179	1	0.948
HERVE_a-int	1.80675392432307	0.006	316	12	3.43
LTR70	-Inf	0.394	7	0	2.07
tRNA-Cys-TGY	-Inf	0.58	9	0	1.358
LTR22	2.5634827733107	0.006	1111	6	1.015
UCON103	-Inf	1	234	0	0.156
MER67D	-2.57398036991888	0	161	2	11.909
MER87B	-1.28924428515664	0.724	214	1	2.444
Charlie11	-Inf	0.786	1799	0	1.312
MER88	-Inf	0.656	250	0	1.277
LTR108e_Mam	-Inf	0.364	34	0	1.993
MER92C	-Inf	0.672	245	0	1.327
UCON9	-Inf	1	19	0	0.5
LTR10G	-Inf	0.534	208	0	1.444
HERVI-int	-Inf	0.448	14	0	1.735
LTR25	-1.34255474547732	0.666	642	1	2.536
LTR60	-Inf	1	45	0	0.434
LTR3	-0.160920188181103	1	59	1	1.118
HERVK3-int	2.11091590140185	0	23	22	5.093
L1P	-Inf	0.386	100	0	1.666
hAT-16_Crp	-Inf	1	50	0	0.249
LTR108d_Mam	-Inf	0.99	38	0	0.816
LTR18C	-Inf	0.828	33	0	0.917
MER83A-int	0.413115187147815	0.842	33	2	1.502
tRNA-Leu-CTA_	-Inf	1	31	0	0.072
tRNA-Gln-CAA	2.17788172527066	0.378	138	1	0.221
LTR10B1	-Inf	0.29	43	0	2.022
Charlie6	-Inf	0.244	29	0	3.229
LTR72	0.656686939109221	0.584	38	3	1.903
EuthAT-N1	1.8092797989821	0.132	31	3	0.856
tRNA-Met-i	1.04990490582631	0.78	22	1	0.483
MARE9	-Inf	1	50	0	0.2
SST1	-0.86578687481634	0.62	207	3	5.467
REP522	-0.458906906850866	0.998	102	2	2.749
tRNA-Lys-AAA	-Inf	1	129	0	0.52
tRNA-Asn-AAT	-Inf	1	75	0	0.008
X1_LR	-Inf	1	68	0	0.166
MLT1E1-int	-Inf	1	235	0	0.431
SATR1	0.0997933206702506	0.854	119	12	11.198
tRNA-Ala-GCY_	-Inf	0.892	136	0	0.778
UCON23	-Inf	1	339	0	0.309
tRNA-Ser-TCY	-Inf	1	173	0	0.132
MER76-int	0.128156351490682	0.94	172	2	1.83
MLT1C-int	0.267947926699711	0.89	208	2	1.661
tRNA-Ile-ATT	-Inf	1	107	0	0.505
tRNA-Leu-CTG	-Inf	1	138	0	0.102
tRNA-Gly-GGY	1.612637459164	0.53	245	1	0.327
LTR14C	0.465938397578882	0.848	575	2	1.448
UCON18	-Inf	1	360	0	0.298
UCON59	-Inf	1	154	0	0.463
LTR47B	1.10159814000781	0.678	194	1	0.466
tRNA-Pro-CCG	-Inf	1	109	0	0.034
tRNA-Pro-CCY	-Inf	1	123	0	0.17
Eulor5B	-Inf	1	44	0	0.468
LTR38C	-0.530070742225084	1	412	1	1.444
UCON94	-Inf	1	15	0	0.327
HERV1_LTRa	1.63039392996816	0.538	22	1	0.323
MLT1L-int	-0.298658315564515	1	236	1	1.23
L2-3_AMi	-Inf	1	45	0	0.09
tRNA-Tyr-TAC	-Inf	1	96	0	0.355
Charlie7b_Mars	-Inf	1	38	0	0.666
UCON71	-Inf	1	16	0	0.155
LTR108c_Mam	-Inf	1	24	0	0.492
LTR108b_Mam	0.732164607902385	0.79	14	1	0.602
ERVL47-int	0.785377799351452	0.448	16	5	2.901
LTR59	-Inf	0.668	32	0	1.257
Chompy-7_Croc	-Inf	1	64	0	0.158
MER136	-Inf	1	20	0	0.355
UCON17	-Inf	1	12	0	0.322
EutTc1-N1	-Inf	1	29	0	0.592
UCON61	-Inf	1	125	0	0.177
SATR2	-Inf	0.004	59	0	6.588
MER57E3	-Inf	0.348	17	0	2.69
HSAT4	-Inf	0.394	282	0	2.291
Eulor6E	-Inf	1	259	0	0.337
U8	-Inf	1	24	0	0.278
tRNA-Thr-ACY	-Inf	1	141	0	0.141
L1P4c	0.638231640580847	0.62	180	2	1.285
tRNA-Leu-TTG	2.04692104738749	0.432	207	1	0.242
HERVK11D-int	3.30598655101834	0	43	9	0.91
(GAATG)n	-Inf	0.398	228	0	1.556
UCON67	-Inf	1	40	0	0.209
tRNA-Val-GTA	-Inf	1	49	0	0.135
tRNA-Leu-CTY	-Inf	1	109	0	0.279
HERV1_I-int	1.53254660657002	0.238	28	3	1.037
HSATI	-Inf	1	70	0	0.413
MER9B	3.83944855176746	0	6	7	0.489
EUTREP6	-Inf	1	33	0	0.132
MLT1E-int	-Inf	1	50	0	0.143
tRNA-Ser-TCA	-Inf	1	49	0	0.01
tRNA-Trp-TGG	-Inf	1	19	0	0.13
UCON75	-Inf	1	27	0	0.256
tRNA-Ser-TCG	-Inf	1	31	0	0.069
Tigger1a_Mars	-Inf	1	18	0	0.526
UCON100	-Inf	1	40	0	0.187
LTR43-int	-Inf	0.67	56	0	2.056
LSAU	1.14401030269152	0.47	710	2	0.905
HERV1_LTRe	-Inf	1	83	0	0.317
HERV-Fc1_LTR1	-Inf	1	15	0	0.133
HERV-Fc1_LTR2	-Inf	1	308	0	0.026
HERV-Fc2-int	-Inf	1	267	0	0.159
HERV-Fc1-int	-Inf	1	1379	0	0.114
U14	-Inf	1	227	0	0.078
UCON56	-Inf	1	148	0	0.152
Chompy-6_Croc	-Inf	1	243	0	0.13
HERV1_LTRc	2.33278908751913	0.124	965	2	0.397
tRNA-Ala-GCA	-Inf	1	188	0	0.457
HERV15-int	-0.538041453333663	1	162	1	1.452
HERV-Fc1_LTR3	-Inf	1	47	0	0.05
tRNA-Ala-GCY	-Inf	1	25	0	0.161
UCON87	-Inf	1	60	0	0.066
tRNA-Pro-CCA	-Inf	1	457	0	0.097
HERV1_LTRb	-Inf	1	568	0	0.132
UCON68	-Inf	1	971	0	0.124
GSATX	-Inf	0.928	420	0	0.965
CRP1	-Inf	1	192	0	0.061
tRNA-Tyr-TAT	-Inf	1	765	0	0.062
tRNA-Arg-CGA	-Inf	1	327	0	0.072
Charlie12	-Inf	1	69	0	0.303
UCON92	-Inf	1	105	0	0.194
tRNA-Ala-GCG	-Inf	1	182	0	0.112
LTR109A2	-Inf	1	708	0	0.316
CER	-0.431355521573517	0.998	429	2	2.697
HSAT5	-Inf	0.756	75	0	2.376
LTR22C	-Inf	1	1005	0	0.213
tRNA-Arg-AGG	-Inf	1	1055	0	0.194
CR1-8_Crp	-Inf	1	987	0	0.051
SAR	-Inf	1	891	0	0.114
tRNA-Thr-ACY_	-Inf	1	937	0	0.12
tRNA-Leu-CTA	-Inf	1	940	0	0.023
tRNA-Arg-CGA_	-Inf	1	621	0	0.024
tRNA-Arg-CGG	-Inf	1	58	0	0.153
tRNA-Thr-ACG	-Inf	1	231	0	0.022
HSAT6	-Inf	1	670	0	0.141
tRNA-Ile-ATC	-Inf	1	702	0	0.033
(CATTC)n	-Inf	0.898	606	0	1.091
ACRO1	1.23446525363702	0.468	2330	2	0.85
tRNA-SeC(e)-TGA	-Inf	1	875	0	0.035
D20S16	-Inf	0.744	1235	0	3.648
tRNA-His-CAY	-Inf	1	394	0	0.011
MLT1M-int	-Inf	1	80	0	0.017
tRNA-Ser-TCA_	-Inf	1	74	0	0.042
