	log.enrich	pval	total	real.overlap	random.mean
TAR1	1.52208722648706	0.002	64	11	3.83
L1MC5a	-0.80699719571458	0	35	620	1084.731
MER5B	0.466962572547995	0	1317	2067	1495.446
MIR3	0.721747294228644	0	762	8698	5274.142
Charlie15a	0.443943209020823	0	1428	261	191.867
L2a	0.225598833149217	0	86	11827	10114.923
L3	0.320346845719464	0	1700	3407	2728.589
Plat_L3	0.42705645041787	0	8195	270	200.82
MLT1K	0.548910361153484	0	121115	1561	1067
MIR	0.454583924443173	0	47320	14402	10509.436
L2b	0.777697210523717	0	117446	9529	5558.238
MIR1_Amn	0.930625168090421	0	12658	1344	705.104
L2c	0.353063407053239	0	38726	9811	7681.227
AluSp	-0.628007288854704	0	4259	2553	3945.48
MER33	-0.00984402439145144	0.918	21085	574	577.93
MIRb	0.67724119045096	0	44393	21601	13508.401
L1MB3	0.0410995790026766	0.53	12565	1115	1083.684
MER53	0.387613360993123	0	6031	463	353.914
MLT1A	0.199833109907535	0.004	67237	628	546.769
MIRc	0.604580262883234	0	12718	9226	6067.596
AluJo	-0.297820643112101	0	1575	2248	2763.435
L1MB5	-0.0139725450832137	0.886	53394	586	591.703
Alu	-0.669235153635965	0	1683	283	450.035
L1PA6	-0.92629011728594	0	129556	222	421.885
L1P1	-1.34882074518409	0	110941	78	198.669
MLT1L	0.293279304860353	0	40018	888	724.648
MLT1J2	0.501485603250374	0	12119	591	417.47
AluJr	-0.23384215731727	0	122105	5853	6882.909
Charlie5	-0.446275137957544	0.022	42260	112	152.602
MLT1F2-int	-0.647468020405005	0.318	101596	12	18.797
MLT1F2	-0.191127097612158	0.026	3853	322	367.613
AluSx	-0.338648691843852	0	405	6008	7597.546
AluSx3	-0.48920427497774	0	2715	1669	2342.726
LTR16C	1.06585002382349	0	383	845	403.649
ERVL-E-int	0.0346302888095363	0.742	6889	564	550.623
MamRep1527	0.0716107254465124	0.73	581	80	76.126
L1MA8	-0.993526345627058	0	229	350	696.866
L1ME3G	-0.326613187483257	0	1343	895	1122.389
L1MA9	-1.01315318033415	0	199	507	1023.287
LTR12F	-0.47216039610751	0.114	2082	27	37.454
MER45A	0.62495583304357	0	857	323	209.446
MER58A	0.0479482828239296	0.368	665	836	808.672
L1PA14	-1.34491070375934	0	161	76	193.051
AluYj4	-0.439691764200927	0	502	124	168.183
L2	-0.0574743348373375	0.076	178	3140	3267.617
FLAM_A	-0.532183974556907	0	462	617	892.254
MER47A	-0.269060989379477	0.038	44	129	155.448
L1ME4c	-0.494592650932724	0	2913	402	566.387
AluSc	-0.470342659825841	0	176	1642	2274.89
L1PA4	-1.35417092177742	0	100	315	805.298
LTR89	0.529379568353527	0.008	6900	95	65.821
L1MC	-0.848733229602445	0	6210	259	466.438
L1PA7	-0.834726740300195	0	1117	495	882.842
L1PA16	-1.04336228761638	0	4835	433	892.424
L1PA2	-1.7975678798768	0	2633	95	330.252
AluSz	-0.291743078233044	0	671	5888	7207.609
L1M2	-1.27592571872794	0	2360	229	554.533
L1PREC2	-1.09287547566627	0	1183	239	509.784
L1PB	-1.534205801792	0	2347	38	110.059
Tigger5b	-0.704828998331984	0	727	103	167.885
AluSc5	-0.424725636513105	0	1016	186	249.671
Tigger5	-0.431704344090482	0.186	707	23	31.023
L1M5	-0.878235945515742	0	2162	1472	2705.722
L1M4	-1.24670024936209	0	1956	513	1217.339
HAL1M8	-1.1324070226881	0	86	62	135.919
LTR103b_Mam	0.589310011008519	0.014	498	56	37.221
MLT1H2	0.183797272823057	0.066	1431	324	285.244
AluYk2	-0.641905026170051	0	1939	255	397.899
MER4D1	-1.14960003645658	0	1157	42	93.178
MER4CL34	0.405584154772132	0.07	307	72	54.355
L5	-0.212544101246332	0.514	276	37	42.873
MLT1H	0.332671105572491	0	113	770	611.43
AluY	-0.651088660195846	0	23	3796	5961.059
MLT1I	0.221056489251184	0	561	777	666.617
MamRep605	0.00464033452168238	0.956	408	213	212.316
LTR33	0.608941382619711	0	521	850	557.326
MSTB1	-0.249748715083569	0.01	3250	244	290.116
AluSq	-0.438205257729134	0	1942	547	741.14
MLT1C	0.721072385837549	0	1476	656	397.96
AluJb	-0.350304353606593	0	1474	5579	7112.274
FAM	-0.798554992796122	0	550	148	257.425
AluSq2	-0.380539705897265	0	1251	2412	3140.011
L1ME3E	-0.566571640626761	0.002	543	185	273.985
LTR33B	-0.0207164719080736	0.948	2509	95	96.374
MER65D	-0.258479597610183	0.662	1620	23	27.513
MLT1D	0.291430477496892	0	5856	1421	1161.087
THE1C	-0.957380234736492	0	3087	310	601.952
L1MA5	-1.21081646626471	0	891	121	280.077
FLAM_C	-0.588155755614534	0	772	976	1467.244
SVA_E	-0.740819650894823	0.008	1121	24	40.107
AluSg	-0.547624848011717	0	1506	1785	2609.094
MER1A	0.34268346776747	0.002	1289	246	193.989
MER21C	-0.100567162003431	0.368	1094	313	335.597
LTR41	-0.624994125267494	0.026	517	44	67.857
L1MB8	-0.704201243561321	0	986	623	1015.018
Tigger12	-0.402831302449143	0.118	1465	40	52.884
LTR37A	-0.142410383933652	0.412	2095	107	118.101
AluSg4	-0.669060591958063	0	3743	456	725.057
MER11B	-2.29303409363701	0	342	7	34.306
L1ME4b	-0.332407747179338	0	467	1186	1493.308
AluJr4	-0.537494294276959	0	620	514	746.045
U6	-0.924972574284811	0	812	54	102.527
MER8	-0.718618638113472	0	266	71	116.838
Charlie29b	-0.324368157514713	0.15	919	69	86.396
AluSx1	-0.250328828065821	0	2908	5481	6519.53
MSTD	-0.357822623900584	0	6037	363	465.181
AluSg7	-0.562388976273502	0	2609	240	354.411
AluSz6	-0.480493763227238	0	264	1782	2486.284
Charlie4z	0.378045404534275	0	3983	461	354.73
MLT2B3	-0.363100038879799	0.008	1465	150	192.928
MER31-int	-1.28795379169351	0.006	58	27	65.929
MER92-int	-2.32956723346881	0	4420	11	55.292
MER34A	-0.0857483699975882	0.724	1322	84	89.144
L1MC3	-0.822540344913872	0	1037	462	817.055
MSTA1	-0.202395331472971	0.554	14	28	32.217
MER4A1	-0.590090245894884	0	17	88	132.47
MER4E	-1.00016393330407	0.002	1729	22	44.005
AluYc	-0.607244918585735	0	66	262	399.117
MER4A	-0.177737574016894	0.586	24	46	52.031
Charlie30a	0.158221616180207	0.632	132	31	27.78
MER31B	0.204071693177422	0.264	102	103	89.414
L1MA4	-1.476632304567	0	309	241	670.699
FRAM	-0.217399937385708	0	1348	1034	1202.166
MER112	0.102246391794038	0.294	5	289	269.227
Ricksha_0	-0.949036829333884	0.092	320	12	23.167
Tigger4b	-1.27599084084116	0	38	63	152.564
Charlie20a	0.475798897209579	0.042	6	73	52.492
L1MD3	-0.403844217635658	0	388	245	324.142
AluYf1	-0.390655724054829	0.006	172	92	120.611
L1MC4a	-0.557768155909762	0	435	412	606.46
MER39B	-0.346879774431585	0.16	379	57	72.493
L1ME1	-0.976865254811114	0	6685	988	1944.566
LTR9B	-0.304339241269007	0.326	1117	34	41.985
MER5A	0.503177500484693	0	4138	2974	2098.309
MER4E1	-1.07075568011299	0.002	9119	30	63.016
MLT1E3	-0.217027841612152	0.198	831	104	120.883
LTR37B	-0.47239813245306	0.012	211	87	120.705
MLT1O	0.514648462206713	0	85	438	306.584
MSTA	-0.392553464330721	0	39	908	1191.945
MER103C	0.465638717770296	0	103	738	534.423
LTR39	0.204135285467942	0.386	57	85	73.785
L1ME3B	-1.07809241950508	0	68	239	504.587
L1PA5	-1.18292942298161	0	58	335	760.575
L1ME3D	-0.879606373273702	0	40	142	261.262
L1P4	-1.59358005833719	0	38	75	226.348
L1MA2	-1.41252562558983	0	32	180	479.165
LTR22C2	-1.17120682741814	0.342	126	2	4.504
L1PA15-16	-3.22729439956537	0	43	10	93.651
L1ME3A	-0.446012998134346	0	30	714	972.661
L1PA8A	-1.11486221632748	0	63	74	160.265
L1PA8	-0.449869231556737	0	21	371	506.755
L1PA10	-0.523950450208001	0	77	319	458.686
L1MEd	-1.10982239910042	0	31	477	1029.457
ERVL-int	-0.429778797620327	0.238	12	37	49.84
L1MA7	-1.27305467439265	0	145	220	531.68
L1M7	-0.712823713601885	0	125	112	183.569
HAL1b	-0.429140051261651	0	30	195	262.554
MLT1H1	0.0688412739160565	0.532	106	233	222.143
THE1B	-0.61543846732331	0	1166	892	1366.565
THE1B-int	-2.42686460165423	0	82	51	274.239
MLT1H1-int	-0.965445692496123	0.09	51	12	23.432
LTR64	0.448178388443387	0.21	996	31	22.722
THE1D	-0.519298698444597	0	620	538	771.093
tRNA-Gln-CAA_	-0.932817102741851	0.882	659	1	1.909
tRNA-Ser-TCA(m)	1.48843075802753	0.058	524	5	1.782
MER124	0.75193838033189	0	682	77	45.723
L1PA11	-0.727379972802142	0	232	162	268.212
MER3	0.109451212781069	0.066	441	707	655.347
MER5A1	0.541589332434156	0	411	1392	956.323
L1ME3	-0.26276265729531	0.018	393	469	562.694
L1MEg	-1.31350778863218	0	197	328	815.228
L1MC4	-0.683461911534959	0	424	900	1445.39
LTR104_Mam	0.398300455798863	0.008	834	157	119.124
BLACKJACK	-1.146334896908	0	301	59	130.597
L1M3	-1.43615513305074	0	13	159	430.252
LTR7	1.22879270558867	0	279	347	148.056
MER67C	-0.942709377811459	0.002	269	52	99.951
LTR67B	0.154032404597732	0.186	61	249	223.785
LTR79	0.205671890818878	0.052	197	282	244.532
Charlie1b	-0.740426554745123	0	4362	109	182.103
Charlie1a	-1.00740998806747	0	15391	174	349.792
Tigger3a	-0.292263640800836	0.002	25202	266	325.733
MER113A	0.462958295088868	0	614	171	124.06
MER44B	-0.928353600870005	0	281	68	129.411
Chap1a_Mam	0.240435069927254	0.172	20741	100	84.649
MLT1C2	0.782192351112346	0	39	1656	962.935
L1M8	-1.33057239108977	0	175	41	103.116
MER102c	0.47881779862161	0	53	260	186.567
L2d2	0.264564200875058	0	21741	3812	3173.3
Tigger7	-0.354041031849656	0.018	4461	140	178.939
MER41D	0.179409250785702	0.634	2273	31	27.375
HAL1	-0.47482648644422	0	7554	940	1306.366
MLT1A1	-0.0521270550311066	0.534	590	395	409.533
LTR78	0.41037205427798	0	1483	389	292.695
SVA_D	-1.18630434550395	0	23	42	95.579
L1M4b	-1.58921246144895	0	235	87	261.77
UCON76	0.374686997768829	0.48	920	11	8.484
MLT1B	0.47323551812059	0	240	1483	1068.275
L1MC1	-0.382180418400166	0	473	632	823.692
L2d	0.366671129836535	0	332	2172	1684.538
L1PA3	-1.75012336898954	0	361	221	743.416
Charlie19a	0.372476673353852	0.01	435	123	95.012
L1ME4a	-0.202895158677137	0	1129	1540	1772.549
LTR2C	0.331146074437969	0.444	17	21	16.693
L1MB4	-0.376196273656676	0	3	437	567.189
BSR/Beta	-3.69158999569032	0	5	6	77.523
AluSc8	-0.408936693700767	0	6	928	1232.112
MER101-int	-2.3082610093705	0	4	14	69.34
LOR1-int	-1.70823818074093	0	5	26	84.958
LTR57-int	-1.93155699693994	0.01	49	6	22.888
HERVK9-int	-2.00924943862504	0	27	11	44.283
MER9a2	-1.37334991813795	0.002	10	7	18.135
MER102a	0.401483926267329	0	34	240	181.699
MER67A	0.119249181125192	0.644	16	30	27.62
MER2	-0.725801591060223	0	34	332	549.068
HERV16-int	0.209301545876511	0.284	122	136	117.634
X24_LINE	-0.502627631534741	0.084	1930	24	34.003
L1MEc	-1.34610459555951	0	916	432	1098.251
MER63B	0.526349133936291	0	322	210	145.805
MER4A1_	-0.418279916767527	0.34	72	18	24.054
MLT1G1	0.211093241277555	0.082	627	255	220.29
AluYa5	-1.12127687371401	0	349	104	226.241
L1MD	-1.18913833915939	0	367	224	510.757
LTR12C	-0.0988633907761854	0.422	229	170	182.058
LTR13A	-0.00982488585331598	1	257	12	12.082
Tigger19b	0.15881853484627	0.114	190	240	214.982
L1MEf	-1.47813999359915	0	284	253	704.831
L1M4a2	-1.68472898701409	0	114	40	128.592
MER49	0.785328421942017	0	132	141	81.811
L1ME2	-0.949665201279263	0	5931	410	791.884
MER50	-0.441963774486606	0.01	124	115	156.222
AluSx4	-0.593407684434417	0	88	470	709.139
L1PB1	-1.07751613044045	0	248	403	850.491
MamRep1151	-0.839659658683921	0	327	43	76.954
MER41B	-0.814117424654711	0	439	99	174.064
MER30	-0.24070353931351	0.016	258	211	249.311
Arthur1B	-0.291427780382965	0.084	286	114	139.519
LTR46	0.264959282758286	0.576	43	18	14.98
MER9a1	-2.11430038622865	0	68	5	21.649
LTR13	-1.21173108480886	0	440	13	30.11
LTR13_	-Inf	0.13	81	0	2.752
MER54A	-0.690468671624452	0.036	449	26	41.959
MER68	-0.532550236572328	0.008	368	62	89.682
L3b	0.503346381620311	0	722	826	582.717
MER4B	-0.339247305588665	0.066	65	83	105.003
MER4B-int	-2.06462796773882	0	2403	23	96.215
AluYe5	-1.1908007505642	0	507	34	77.615
LTR16B1	0.519744918660025	0.002	137	103	71.842
AluSq4	-0.85740923089229	0	1398	55	99.648
AluYc3	-1.37312348007417	0	141	13	33.674
AluYh3	-0.614583008206657	0.022	393	26	39.809
MER20	0.357035435457082	0	254	1285	1003.286
hAT-1_Mam	-0.552514146939379	0.03	188	61	89.465
MER63D	0.069844412686788	0.718	100	108	102.896
MER66C	-0.623826156624766	0.072	279	23	35.442
AluYk3	-0.853171428733916	0	19	201	363.1
MER66-int	-1.22159724782762	0.024	60	21	48.973
7SLRNA	-0.197061573890315	0.294	725	72	82.538
AluYh9	0.0201778819376303	0.988	1829	9	8.875
MER74B	0.244659958610459	0.268	530	68	57.393
LTR5_Hs	-0.616683423065631	0.034	267	26	39.867
LTR2B	-1.37982886815059	0.004	790	8	20.819
Harlequin-int	-3.24366908096686	0	538	4	37.888
LTR75	0.181928558333357	0.662	461	21	18.512
AluYa8	-0.291799990060399	0.442	576	18	22.035
LTR10A	-1.93493160590225	0.002	164	5	19.118
HERV9N-int	-2.31314908831183	0.008	23	3	14.909
HERVIP10F-int	-1.58784500925428	0.056	818	7	21.042
MER131	0.16273687429045	0.364	895	73	65.213
HUERS-P1-int	-2.49846363871631	0	852	6	33.905
LTR7B	-0.119278464467765	0.73	382	47	51.051
L1M1	-1.84653366260627	0	834	174	625.765
Charlie22a	0.155255492280619	0.458	686	75	67.348
MER65A	-0.289396068794164	0.224	1568	70	85.549
MER65-int	-1.60456840736706	0	1642	21	63.862
MER52A	-0.0926213514669884	0.644	778	85	90.636
MER52C	-0.118963717857085	0.828	10162	22	23.891
MER83	-0.624568846315931	0.136	9331	20	30.835
MER113	0.62272904906658	0	459	349	226.655
LTR26B	-0.0037821126284232	1	128	8	8.021
LTR42	0.2203900684253	0.59	213	24	20.6
MER4D	-0.10292329203979	0.692	452	76	81.62
L1M4c	-1.83564377284734	0	7486	62	221.297
L1M4a1	-0.986042361012217	0	673	82	162.421
Tigger1a_Art	-0.595583224547482	0.348	589	12	18.133
MER65B	-1.64454851724905	0.05	1090	4	12.506
AluYi6	-0.775261292347751	0.028	532	16	27.384
L1P5	-0.490632361177389	0.08	498	33	46.367
OldhAT1	0.209690077202373	0.018	811	296	255.958
L1MC5	-0.640296592912234	0	694	565	880.637
ORSL-2b	0.208105149531077	0.46	20797	49	42.418
AluYm1	-0.560112526055927	0	2713	190	280.133
Tigger1	-1.02596684910103	0	2113	377	767.694
Tigger16a	-0.396106011358724	0.02	4399	82	107.908
Arthur1A	0.541103383523431	0.002	3723	102	70.099
L1MEb	-0.649570848667975	0.018	46104	67	105.103
Tigger15a	-0.0089467593713546	0.996	5437	290	291.804
X26_DNA	-0.156866105522083	0.526	740	51	56.858
Charlie15b	-0.385782412070391	0.05	3102	88	114.978
Tigger2	-1.24456620518649	0	1753	74	175.341
MER44A	-0.375719512779336	0.01	4356	111	144.021
MER119	-0.0339741725116286	0.932	5240	70	71.668
X7A_LINE	0.0926269565566755	0.65	7599	59	55.331
MER1B	-0.124314899207167	0.16	9329	300	326.997
Charlie1	-0.69230145221093	0	10977	71	114.726
LSU-rRNA_Hsa	0.145605322246899	0.662	6355	27	24.408
LTR16E1	0.873809552563951	0	4601	277	151.16
ERV3-16A3_I-int	0.310309246145923	0.012	3535	514	414.525
ERV3-16A3_LTR	0.528429027075639	0.002	5653	97	67.251
MLT2D	0.124376128483997	0.274	8860	297	272.468
L1MB2	-0.600168454320773	0	11543	357	541.174
Charlie2b	-1.0203332087963	0	17080	111	225.151
MER81	0.793685805379421	0	6361	380	219.21
MER89	0.365682097733688	0.044	9323	108	83.819
MER91B	0.942211426304494	0	18216	168	87.433
MER31A	-0.0102964728486756	0.986	9583	80	80.573
MLT1A0	0.0606526108286036	0.164	10120	1314	1259.903
MSTB	0.0756143313526657	0.352	23879	548	520.018
LTR18B	0.761599283531811	0.01	17029	38	22.414
Charlie8	0.461247058712418	0	8093	363	263.668
MER46C	-0.135988109875418	0.324	13334	155	170.321
LTR81B	0.24734425241804	0.256	6531	83	69.923
LTR40a	-0.673127907778747	0	13567	76	121.184
LTR81	-0.69495446090252	0.196	24233	12	19.426
MER58B	-0.12741431269978	0.152	10189	386	421.641
MER74A	0.659160319849414	0	14811	154	97.52
MER63A	0.655419496427048	0	18323	339	215.228
LTR52	-0.920064585378564	0	7351	35	66.227
Kanga1	-0.37561749134127	0.218	2184	38	49.301
MLT-int	-0.515243445973824	0.25	3320	17	24.297
Charlie16	-0.122010020125814	0.616	8747	80	87.06
MLT2C1	0.211937352185066	0.11	7120	183	157.998
Tigger3c	-0.390585406287604	0.016	11235	107	140.269
MER91A	0.894302107542307	0	5553	406	218.431
MLT2B1	-0.0632055582453206	0.594	7208	260	271.644
MER47B	0.190690855333517	0.49	1016	43	37.676
L1MB7	-0.677841690839645	0	32075	897	1434.971
AmnSINE2	0.157222254704562	0.502	13123	44	39.457
MamRTE1	-0.070039736838091	0.356	7469	511	536.42
THE1A	-0.701546249567158	0	9350	158	256.947
MER45B	0.563675514920636	0.006	16176	118	79.836
LTR81C	0.624232758737719	0.008	8464	68	44.116
MLT1J	0.249959661971518	0	3352	1099	924.171
Tigger2a	-0.158051311033381	0.212	14582	181	201.956
MER66B	0.270231859120844	0.114	4406	102	84.577
LTR41C	-0.155587341296875	0.662	4645	40	44.555
MER34C_	-0.146469031883563	0.722	4641	35	38.74
MER58C	-0.382171999409547	0.01	19078	119	155.093
LTR26	-1.47168771873691	0	29875	13	36.055
BC200	-0.660170371570941	0.024	25168	26	41.087
LTR40c	0.168478633208673	0.556	9612	41	36.481
MER34	-0.479284091172549	0.04	3487	58	80.855
LTR19A	-0.676944359106912	0.076	368	16	25.58
L1MCc	-1.50094769891472	0	1753	70	198.12
AmnSINE1	0.235142472913284	0.02	18334	183	155.477
MSTA-int	-1.11474362075008	0	17206	92	199.232
HERVL-int	-0.397108051967944	0.032	11747	119	156.707
LTR27C	-Inf	0.002	13699	0	7.269
Tigger2b_Pri	-1.18867854641226	0	1034	57	129.928
MER117	0.70834162103804	0	761	430	263.17
LTR106_Mam	0.0115516164913895	1	3089	40	39.681
MLT1H-int	-0.210785559539181	0.512	5382	44	50.922
MER75	-0.960857638676224	0.014	2432	15	29.197
MLT2B4	0.34914743489888	0.008	170	355	278.692
Tigger17c	-0.323586240933045	0.482	3334	16	20.023
Tigger17d	-0.222877279361811	0.66	1647	17	19.84
Charlie25	-0.219754885175909	0.558	3541	56	65.214
MER51A	-0.374510925768391	0.12	88	45	58.338
MER96	1.07281672976351	0	3933	159	75.587
LTR40b	-0.155430740545146	0.51	592	61	67.939
MLT1E2	-0.0110497722992011	0.968	158	244	245.876
ERVL-B4-int	-0.300044356301257	0.08	107	203	249.93
MER107	-1.41034110461409	0.016	162	8	21.264
Arthur1C	0.460174553317905	0.046	199	59	42.887
MER45C	0.848180533973056	0	809	132	73.324
THE1C-int	-2.56204699832396	0	7337	20	118.109
MER121	0.678251451667521	0	4243	90	56.243
L1PA12	-1.16399511001773	0	1835	48	107.557
AluYg6	-0.788325693881975	0	9214	29	50.085
LTR16A1	0.820959052556357	0	3079	290	164.159
MSTB-int	-1.00960310992795	0.002	8639	28	56.374
L1MDa	-1.00954716464091	0	1519	215	432.855
L1ME3Cz	-0.739540247250248	0	14511	522	871.554
L1ME2z	-0.483862241607696	0	4850	315	440.522
L1PA15	-1.36052387027763	0	5114	213	546.938
tRNA-Gly-GGA	-0.0719914324878995	1	11102	6	6.307
UCON16	-0.18205660901025	1	12283	2	2.269
Eulor10	-1.21163525332715	0.674	11650	1	2.316
L1MA10	-0.608767505474668	0	6196	204	311.091
X30_DNA	0.34133543734661	0.11	13418	58	45.78
L1MC2	-0.51734357329813	0	8382	271	387.887
MamTip2b	0.689866573817166	0	2467	653	404.802
UCON80_AMi	0.47181767503743	0.228	1911	18	12.979
L1ME3C	-0.585457669255903	0	13410	134	201.069
L1MEh	-0.593130374714556	0.002	2963	122	184.039
L1MA5A	-1.09241511892155	0	3726	101	215.363
LTR10B2	-1.13378269703524	0.272	7713	3	6.583
LTR21C	-0.43722773891291	1	2222	1	1.354
LTR62	-0.120794281328641	0.906	468	18	19.572
THE1D-int	-0.95539348030786	0	336	83	160.946
MER44C	-0.598111075493696	0.01	8315	45	68.118
Charlie4a	0.236005282821613	0.086	55157	204	173.215
MER34C2	-0.333107838159907	0.548	949	29	36.532
MER39	-0.166425881183987	0.226	42	182	204.254
AluYh3a3	-0.42591961693333	0.564	557	7	9.404
MADE2	0.165377904401776	0.158	11	177	157.83
MSR1	-0.0410747281013171	1	1749	25	25.722
Helitron3Na_Mam	-0.0410730284645357	0.902	170012	66	67.906
LTR5B	-0.315250034735957	0.416	93700	22	27.373
LTR45C	0.442222328605074	0.174	129292	34	25.024
Tigger3d	-0.656194299684708	0.026	28368	25	39.398
LTR8A	-0.836974394102046	0	53617	50	89.315
LTR38	-0.243012820417728	0.764	46112	13	15.385
LTR38-int	-1.24853483613868	0.334	9843	3	7.128
HERVK13-int	0.217591435072627	0.82	6659	5	4.3
LTR3B_	-0.726482487265049	0.25	3332	10	16.546
MLT1E1	-0.664278026846534	0.008	5094	40	63.391
LTR78B	0.550741927178058	0	745	290	197.974
L1MB1	-1.02826442065637	0	2331	188	383.439
Tigger4a	-0.966710731680624	0	559	108	211.073
L1MD2	-0.587894287809132	0	1421	448	673.367
MER115	0.820003061191636	0	852	270	152.939
L1MEi	-0.855102291054674	0	1133	177	320.173
MER77	-0.0368827090866431	0.924	143	76	77.968
LTR3A	-0.394788496818607	0.598	454	8	10.518
MER77B	-0.477177718547418	0.028	104	56	77.953
LTR33C	0.0457342778528703	0.886	252	59	57.159
LTR85c	0.773779215844582	0	1176	120	70.186
Kanga1a	-0.38883242893145	0.178	528	39	51.064
Kanga1d	-0.356319909711718	0.236	762	32	40.965
LTR105_Mam	0.194187166080525	0.468	621	46	40.207
MLT2B2	-0.140473291184156	0.37	1986	120	132.272
LTR40A1	-0.544856274889975	0.164	682	24	35.013
HERVL40-int	-0.83523867085626	0.016	664	46	82.071
MER85	-0.337863739659055	0.114	427	43	54.347
MLT1J1	0.129563953667607	0.17	86	325	297.085
MER92B	-0.356262448031426	0.272	54	38	48.644
LTR10E	-1.11320040266395	0.072	44	8	17.306
MER63C	-0.686849829666484	0.03	67	34	54.732
LTR16E2	0.313153165707127	0.016	182	176	141.659
MLT1E1A	-0.372499444004112	0.002	27	160	207.135
L1PA13	-1.29421683941153	0	327	235	576.323
Kanga1b	-0.518094458015857	0.266	82	16	22.913
MLT1F1	0.290837516773585	0.012	171	241	197
L4_B_Mam	0.0688888692420136	0.602	107	207	197.348
MamRep4096	0.422621039782223	0.022	539	103	76.845
L1ME5	0.0828272396139922	0.524	182	219	206.781
MER21B	-0.195981742465115	0.21	293	147	168.389
L1P2	-0.968793917962229	0	450	54	105.689
LTR85a	0.626465086568967	0	131	172	111.415
Tigger19a	0.440511539291778	0	791	292	215.167
HAL1ME	-0.408608967331868	0	557	338	448.663
LTR24C	-0.861426080440542	0.116	178	12	21.802
L1MA1	-1.90013703707402	0	2781	74	276.204
MSTC	-0.0270440114312978	0.898	502	193	196.652
AluYb8	-0.47470577032175	0	115	115	159.808
MER21A	-0.604668807524438	0.002	653	81	123.171
X6a_DNA	0.617344775276593	0	524	92	59.972
MSTB2	-0.461468689155365	0.004	48	70	96.386
MLT2A2	-0.315200102782022	0.006	210	190	236.395
MER48	-0.254714967976918	0.75	96	10	11.931
HERVH-int	1.69193789655994	0	144	1239	383.484
L1PA17	-0.81808118325433	0	368	168	296.194
L1PB4	-0.789284972416637	0	137	271	468.347
LTR53B	1.41132333715058	0	311	30	11.279
MER61B	-0.934560049604403	0.026	3080	13	24.847
L1ME3F	-0.691137083779725	0	4295	171	276.089
tRNA-Leu-TTA	-Inf	0.94	2734	0	0.691
MLT1A0-int	-0.768775918646742	0.014	1849	34	57.93
LOR1a	-0.294561578579163	0.256	702	41	50.287
LTR33A_	0.518329064714093	0	1203	150	104.727
MER57B1	-0.314661726562244	0.192	1681	50	62.186
AluYh7	-0.5881649327595	0.092	6765	18	27.06
LTR16A2	0.992408324197525	0	1137	221	111.083
LTR53	-0.16834580441426	0.7	214	26	29.218
X17_LINE	-0.0372064871784656	0.896	314	56	57.463
MER90	-0.49991815287014	0.108	2540	30	42.424
LTR50	0.0871852584560201	0.584	2368	165	155.324
LTR1A2	0.446701806983392	0.094	855	71	52.094
LTR89B	0.536737215549534	0.014	198	64	44.117
MER11A	-Inf	0	371	0	62.511
LTR81AB	0.386737783078913	0.34	77	21	16.062
LTR1B1	0.639883644701457	0.114	229	17	10.91
MER61D	-2.98285671175612	0	457	2	15.811
MER61A	-1.61146750023341	0	287	16	48.89
Arthur1	-0.350234547600519	0.07	140	112	142.774
X7B_LINE	0.108114248699613	0.566	367	60	55.668
LTR8	-0.913176649369697	0	851	112	210.917
Eutr15	0.213273545871252	0.428	349	45	38.816
L1MA6	-1.14391495519812	0	92	154	340.309
MamRep434	0.496594722924986	0	174	180	127.58
L1PB2	-0.652515662565645	0	64	118	185.485
L1P3	-1.03197989963812	0	72	105	214.707
EUTREP8	0.907792561902911	0.002	65	30	15.99
CR1_Mam	0.0985617148230112	0.558	306	110	102.736
MER45R	-0.0397663994911539	0.974	310	38	39.062
Tigger17a	-0.111928086492736	0.494	300	137	148.052
MamTip1	0.767591126851645	0	136	78	45.817
LTR101_Mam	-0.189718288634801	0.412	234	61	69.573
MLT1G	0.357931530233576	0.006	137	223	174.003
Tigger11a	-0.556854937087238	0.258	897	17	25.008
MER110	-0.496779954048102	0.104	94	33	46.565
MLT1N2	0.401910661372541	0	36	456	345.126
LTR66	-0.238658156697438	0.656	22	19	22.418
HERVL66-int	0.4929806423354	0.534	109	9	6.395
MER54B	0.0374029942895529	0.934	170	27	26.309
MER70A	0.122491311328505	0.668	154	35	32.151
MLT1E	-0.666042370332838	0.024	156	35	55.535
L1MD1	-0.984745222929886	0	39	221	437.351
MamGypsy2-I	-0.396055078359095	0.066	17	105	138.17
LTR90B	0.486542942955611	0.06	113	45	32.118
MER20B	0.0410638307622577	0.724	82	258	250.76
MamSINE1	0.0244866264021993	0.734	118	358	351.975
LTR16D	0.326527719021464	0.09	878	86	68.581
MLT1F	-0.0904859298161379	0.41	203	247	262.988
LTR24	-0.128060451515371	0.892	314	17	18.578
LTR24B	-0.353188843090399	0.424	462	21	26.825
MER57A1	-0.533246187737559	0.014	377	44	63.676
LTR10C	-1.30257776677243	0	315	13	32.067
MLT1J-int	-1.00946383785107	0	622	43	86.566
MADE1	-0.466856444839413	0	610	338	467.148
MLT2A1	-0.410211092850009	0.004	137	167	221.923
LTR48B	-0.298921600738323	0.216	316	49	60.281
MER34-int	-1.47658330800511	0.034	229	9	25.046
LTR49-int	-1.86197681749725	0	124	37	134.497
tRNA-Glu-GAA	-0.403267722339301	0.746	322	4	5.29
MER70B	-0.325900775010182	0.25	233	47	58.912
MER121B	0.575615328461903	0.422	151	6	4.026
LFSINE_Vert	0.0682830389945049	0.578	119	145	138.297
Tigger9b	-0.417487998513666	0.206	272	35	46.746
UCON49	1.00266589858591	0.03	222	13	6.488
Kanga2_a	-0.480542937391522	0.048	140	67	93.483
MamGypLTR1a	0.563321595524016	0	264	97	65.644
Tigger23a	0.214700555543965	0.392	228	40	34.469
L1MEj	-0.302482784710166	0.164	730	117	144.292
L4_A_Mam	-0.0567207975056942	0.58	354	384	399.398
MamRep38	0.759511613229017	0	313	214	126.409
L1PB3	-0.739916466415574	0	97	139	232.141
LTR23	-1.37631816995392	0	149	20	51.921
ERV24_Prim-int	-1.30176321746614	0.078	251	10	24.653
LTR23-int	-1.50411186400883	0.188	1235	4	11.346
MER34B	-0.304050778593132	0.38	9406	33	40.742
LTR54	-0.799384913609979	0.002	2229	39	67.874
MER34C	-2.57313211780203	0.01	1779	2	11.902
MER75A	0.386468347082073	0.596	1635	7	5.355
LTR16A	0.534679890933479	0	944	372	256.796
L1M6	-0.667760338427985	0	271	205	325.664
MER44D	-0.76793109720226	0.024	117	23	39.165
MER34A1	-0.334598382932448	0.298	95	38	47.919
L4_C_Mam	-0.108309887312233	0.358	206	283	305.064
MamRep1879	0.70016923817763	0	505	146	89.863
MER94	0.17909616812912	0.036	1395	324	286.175
X12_DNA	0.259623082446848	0.082	2029	98	81.86
LTR16B2	0.468829223378587	0.002	2097	138	99.712
Zaphod3	0.0797946627413037	0.696	258	78	73.803
MER58D	-0.277687253734243	0.218	116	56	67.886
MamTip2	0.68977968656951	0	164	505	313.074
LTR33A	0.152913188125456	0.262	236	148	133.116
MER41A	-0.641700154940017	0	132	102	159.137
LTR8B	-0.990475697197196	0	1297	50	99.342
MER5C	-0.431907880231823	0.026	197	61	82.29
UCON63	1.85900326621197	0.146	179	3	0.827
MLT1C2-int	-1.53864852047533	0.012	90	9	26.147
Tigger13a	-0.304002720670578	0.05	276	154	190.123
LTR16D2	-0.288457002713701	0.604	107	15	18.32
ORSL	0.671026097909644	0	2032	117	73.483
MARNA	0.149295811184692	0.208	580	210	189.355
MLT1G1-int	-0.50440526765038	0.422	1142	13	18.441
LTR84b	0.68122134622892	0.002	610	124	77.331
LTR1C	1.84721394174684	0.002	1199	14	3.891
THE1A-int	-0.916349248522504	0	868	51	96.254
LTR91	0.166653996904506	0.338	766	107	95.327
LTR41B	0.0815854943228991	0.76	338	54	51.031
LTR91A	0.114679447338398	0.436	470	160	147.774
AluSq10	-0.818441575764165	0	182	52	91.702
X12_LINE	0.27862734052318	0.53	250	16	13.19
MER105	-0.412408950345508	0.104	233	32	42.589
LTR19B	-0.280590912691665	0.602	177	13	15.791
HERVIP10FH-int	0.101100668484401	0.834	448	28	26.105
Charlie16a	0.333234834704089	0.038	473	106	84.138
FordPrefect_a	0.468626676916974	0.264	260	23	16.621
MER11C	-1.53035992532386	0	82	19	54.883
LTR85b	0.474993563242933	0.01	696	100	71.947
LTR71B	0.50693829422073	0.262	287	21	14.778
LTR16D1	0.511256499587657	0.228	43	18	12.629
L1MA3	-1.69780802893431	0	175	182	590.422
X9_LINE	0.261512704929968	0.254	122	47	39.208
Charlie18a	0.0714588807381005	0.59	105	157	149.413
MER51E	1.59509687785487	0	1009	44	14.564
MER91C	0.70933078675726	0	1026	159	97.245
LTR86A1	-0.193043007896895	0.622	1584	29	33.152
U2	-0.740211799692717	0	2333	38	63.476
LTR83	-0.528200253254635	0.14	25	31	44.706
LTR75_1	0.529829963400879	0.392	701	11	7.619
MER72	0.164787345738065	0.544	2597	50	44.603
L2-3_Crp	-0.000180325609995399	1	416	104	104.013
UCON88	2.17715657067339	0	1109	9	1.99
Charlie32a	0.615397542349245	0.078	176	24	15.666
MLT1D-int	-0.488967386933605	0.24	516	25	35.086
MER52D	0.548951578381274	0.028	354	60	41.011
L1M	-0.43722773891291	0.088	198	33	44.682
X15_LINE	-1.0288722075578	0.05	1137	7	14.283
LTR12E	-0.469052409854689	0.548	884	5	6.921
MamRep564	0.945468583906594	0	425	92	47.772
LTR21B	0.982078092002738	0.322	1050	4	2.025
HERVFH21-int	0.839886552901759	0.238	282	16	8.939
LTR14B	-0.792695204164413	0.07	387	13	22.52
AluYk4	-0.847910255601989	0	76	37	66.596
Cheshire	-1.25077504627963	0	116	26	61.872
MamRep605b	-0.182490521985667	0.202	306	126	142.99
LTR12	-1.15221292473636	0	469	22	48.896
MER101	-0.272554104027577	0.63	38	18	21.743
X7C_LINE	0.391861017251953	0.072	254	48	36.583
LTR36	0.191094105498844	0.566	200	34	29.782
MER126	-0.293053502917324	0.582	326	13	15.928
MER130	0.563305112447123	0.132	384	16	10.828
UCON22	1.14305413671757	0.174	477	5	2.264
MLT1M	0.571943079729414	0	435	207	139.251
LTR71A	-1.01049341924845	0.16	3787	5	10.073
U13_	-0.469805846582372	0.292	356	13	18.004
Penelope1_Vert	-0.231195238330491	0.244	147	57	66.907
Tigger14a	0.00734310775530243	1	329	78	77.604
Charlie7a	-0.0419691554418522	0.892	163	83	85.45
MamRep137	0.324693970894901	0.012	2427	186	148.515
Charlie29a	-0.238619038838193	0.384	162	51	60.173
Charlie17a	0.293300657869217	0.06	170	91	74.259
MER94B	0.611941009697963	0	251	57	37.296
Eulor2A	-0.430106820996492	0.828	161	3	4.042
UCON20	-1.41953889151378	0.494	163	1	2.675
CR1-3_Croc	0.663743820219395	0	229	126	79.536
LTR86A2	0.104207582348667	0.816	311	19	17.676
MER102b	0.64951794125786	0	130	298	189.973
X5B_LINE	1.32389674887611	0.012	204	11	4.394
X20_LINE	0.435302914665283	0.34	207	13	9.614
U1	0.665050412043848	0.094	105	18	11.352
Mam_R4	0.258511440750188	0.354	4897	40	33.438
MLT2C2	-0.0371889125186015	0.916	3301	80	82.089
Ricksha_c	-0.382077761724014	0.148	4095	46	59.948
MLT1G3	0.0268620116962223	0.854	888	170	166.864
X9a_DNA	-0.179975777824984	0.544	332	37	41.916
CR1-16_AMi	0.482898778278568	0.102	258	26	18.604
MER96B	0.55543838459924	0	3504	191	129.966
LTR1F	0.0850103416743737	0.982	401	9	8.485
UCON57	1.87620139153738	0.022	513	5	1.362
Charlie24	-0.209538436047	0.372	336	66	76.317
MER75B	-0.84358192315399	0.418	853	4	7.178
5S	0.676210938165197	0.014	275	119	74.471
MER90a	0.268951957068883	0.148	1161	90	74.693
L1MA4A	-1.3141729914969	0	739	159	395.369
Tigger3b	-0.743225549597183	0	1049	233	390.022
tRNA-Glu-GAG_	-0.824835727107263	0.432	1162	3	5.314
Zaphod	-1.15255945424099	0	736	63	140.054
MER84	-0.872828759534885	0.118	702	12	21.975
MER84-int	0.436176266336994	0.544	1302	11	8.13
HY1	-1.31012856623962	0	1893	11	27.276
MARE4	0.714187345651805	0.01	1200	31	18.896
Charlie10	-0.479416836918608	0.098	1186	50	69.709
LTR9D	-0.475430811505982	0.104	554	33	45.881
SVA_F	-1.0243930521155	0	308	29	58.989
Charlie26a	0.107614862048988	0.708	302	33	30.628
Charlie21a	-1.05032755355842	0.016	285	22	45.562
MamGypLTR2c	0.708190475084812	0	301	103	63.045
EuthAT-2	-1.89656758856988	0	718	19	70.742
LTR29	-1.13468095139303	0.002	912	20	43.914
SVA_B	-0.510033571212366	0.032	1640	36	51.267
MamGypLTR1b	0.513788246237551	0.002	1044	105	73.54
Charlie10a	-0.118242451153229	0.846	1101	17	18.452
Tigger16b	-0.478776572291673	0.008	749	57	79.433
LTR86C	-0.255641722632939	0.656	1481	15	17.908
U5	-0.317419849834702	0.628	1644	10	12.461
L2-2_Mam	0.28300910559506	0.224	850	40	32.875
Charlie2a	-1.00859560898838	0	407	62	124.741
MER104	-0.0859358317852406	0.562	536	125	132.672
SVA_A	-1.1519375149073	0	1592	33	73.33
Kanga11a	-0.333968866941914	0.25	2468	42	52.94
MER5C1	0.0891886334768508	0.748	491	39	36.662
Charlie23a	-0.00928201723876555	1	709	88	88.568
Tigger9a	-0.352075804203736	0.22	172	48	61.267
Charlie17	-0.483149350796129	0.28	755	24	33.547
L1MCb	-1.64573459193441	0	8005	42	131.421
SVA_C	-0.852354027621014	0.012	2711	18	32.498
X32_DNA	0.0187318478996133	1	564	20	19.742
L1MCa	-1.53925712296282	0	695	154	447.593
MARE8	0.207227922481881	0.672	1103	15	12.993
MER51B	-0.552311485104	0.068	1224	30	43.993
HERV9-int	-1.82205998755317	0	1168	7	24.751
LTR47A	-0.0562633682050752	0.954	777	39	40.551
MER9a3	-2.33746644314671	0	879	7	35.379
LTR82A	-0.0666228218503248	0.86	1055	61	63.883
LTR21A	0.293864176469486	0.684	680	7	5.71
LTR77	-Inf	0.012	1350	0	6.202
LTR61	0.454596397016967	0.39	724	14	10.216
MER106B	-0.189545968557253	0.528	2302	42	47.897
LTR56	-0.102098187618736	0.768	916	54	57.96
MER4C	-0.454281195550061	0.132	1278	30	41.103
MER41E	0.277668498820618	0.444	2500	26	21.448
AluYe6	-0.105312360276907	0.946	1314	11	11.833
HERVFH19-int	-1.23204671335011	0.39	1507	3	7.047
MER110A	-0.387400574053974	0.232	709	29	37.933
AluYd8	-1.17813032829536	0.04	2167	6	13.577
MER11D	-4.0101532222146	0	1282	1	16.113
Tigger10	-0.639873922482303	0.002	2142	57	88.817
hAT-N1a_Mam	0.200601801770739	0.47	503	32	27.846
MamGypLTR3a	0.57064383413033	0.004	804	117	78.778
Eutr10	0.634698798466767	0.002	3594	93	59.899
LTR26E	-0.903809558578697	0.376	2391	4	7.484
MamRep488	0.787095026495329	0.002	9028	51	29.555
MLT2B5	-0.0199929792474001	1	49	22	22.307
Charlie7	-0.579538430053737	0	5945	159	237.605
Zaphod2	0.193526599346155	0.482	774	58	50.719
LTR9	-1.32028248436443	0	460	20	49.943
LTR60B	-0.392767023896269	0.542	5279	11	14.442
LTR2	-0.526772657797607	0.04	6841	37	53.306
MER57C1	-1.8842722929465	0.018	1176	3	11.075
MER21-int	0.259097664538107	0.372	836	77	64.342
AluYi6_4d	0.173536254994691	1	81	3	2.66
Tigger4	-1.10386195715164	0	13	41	88.121
MER47C	-0.139389629723543	0.62	312	41	45.159
ORSL-2a	0.636404368739237	0.034	187	35	22.516
7SK	0.142189579886821	0.52	218	49	44.401
LTR1D1	0.334834657829217	0.354	29	24	19.029
LTR51	-0.106435719372353	0.854	3187	23	24.761
Kanga1c	0.0631136086244072	0.812	370	51	48.817
Zaphod5a	0.0270868234812221	1	1253	5	4.907
X7D_LINE	0.579921884020626	0.518	269	5	3.345
MER106A	0.220851540979327	0.34	3088	51	43.761
LTR84a	0.185723034348969	0.52	3205	48	42.202
UCON14	0.211373943091984	0.82	3172	7	6.046
UCON70	0.738970730056583	0.278	9080	6	3.595
UCON29	-0.349159369502679	0.526	2260	11	14.012
Charlie13a	-0.129400023410758	0.816	730	31	33.909
MLT2F	-0.0259364509594533	0.926	740	114	116.068
L2-1_AMi	0.458427234291361	0.01	834	77	56.039
UCON105	-0.0955118946067859	0.758	361	36	38.464
UCON81	0.295128035543647	0.898	802	3	2.445
UCON73	0.365577923425921	0.328	412	19	14.747
MamTip3	0.526004820277058	0	633	101	70.142
Charlie4	-0.64458923204995	0.028	4569	34	53.152
LTR26C	0.244759417622017	0.582	3816	23	19.411
MER2B	-1.2695856209479	0	2109	52	125.368
EutTc1-N2	-0.267835392097615	0.784	2559	9	10.836
X5a_DNA	-0.0599897208452988	0.956	4434	24	25.019
Charlie13b	-0.152330941427574	0.724	1221	22	24.45
LTR16	0.338002062410464	0.002	992	235	185.917
LTR43B	-0.432473569574634	0.514	562	11	14.845
LTR103_Mam	0.858098998158884	0	885	81	44.686
MamGypLTR4	0.432924584022984	0.08	267	58	42.964
LTR47B2	0.533381580090511	0.258	941	15	10.364
X1_DNA	0.00557544043289291	0.988	70	42	41.838
X33a_DNA	0.241611534520648	0.814	48	5	4.229
Tigger22N1	0.108127206786126	0.632	765	72	66.801
HY3	-1.27798474729977	0	138	13	31.525
ERV24B_Prim-int	-1.73155566209853	0.03	276	7	23.246
HSMAR1	-1.15652605852866	0	213	20	44.584
MER34B-int	-2.611172380044	0	125	6	36.66
LTR75B	-0.575917361118149	0.392	181	8	11.925
MamRep1894	0.361196737976015	0.066	1137	54	42.04
LTR27B	-2.16414264884831	0.026	37	2	8.964
LTR1C1	1.44418384493836	0.006	54	12	4.41
MER67B	0.654868606709007	0.05	41	45	28.581
X6b_DNA	0.481206963873825	0.002	90	82	58.743
UCON34	0.479595712307931	0.098	822	28	20.081
U3	0.137753612565346	0.766	29	15	13.634
Eutr11	0.196027056535624	0.54	3307	41	35.791
X4b_DNA	-0.161259733721725	0.59	5525	38	42.494
MER97c	0.22398025935253	0.704	9338	15	12.843
MLT2E	0.148386051313071	0.638	17280	27	24.361
LTR65	-0.548981669648755	0.194	4240	19	27.798
HSMAR2	-1.31174088532823	0	1094	44	109.226
Tigger8	-0.424768561016663	0.122	2062	42	56.379
MER52-int	-0.334615945214317	0.58	2871	24	30.265
LTR22B1	-1.65153011766015	0.03	5724	3	9.425
HERV4_I-int	-2.06729452146853	0.02	2101	5	20.955
Zaphod4a	0.0146817396607447	0.982	11144	24	23.757
MER68-int	-0.539828810623053	0.42	4256	15	21.807
MER70C	0.0399244524869788	0.976	255	17	16.536
LTR102_Mam	-0.467710443772024	0.29	1194	23	31.807
LTR10F	-0.532277582139582	0.246	1379	19	27.478
MER6	-0.353858890626351	0.254	1525	39	49.841
U13	-0.779189667929191	0.192	9845	6	10.297
Tigger6a	-0.629652527175486	0.074	1355	26	40.227
PRIMA4-int	0.320125852253377	0.448	423	32	25.632
HERVK-int	0.299954919087899	0.584	1513	18	14.621
MER41G	0.608892200025422	0.358	804	10	6.557
L1HS	-1.17628158749534	0	668	31	70.058
LTR44	0.352807407771334	0.49	641	17	13.312
LTR45B	-0.258045055421152	0.586	206	21	25.113
MER57A-int	-2.57376229557632	0	685	20	119.072
LTR45	0.380285166846818	0.498	613	14	10.756
L1M3f	-2.15940314158529	0	254	10	44.673
LTR57	0.0900800986185989	0.888	3390	17	15.971
HERV3-int	-1.16341822250073	0.22	1222	8	17.919
Tigger6	-1.21536797220348	0.106	3127	6	13.932
GSATII	-0.0217955538217148	0.828	1776	9	9.137
HERVE-int	-0.0794935682865659	1	2640	17	17.963
LTR1C3	0.979535897440284	0.256	2941	7	3.55
LTR7Y	1.08342781600787	0.006	863	32	15.101
HERV9NC-int	-2.20327947639702	0	488	4	18.421
LTR12D	-0.573616894366025	0.098	365	20	29.765
LOR1b	-1.03030397174819	0	120	33	67.401
LTR88a	0.702422759825816	0	2404	89	54.694
MER6B	-0.612972766642616	0.024	2176	27	41.294
LTR10B	-2.30305008468167	0.076	1126	1	4.935
LTR14A	-0.605209844081142	0.488	657	5	7.606
UCON58	0.346583239679169	0.382	3563	18	14.156
MamTip1b	0.723313856882778	0.002	1331	44	26.651
MER6C	-0.200558159585661	0.934	1235	7	8.044
LTR22A	-0.170779678624233	0.936	661	9	10.131
Tigger18a	0.212396574168778	0.348	2870	88	75.953
MST-int	-1.14546008363565	0.094	2639	6	13.273
AluYb9	-0.4756037446846	0.254	623	16	22.248
Ricksha	0.075576313428511	0.864	791	27	25.622
Ricksha_a	-0.746312766425459	0.852	196	2	3.355
LTR80A	-1.80033047292464	0	1428	7	24.381
Charlie31a	-0.19699664982922	0.532	890	42	48.145
UCON35	0.332369841609009	0.492	2314	13	10.325
LTR86B1	-1.85207876260156	0.002	416	5	18.051
UCON41	0.446775463313182	0.05	1788	47	34.483
MamGypLTR1c	0.411111106769919	0.028	1620	91	68.436
LTR82B	-0.494589696189835	0.054	697	50	70.446
LTR88b	0.618360907682653	0	933	151	98.363
Helitron2Na_Mam	-0.240564125030099	0.516	1373	22	25.992
MLT1F-int	-0.591907334445317	0.174	457	21	31.652
LTR55	-0.0812210481529043	0.918	1595	23	24.332
X34_DNA	-0.981609139905604	0.3	746	3	5.924
MER6A	-0.352274263763624	0.154	1092	49	62.552
MLT1I-int	-0.951788617390991	0.014	2591	26	50.291
LTR9A1	-0.640767036065957	0.114	555	19	29.624
Tigger12c	-0.334121733178011	0.192	700	41	51.685
Tigger12A	0.32418406882773	0.202	83	56	44.73
HERVL74-int	-0.963042483970545	0.222	621	12	23.393
UCON71_Crp	-0.234676489945729	0.658	955	14	16.473
MER135	-0.690938502218381	0.008	725	30	48.43
tRNA-Thr-ACA	0.949904670995942	0.418	192	3	1.553
LTR32	0.910561233582717	0	171	137	72.881
CR1-1_Amn	0.324816374212189	0.752	242	5	3.992
X1_LINE	1.38458370273713	0.004	501	13	4.979
LTR16B	0.613671871656078	0.006	1465	64	41.826
MER127	-0.505778038377273	0.35	399	9	12.779
UCON65	0.674229838818244	0.596	664	3	1.88
X6B_LINE	-0.0997554960472851	0.684	6020	49	52.508
LTR10D	-0.374900369701351	0.588	774	8	10.374
PRIMA4_LTR	0.200221913428772	0.568	438	24	20.89
MER57E2	0.151041617207605	0.894	1366	5	4.503
MamGypLTR1d	0.424564721954039	0.066	1976	63	46.939
CR1-L3A_Croc	0.747372409227438	0.01	1093	32	19.062
UCON78	-0.63373011470339	0.3	1033	7	10.861
EUTREP2	0.611990523890948	0	1145	75	49.072
MER57F	-0.792974308088224	0.06	195	14	24.257
DNA1_Mam	-0.184950257544179	0.902	472	9	10.231
Charlie17b	-0.549736370234668	0.192	464	22	32.204
U7	-0.879117591357696	0.066	512	8	14.714
MLT1J1-int	-0.136142765677454	0.804	80	27	29.672
MER129	0.37632039170599	0.45	277	10	7.704
X6A_LINE	-0.144419351790679	0.482	424	56	61.896
MERX	-0.451513069928782	0.29	13824	19	25.982
Tigger17	0.204648634833441	0.896	7134	4	3.471
EUTREP16	0.250623060814229	0.434	2642	30	25.216
LTR4	-2.25942315228141	0.14	1174	1	4.788
MER87	0.0605477249270468	0.96	35585	10	9.589
LTR49	-0.647462538155626	0.006	16237	56	87.719
MER51D	0.361385494917447	0.522	25480	12	9.341
tRNA-Asn-AAC	-0.963474123974886	0.846	1374	1	1.95
PRIMA41-int	-1.10419286244522	0.1	627	14	30.097
tRNA-His-CAY_	1.28630418515664	0.182	826	4	1.64
tRNA-Gly-GGG	0.80171540334304	0.506	1202	3	1.721
tRNA-Val-GTG	-0.851998837112446	0.938	813	1	1.805
tRNA-Gln-CAG	-0.216610068742442	1	435	4	4.648
LTR39-int	-2.42572783804503	0.03	316	2	10.746
X9b_DNA	-0.738079973470318	0.026	269	22	36.695
MER57B2	-0.804731377821525	0	320	39	68.126
LTR54B	-0.729444006833664	0.012	167	31	51.398
LTR76	-Inf	0	3616	0	10.336
MamGypLTR2b	0.482879657086008	0.016	2472	73	52.235
MER50C	-Inf	0.064	904	0	4.744
tRNA-Met_	-Inf	0.142	1752	0	2.846
PABL_B	0.109553307320094	0.8	1092	24	22.245
LTR15	-0.59598097896562	0.252	1485	10	15.115
LTR38B	-1.22517208224587	0.076	211	6	14.027
HERV-Fc2_LTR	-Inf	1	700	0	0.246
MER61-int	-1.89310976558927	0	525	20	74.287
LTR81A	0.248250653206723	0.304	794	60	50.515
UCON44	-0.747073358879793	0.068	340	13	21.819
UCON47	1.31037022934457	0	1486	23	9.274
UCON89	0.706511797624492	0.396	603	5	3.064
Chap1_Mam	0.305590260659885	0.256	249	36	29.128
Helitron1Na_Mam	-0.828410020597068	0.11	481	11	19.533
Helitron1Nb_Mam	-0.12300395405482	0.876	498	19	20.691
Eutr18	0.885766255572912	0	1703	75	40.59
X11_DNA	0.391506134971571	0.284	1055	21	16.009
X23_DNA	0.714301874041875	0.326	1529	6	3.657
UCON11	0.535854543308814	0.618	402	4	2.759
MER41-int	-3.75571547834614	0	475	8	108.062
LTR1F1	0.600295035243619	0.112	165	21	13.852
X8_LINE	-0.324129802800501	0.532	1034	11	13.771
L2-1_Crp	0.289827251720338	0.888	693	3	2.454
MER4D0	-0.522742985960811	0.254	168	19	27.297
MER30B	1.55617003840229	0	263	38	12.922
HUERS-P3-int	-0.930033319840713	0.084	542	25	47.633
Eutr2B	0.426910664422379	0.224	995	34	25.291
HERV35I-int	-1.34023941861475	0.022	279	15	37.979
U4	-2.24016165511367	0.014	793	2	9.449
LTR37-int	-2.63876894441695	0	198	13	80.964
Charlie30b	-0.288535750293802	0.33	288	30	36.642
LTR28B	-0.230817841861083	0.678	1625	14	16.429
Charlie14a	0.0916412258412469	0.786	958	33	30.969
L1MEg2	-2.19298316997399	0	234	10	45.725
LTR14	-1.53281564410817	0.15	485	2	5.787
HERVK14C-int	-Inf	0.106	92	0	4.786
MER66A	0.543869744452954	0.112	124	28	19.206
MamGyp-int	0.581871001863293	0.036	728	62	41.422
MLT1A1-int	-0.460130937623791	0.32	155	21	28.889
LTR46-int	0.506865077694495	0.586	1373	8	5.63
L1M2a	-0.862104190207023	0.152	1318	16	29.083
MER4-int	-2.28059692332745	0	2006	38	184.634
L1P4e	-0.266276823322477	0.788	3748	10	12.027
Charlie9	-0.335638154790634	0.224	516	62	78.24
LTR26D	0.608232280044003	0.194	105	21	13.776
UCON86	0.536726315068309	0.46	150	6	4.136
LTR107_Mam	0.0768719534265834	0.85	277	27	25.599
UCON21	0.827939254213697	0.458	156	3	1.69
Tigger20a	-0.26628387946338	0.216	364	68	81.784
Eulor1	-0.302757715638036	0.908	143	4	4.934
LTR7C	-1.14766850318116	0.016	929	9	19.94
MER73	-1.29555511310578	0.028	166	7	17.183
L1PBa	-1.00777984372616	0	211	70	140.757
LTR06	0.433915509484533	0.516	113	8	5.922
LTR1E	-0.0535747784940292	0.972	1436	18	18.681
LTR48	-0.451666421269566	0.114	789	42	57.44
hAT-N1_Mam	0.0712696403889575	0.916	727	15	14.277
MLT1E3-int	0.41465283188798	0.674	1265	5	3.751
PABL_A	-0.619446549555777	0.072	3694	21	32.262
LTR28C	-2.8279206192824	0	1476	2	14.201
MLT1K-int	0.0684042141576721	0.962	1665	13	12.398
MER57-int	-2.27058500457023	0	1020	16	77.203
tRNA-Val-GTY	-Inf	0.37	156	0	1.735
LTR47A2	-0.437391653591367	0.464	832	13	17.604
UCON38	0.209466246892178	0.656	125	14	12.108
Arthur2	-0.456949479918674	0.07	226	44	60.396
Tigger21a	-0.214401157243528	0.866	4852	9	10.442
Eutr5	0.304837608745427	0.344	634	30	24.286
MER50-int	-1.31664228163431	0.024	141	14	34.872
X4a_DNA	0.419404246259983	0.316	1291	15	11.216
PABL_B-int	-0.133125083239361	0.982	2245	15	16.45
LTR88c	0.40955525846605	0.022	280	83	62.487
Charlie10b	-0.233186871805243	0.7	181	14	16.456
UCON4	-0.462052318796433	0.564	211	6	8.265
hAT-5_Mam	-0.548423294118947	0.06	138	37	54.112
MER66D	0.184424571137427	0.652	301	17	14.96
HY4	-2.29071928277095	0.008	351	2	9.786
LTR87	-0.554360203971521	0.086	322	29	42.587
HERV1_LTRd	-0.01292617444427	1	595	1	1.009
Tigger3	-0.740156601586612	0.004	39	42	70.155
LTR80B	-1.21053273351404	0.002	56	13	30.085
MLT1E2-int	0.213682446698502	0.774	442	9	7.761
MLT1B-int	-0.938390353945406	0.054	177613	18	34.495
Eutr16	0.70655888374016	0.008	12053	50	30.639
Zaphod5b	1.17331932468214	0.04	89786	10	4.434
MER57E1	-0.756975819855443	0.04	228856	18	30.419
UCON33	-0.438470293931119	0.588	103104	6	8.131
MER41C	-0.310049225351383	0.308	417	40	49.59
EUTREP7	-1.24140438986225	0.048	267	7	16.55
UCON37	0.893052254457094	0.014	9313	19	10.231
MamRTE2	-0.560714954474479	0.896	448	2	2.95
MSTD-int	-1.00803784178092	0.004	21288	23	46.257
Looper	-1.60173972970349	0.014	953	11	33.386
LTR22B2	-1.23695175858808	0.742	6913	1	2.357
Eulor12	1.07878131949824	0.11	462	7	3.314
LTR6A	-0.883794572162178	0.074	18094	9	16.607
AluYk11	-0.548225225319755	0.398	567	7	10.236
MamGypLTR3	0.366053722920562	0.154	6716	51	39.571
MLT1F1-int	0.399291092195822	0.518	130	13	9.857
X2b_DNA	0.287813017479168	0.548	16393	14	11.468
MER51C	-0.323594246676651	0.732	436	9	11.263
LTR35A	-1.54151483946068	0.226	19733	2	5.822
MER97b	0.0367949351532508	0.96	598	11	10.723
MamGypsy2-LTR	-0.00258918298431225	1	922	54	54.097
Eulor9A	-0.278381309985299	0.858	12	6	7.277
MLT1J2-int	-0.151071598722102	0.772	1065	33	36.643
MER34D	-0.147492780947569	0.888	45	14	15.507
MER51-int	-2.45135243013922	0	3422	7	38.285
MER65C	-0.845590408847855	0.024	84	22	39.534
UCON55	-0.919560111680266	0.016	4091	13	24.59
LTR12B	-0.243804462662724	0.77	128	9	10.657
MamTip3B	0.223068324733267	0.356	2066	58	49.691
MER57D	-1.98758074074593	0	74	7	27.76
U17	0.862496476250065	0.81	4411	1	0.55
LTR35	-2.82456421208983	0.048	530	1	7.084
MER50B	-0.541444037554504	0.086	3329	28	40.752
LTR1D	-0.34285811947505	0.442	160	15	19.024
MSTA1-int	-0.870266070395983	1	6215	1	1.828
UCON19	1.10858081315392	0.22	327	4	1.855
L1MDb	-1.73164327648789	0	2894	17	56.458
UCON7	0.517949654768319	0.288	185	11	7.682
MLT1G-int	-0.0692647117183869	1	3680	11	11.541
LTR31	0.119412420700479	0.816	299	16	14.729
L1M3c	-2.1251882013167	0	2818	15	65.439
HERVK22-int	-1.3965979315749	0.032	246	10	26.328
LTR17	0.00163416484252541	1	10252	53	52.94
MER83B	-0.118193583839568	1	836	8	8.683
PrimLTR79	0.282789700980404	0.652	3756	10	8.22
LTR27	-1.73197969063761	0	426	6	19.931
HERV30-int	-0.159629185821228	1	4849	4	4.468
MER74C	-0.662559988845292	0.272	354	9	14.246
PABL_A-int	-1.70845703388873	0.026	11268	9	29.413
LTR1	0.0654205961427195	0.936	829	15	14.335
MER99	-1.85271800716074	0.016	15494	5	18.059
UCON26	-0.176786960238061	0.838	1457	11	12.434
FordPrefect	0.0917093134142144	0.812	5003	39	36.598
tRNA-Asp-GAY	-1.09491164702547	0.752	476	1	2.136
L1M3e	-1.4219039904203	0.002	6991	18	48.229
SSU-rRNA_Hsa	0.767032319468351	0.24	596	8	4.701
HUERS-P3b-int	-3.46227049574065	0	17999	3	33.065
LTR6B	-0.0576620637170977	1	208	9	9.367
LTR38A1	-0.868844773650521	0.296	12248	5	9.131
EUTREP15	0.0138925025534462	1	112	12	11.885
HERVS71-int	-0.129492848236281	1	2329	11	12.033
HERVK11-int	-3.04526821513853	0.012	1	2	16.51
EUTREP14	0.503312996119394	0.06	5816	33	23.281
LTR90A	-0.0905000019728911	0.892	74	23	24.489
THE1-int	-0.464798939984005	0.492	5156	8	11.041
L1M6B	-0.534758869344362	0.128	12	30	43.461
LTR86B2	-0.381070349979825	0.472	3849	13	16.93
X2a_DNA	0.816094892586374	0	3928	44	24.991
EUTREP4	0.533884938583922	0.112	4532	26	17.958
UCON48	-0.533687927899481	0.432	2229	8	11.581
LTR69	0.782893391916608	0.114	3363	15	8.718
LTR1F2	-0.074162875507007	1	4762	8	8.422
Tigger6b	-2.38874060478726	0.018	383	2	10.474
HY5	-Inf	0.594	2710	0	1.178
MER89-int	-0.355544911136174	0.444	1378	32	40.943
tRNA-Glu-GAG	1.44877111443401	0.186	4584	3	1.099
tRNA-Thr-ACG_	0.413115187147815	1	405	1	0.751
L1MEg1	-1.3213278088822	0	1946	25	62.474
UCON96	-0.214124805352847	1	445	1	1.16
LTR2752	-0.563841478880328	0.304	235	10	14.782
X24_DNA	0.173361308648647	0.548	20293	31	27.49
UCON1	0.0476167292310437	0.926	3304	15	14.513
UCON84	0.480178562948757	0.4	563	9	6.452
UCON12A	1.18114943910457	0.324	29	3	1.323
Eulor2B	-1.7819891158647	0.272	8800	1	3.439
X21_LINE	1.27528736976857	0.04	902	7	2.892
tRNA-Ile-ATA	0.0265724019956902	1	4944	4	3.927
LTR1B0	1.18467681259989	0.014	231	13	5.719
LTR43	0.082431851790991	0.824	1621	28	26.445
UCON40	0.108775259550993	0.838	94	16	14.838
tRNA-Met	0.337034987277571	0.848	3291	3	2.375
tRNA-Lys-AAG	-1.10601323762212	0.374	210	2	4.305
MLT1N2-int	-0.145677455195635	1	7813	4	4.425
MER70-int	-0.144139624200682	0.938	751	14	15.471
L1M3d	-2.96384399836248	0	4404	4	31.208
LTR5A	1.17389787801724	0	1252	36	15.956
LTR34	-0.0328942835834912	1	376	16	16.369
L1M3de	-3.25232482161282	0	733	3	28.587
HERV17-int	0.4401643638424	0.158	544	79	58.227
UCON99	-0.59215800212536	0.856	459	2	3.015
MSTB1-int	-0.836631104428236	0.206	393	8	14.287
L1PBb	-1.63067172506634	0.01	265	7	21.676
EuthAT-N1a	-1.54596836910529	0.414	1123	1	2.92
MER68C	-0.727267010734912	0.35	3386	6	9.933
LTR3B	0.745708313677782	0.256	349	8	4.771
MER76	0.504270153454811	0.026	443	59	41.596
CR1-12_AMi	0.314912044324971	0.568	511	10	8.039
MER97a	0.966296696331792	0.022	78	33	16.89
MLT1H2-int	-1.1096280099386	0.076	136	10	21.579
LTR47B4	-0.995182983702224	0.326	294	3	5.98
LTR19-int	-1.28770868624542	0.238	431	5	12.207
tRNA-Ser-AGY	0.298672742587059	1	386	1	0.813
UCON66	0.0675608134465289	1	57	4	3.817
HERVIP10B3-int	-1.6732850451686	0.084	118	5	15.947
Merlin1_HS	-0.142740172116082	1	1032	3	3.312
LTR108a_Mam	-2.17472598770613	0.188	13	1	4.515
MSTC-int	-0.291389238035981	0.714	728	11	13.462
X10b_DNA	-0.0288834306079667	1	450	18	18.364
tRNA-Leu-TTA(m)	-0.686164326061359	1	650	1	1.609
MER83B-int	-1.74338570781367	0.072	90	5	16.741
Eutr2	0.490477497212295	0.24	1230	19	13.524
UCON39	-0.10701824988212	1	839	6	6.462
UCON5	0.111889971414473	0.896	540	8	7.403
MER61F	-0.263034405833794	0.818	1491	8	9.6
LTR1A1	0.116660712652853	0.736	704	25	23.058
UCON93	-0.589763486984977	1	1023	1	1.505
GSAT	-0.31150311546827	1	155	3	3.723
MLT1-int	-0.467042292618776	0.49	200	11	15.205
MLT1A-int	-0.481195592928954	0.332	4308	20	27.918
LTR72B	0.266211831374818	0.626	1481	12	9.978
MLT1E1A-int	-0.671746266863223	0.69	22924	3	4.779
LTR27E	-2.73096595186008	0	4277	2	13.278
L1P4b	-2.17998868478701	0.04	10046	2	9.063
L1M2b	-1.6693669836555	0.056	1824	4	12.723
Eulor9B	-0.82781902461732	0.968	12935	1	1.775
L1M3a	-3.23323618525269	0	2667	4	37.615
L1P3b	-Inf	0.02	12353	0	5.283
CR1-11_Crp	-0.587845009254278	1	1481	1	1.503
UCON31	-1.23756371831768	0.134	419	3	7.074
hAT-4b_Ther	0.283306000252596	0.566	910	17	13.969
MER97d	0.0706297971045372	0.958	748	9	8.57
LTR22C0	-1.14882566790403	0.236	865	3	6.652
LTR68	-1.5898319568856	0.006	3189	7	21.071
CR1-L3B_Croc	0.494109070270043	0.676	1312	3	2.13
L1M2c	-2.4637793767122	0	4892	5	27.583
LTR12_	-0.925282111149401	0.006	1822	18	34.183
UCON6	-0.532815644108173	0.594	1342	4	5.787
CR1-13_AMi	-0.300299473665638	0.858	57	5	6.157
PRIMAX-int	-1.1740867785504	0.688	2457	2	4.513
UCON28b	0.657770368899467	0.296	94	7	4.437
LTR28	-1.58800497987493	0.064	347	3	9.019
L1MEa	-1.88596475675397	0.01	336	6	22.176
L1M2a1	-2.05050169744673	0.1	1273	2	8.285
MER132	-0.151858816727005	1	3637	2	2.222
X2_LINE	-0.483364360713349	0.456	3685	8	11.184
Eulor4	-Inf	0.334	315	0	1.926
UCON8	0.343046066790944	0.394	45	16	12.614
MARE6	-0.00732599708887413	1	2835	11	11.056
X22_DNA	0.49817873457909	0.822	1378	2	1.416
MER125	1.12465678630378	0.004	173	18	8.255
Eulor6B	0.693154499685718	0.34	1102	6	3.711
MER68B	-0.241535141795717	0.558	580	24	28.374
UCON12	-0.823749360308273	0.626	3391	2	3.54
UCON85	0.261016045299488	1	2191	2	1.669
MER123	0.738890471090698	0.408	1166	5	2.996
MER95	-1.07141945648989	0.254	5480	4	8.406
Eulor6A	0.751465163861321	0.544	6456	3	1.782
UCON97	0.320125852253377	0.878	2425	3	2.403
Eulor5A	-2.8958842359515	0.002	696	1	7.443
UCON64	-Inf	0.75	1466	0	0.924
MARE11	0.416962376203336	1	3595	1	0.749
MER61C	-4.22473489803063	0	2565	1	18.697
HERVK14-int	0.108822198814926	0.806	545	29	26.893
AluYk12	-2.57094860517333	0.044	2854	1	5.942
MER92A	-0.880959738582781	0.302	256	5	9.208
MER61E	-4.26895831593364	0	699	1	19.279
UCON69	1.82452862605104	0.01	179	6	1.694
MER133A	-0.715454127115718	0.76	3017	2	3.284
UCON24	-0.379620962055708	1	959	1	1.301
tRNA-Arg-AGA	-0.252778951528184	1	1043	2	2.383
LTR18A	0.410835763300228	0.422	774	16	12.035
HERVL18-int	0.620600837474422	0.176	41	50	32.52
MLT1O-int	-Inf	1	11	0	0.749
UCON60	0.352915787371046	0.85	34	3	2.349
MER72B	0.303531303725546	0.518	80	15	12.154
LTR47B3	-0.820485342986379	0.572	40	4	7.064
Eulor9C	0.155671741425495	0.86	21	7	6.284
L1M3b	-5.07916474203731	0	8	1	33.805
LTR1B	0.094682590327951	0.604	2	23	21.539
LTR25-int	-5.00418675153187	0	16	1	32.093
LTR9C	-2.33656904176912	0.008	49	2	10.102
UCON80	0.95847663781565	0.228	53	5	2.573
MARE10	-2.27262045466299	0.116	2	1	4.832
HUERS-P2-int	1.35912671284161	0	48	44	17.152
MER92D	-1.43786690087015	0.032	138	5	13.546
MER110-int	-0.591739248767405	0.34	23	16	24.113
MER83C	0.407204131150028	0.44	34	12	9.049
L1P4a	-1.87172538997071	0	85	10	36.597
LTR53-int	-0.692976482330453	0.312	99	13	21.016
L1P4d	-1.76694846038192	0.078	20	3	10.21
HERVP71A-int	-2.4262647547021	0.038	97	3	16.125
Charlie3	-0.631669738600884	0.26	109	14	21.691
Eulor3	-Inf	0.236	44	0	2.313
UCON101	0.381761344404545	0.372	37	16	12.28
MER101B	-1.25701061820602	0.034	1	7	16.73
Eulor6D	0.957666957239577	0.088	53	9	4.634
HERVL32-int	0.72169494360441	0.348	65	13	7.883
LTR58	-0.613845931329123	0.81	9	3	4.591
tRNA-Arg-CGY_	-1.42277121932047	0.492	55	1	2.681
Eulor8	-0.488343616615361	0.566	2	6	8.417
Ricksha_b	-0.77799825566867	0.528	7	4	6.859
LTR22E	-Inf	0.008	15	0	6.94
LTR73	-0.735522177296537	0.254	30	8	13.32
UCON25	0.101598140007807	1	12	3	2.796
MER57C2	-1.01379402237459	0.016	27	14	28.269
UCON28c	0.527338942243025	0.49	26	6	4.163
X13_LINE	0.0617351214376487	0.986	51	9	8.623
Eulor6C	1.21982990726863	0.282	73	3	1.288
LTR35B	-0.806176730860323	0.27	52	7	12.24
LTR22B	-0.938097561074093	0.286	47	4	7.664
L1PBa1	-1.63324519416856	0	45	10	31.021
tRNA-Phe-TTY	-2.36876834909033	0.1	91	1	5.165
UCON2	0.272297327162762	0.666	9	10	8.28
UCON51	-1.3956112485038	0.502	4	1	2.631
UCON15	0.748068873311413	0.326	17	5	2.977
Tigger17b	-2.46152855947288	0.076	3	1	5.508
UCON27	0.543485864744997	0.354	14	9	6.175
LTR27D	-2.44934126704688	0.002	1	3	16.385
UCON83	-1.57288966842058	0.386	4	1	2.975
Eulor2C	0.795233249345387	0.414	31	4	2.305
UCON62	-Inf	0.434	7	0	1.408
Eulor11	0.00989225326960718	1	15	6	5.959
LTR5	-Inf	0.568	26	0	1.517
ALR/Alpha	-4.27213519519758	0	2	6	115.929
MLT1G3-int	-0.594070756851538	0.452	12	10	15.095
LTR19C	-0.666665710594598	0.518	15	5	7.937
HERVH48-int	0.820616345643702	0.168	12	15	8.493
LTR30	-3.0727918181067	0.008	13	1	8.414
MER134	0.778707193839415	0.146	37	9	5.246
LTR52-int	-0.712082143878462	0.546	6	6	9.829
UCON28a	0.0348621875368185	1	12	8	7.809
Eulor7	-Inf	0.914	43	0	0.757
MSTB2-int	-1.49774008860909	0.294	31	2	5.648
MER133B	-Inf	0.182	223	0	2.427
HERVKC4-int	-Inf	0.148	179	0	3.807
HERVE_a-int	0.829608748237434	0.066	316	22	12.379
LTR70	-1.68885174386588	0.122	7	3	9.672
tRNA-Cys-TGY	-1.39634218964212	0.166	9	3	7.897
LTR22	-0.67626740826589	0.618	1111	3	4.794
UCON103	0.179514657013621	1	234	1	0.883
MER67D	-0.787618199314793	0.002	161	36	62.144
MER87B	0.756214876801754	0.078	214	21	12.433
Charlie11	-0.460690148848735	0.8	1799	5	6.881
MER88	0.412901754934853	0.488	250	9	6.76
LTR108e_Mam	-0.40979822782842	0.612	34	8	10.628
MER92C	0.145206402006313	0.852	245	8	7.234
UCON9	0.532720519540018	0.582	19	4	2.765
LTR10G	-1.24610400988392	0.192	208	3	7.116
HERVI-int	-2.53580413827031	0.162	14	1	5.799
LTR25	-2.02313704527323	0.016	642	3	12.194
LTR60	-1.21412480535285	0.702	45	1	2.32
LTR3	-2.55704241526372	0.052	59	1	5.885
HERVK3-int	0.116209204916973	0.782	23	23	21.22
L1P	-0.909197062991687	0.212	100	5	9.39
hAT-16_Crp	1.9646576192078	0.018	50	5	1.281
LTR108d_Mam	-0.413233002432096	0.916	38	3	3.995
LTR18C	0.111539230441959	0.978	33	5	4.628
MER83A-int	-2.65718266012842	0.162	33	1	6.308
tRNA-Leu-CTA_	-Inf	1	31	0	0.471
tRNA-Gln-CAA	-Inf	0.65	138	0	1.265
LTR10B1	-1.77596357296372	0.026	43	3	10.274
Charlie6	-1.45951905205091	0.138	29	6	16.501
LTR72	-0.28658548326394	0.792	38	8	9.758
EuthAT-N1	1.5048896347252	0.002	31	14	4.933
tRNA-Met-i	-1.34936527759421	0.55	22	1	2.548
MARE9	-Inf	0.708	50	0	1.115
SST1	1.97946816686865	0	207	84	21.301
REP522	2.69550639373006	0	102	67	10.343
tRNA-Lys-AAA	-Inf	0.112	129	0	2.85
tRNA-Asn-AAT	-Inf	1	75	0	0.006
X1_LR	1.16650266314017	0.448	68	2	0.891
MLT1E1-int	-Inf	0.428	235	0	2.284
SATR1	2.76689052158589	0	119	290	42.607
tRNA-Ala-GCY_	-Inf	0.036	136	0	4.343
UCON23	-0.923719678749389	0.824	339	1	1.897
tRNA-Ser-TCY	-Inf	0.866	173	0	0.842
MER76-int	-2.14323013477689	0.142	172	2	8.835
MLT1C-int	0.461777904953098	0.494	208	11	7.987
tRNA-Ile-ATT	-0.0299828662157144	1	107	3	3.063
tRNA-Leu-CTG	-Inf	1	138	0	0.567
tRNA-Gly-GGY	-0.975263321678493	0.83	245	1	1.966
LTR14C	-1.82680268428583	0.078	575	2	7.095
UCON18	-0.832687516439532	0.938	360	1	1.781
UCON59	0.56810965171382	0.566	154	4	2.698
LTR47B	-0.369047643455913	1	194	2	2.583
tRNA-Pro-CCG	-Inf	1	109	0	0.249
tRNA-Pro-CCY	-Inf	0.834	123	0	0.986
Eulor5B	0.659152922949586	0.55	44	4	2.533
LTR38C	-0.982035261357941	0.358	412	4	7.901
UCON94	0.713907425634527	0.56	15	3	1.829
HERV1_LTRa	-Inf	0.42	22	0	1.691
MLT1L-int	0.0740005814437768	0.95	236	7	6.65
L2-3_AMi	-Inf	1	45	0	0.596
tRNA-Tyr-TAC	-Inf	0.296	96	0	2.193
Charlie7b_Mars	-Inf	0.462	38	0	3.559
UCON71	0.00144341686966885	1	16	1	0.999
LTR108c_Mam	-Inf	0.226	24	0	2.733
LTR108b_Mam	-Inf	0.184	14	0	3.217
ERVL47-int	-0.557450937152585	0.586	16	9	13.245
LTR59	-0.776525151421912	0.468	32	4	6.852
Chompy-7_Croc	-0.126972856257765	1	64	1	1.092
MER136	-0.735522177296537	1	20	1	1.665
UCON17	0.643104981717716	0.622	12	3	1.921
EutTc1-N1	-0.176322772640463	1	29	3	3.39
UCON61	0.0350469470992006	1	125	1	0.976
SATR2	2.56233004338478	0	59	159	26.919
MER57E3	-Inf	0.002	17	0	13.96
HSAT4	-2.8292406992993	0.208	282	1	7.107
Eulor6E	0.152804813410605	1	259	2	1.799
U8	-Inf	0.33	24	0	1.782
tRNA-Thr-ACY	0.132894270497345	1	141	1	0.912
L1P4c	0.479507905909846	0.568	180	9	6.455
tRNA-Leu-TTG	-Inf	0.448	207	0	1.533
HERVK11D-int	-Inf	0.172	43	0	3.081
(GAATG)n	-0.892973815273334	0.936	228	1	1.857
UCON67	1.71193679967468	0.05	40	4	1.221
tRNA-Val-GTA	-Inf	1	49	0	0.724
tRNA-Leu-CTY	-0.734655433479005	1	109	1	1.664
HERV1_I-int	0.745405956966859	0.476	28	6	3.579
HSATI	1.29926437476303	0.33	70	3	1.219
MER9B	-Inf	0.23	6	0	2.367
EUTREP6	0.432454552356253	1	33	1	0.741
MLT1E-int	1.45798964446339	0.438	50	2	0.728
tRNA-Ser-TCA	-Inf	1	49	0	0.06
tRNA-Trp-TGG	1.32553934843974	0.396	19	2	0.798
UCON75	1.84996030722585	0.026	27	5	1.387
tRNA-Ser-TCG	-Inf	1	31	0	0.415
Tigger1a_Mars	0.100051013810328	1	18	3	2.799
UCON100	0.879648059634778	0.608	40	2	1.087
LTR43-int	-1.15055967657538	0.622	56	4	8.88
LSAU	2.26072793845062	0	710	21	4.382
HERV1_LTRe	-Inf	0.442	83	0	1.636
HERV-Fc1_LTR1	-Inf	1	15	0	0.805
HERV-Fc1_LTR2	-Inf	1	308	0	0.182
HERV-Fc2-int	1.35845397091248	0.52	267	1	0.39
HERV-Fc1-int	-Inf	1	1379	0	0.331
U14	-Inf	1	227	0	0.381
UCON56	0.176250639691727	1	148	1	0.885
Chompy-6_Croc	0.380821783940931	1	243	1	0.768
HERV1_LTRc	-0.0731347046302154	1	965	2	2.104
tRNA-Ala-GCA	-Inf	0.184	188	0	2.368
HERV15-int	-0.672048117484868	0.834	162	3	4.78
HERV-Fc1_LTR3	-Inf	1	47	0	0.324
tRNA-Ala-GCY	-Inf	0.976	25	0	0.823
UCON87	2.49005085369569	0.08	60	2	0.356
tRNA-Pro-CCA	-Inf	1	457	0	0.541
HERV1_LTRb	-Inf	1	568	0	0.656
UCON68	0.57132159005177	0.934	971	1	0.673
GSATX	1.72001552523627	0.108	420	11	3.339
CRP1	-Inf	1	192	0	0.361
tRNA-Tyr-TAT	-Inf	1	765	0	0.336
tRNA-Arg-CGA	-Inf	1	327	0	0.449
Charlie12	0.602744654405573	0.696	69	2	1.317
UCON92	-Inf	0.63	105	0	1.123
tRNA-Ala-GCG	-Inf	1	182	0	0.673
LTR109A2	-0.611644543373662	1	708	1	1.528
CER	0.538471440527123	0.514	429	6	4.131
HSAT5	0.072206956622154	0.858	75	11	10.463
LTR22C	-Inf	0.646	1005	0	1.11
tRNA-Arg-AGG	-Inf	0.662	1055	0	1.128
CR1-8_Crp	2.65290132937773	0.074	987	2	0.318
SAR	-Inf	1	891	0	0.071
tRNA-Thr-ACY_	-Inf	0.958	937	0	0.699
tRNA-Leu-CTA	3.10780328953451	0.222	940	1	0.116
tRNA-Arg-CGA_	-Inf	1	621	0	0.111
tRNA-Arg-CGG	-Inf	0.794	58	0	0.878
tRNA-Thr-ACG	-Inf	1	231	0	0.116
HSAT6	-Inf	1	670	0	0.63
tRNA-Ile-ATC	-Inf	1	702	0	0.184
(CATTC)n	-Inf	1	606	0	1.31
ACRO1	4.35769922590918	0	2330	49	2.39
tRNA-SeC(e)-TGA	-Inf	1	875	0	0.165
D20S16	2.63161914876018	0	1235	124	20.009
tRNA-His-CAY	-Inf	1	394	0	0.071
MLT1M-int	-Inf	1	80	0	0.076
tRNA-Ser-TCA_	-Inf	1	74	0	0.214
