	log.enrich	pval	total	real.overlap	random.mean
TAR1	2.14743036365523	0.01	64	7	1.58
L1MC5a	-1.34566560043011	0	35	97	246.523
MER5B	-0.217642009562872	0.026	1317	267	310.476
MIR3	0.693501060738955	0	762	1767	1092.627
Charlie15a	-0.324630615267186	0.23	1428	32	40.075
L2a	-0.29081239839831	0	86	1827	2235.022
L3	-0.58802958916534	0	1700	390	586.245
Plat_L3	-0.704429352076477	0.01	8195	26	42.367
MLT1K	-0.153632418445905	0.15	121115	210	233.597
MIR	0.0709145347790627	0.028	47320	2332	2220.144
L2b	0.348587936078925	0	117446	1521	1194.521
MIR1_Amn	1.41122525418563	0	12658	386	145.133
L2c	-0.215154039392702	0	38726	1429	1658.823
AluSp	-0.25942963215404	0	4259	744	890.572
MER33	-0.219508002049751	0.212	21085	107	124.584
MIRb	0.3041664598518	0	44393	3523	2853.313
L1MB3	-1.50769599101127	0	12565	90	255.92
MER53	0.16564455454036	0.374	6031	83	73.997
MLT1A	-2.13189516745817	0	67237	28	122.722
MIRc	0.462282765823312	0	12718	1747	1268.037
AluJo	-0.0381542452161492	0.54	1575	588	603.758
L1MB5	-0.700739065660211	0	53394	86	139.779
Alu	-0.0530804350300223	0.826	1683	90	93.373
L1PA6	-3.76376887201172	0	129556	11	149.417
L1P1	-3.48643121151618	0	110941	5	56.039
MLT1L	-1.08803155008162	0	40018	74	157.312
MLT1J2	-1.25837610011592	0	12119	38	90.906
AluJr	-0.237499313726656	0	122105	1292	1523.2
Charlie5	-1.06289881671565	0.016	42260	16	33.426
MLT1F2-int	-Inf	0.07	101596	0	4.497
MLT1F2	-2.01273892309505	0	3853	21	84.745
AluSx	-0.0751873463461105	0.06	405	1615	1701.399
AluSx3	-0.361890028363816	0	2715	406	521.754
LTR16C	-0.484959807880835	0.018	383	64	89.571
ERVL-E-int	-1.95266246071532	0	6889	34	131.61
MamRep1527	-Inf	0	581	0	17.18
L1MA8	-3.50513721258223	0	229	15	170.311
L1ME3G	-1.17969633334132	0	1343	110	249.182
L1MA9	-3.11382693289277	0	199	29	251.046
LTR12F	-1.57998463988997	0.062	2082	3	8.969
MER45A	-0.182724889377593	0.494	857	39	44.266
MER58A	-1.33861664142424	0	665	69	174.507
L1PA14	-4.18916564357243	0	161	3	54.725
AluYj4	-0.310766660923808	0.28	502	30	37.211
L2	-0.646392112267246	0	178	466	729.406
FLAM_A	-0.459632193309237	0	462	136	187.026
MER47A	-1.80731370161043	0	44	10	34.999
L1ME4c	-0.956172844176722	0	2913	64	124.17
AluSc	-0.600382369918851	0	176	338	512.448
L1PA4	-4.08636448990014	0	100	16	271.793
LTR89	-2.84177189219683	0	6900	2	14.338
L1MC	-2.35859720280978	0	6210	21	107.703
L1PA7	-4.28763481817918	0	1117	15	292.953
L1PA16	-3.40419823143894	0	4835	23	243.497
L1PA2	-4.94607579151515	0	2633	4	123.304
AluSz	-0.39215498180372	0	671	1235	1620.755
L1M2	-2.82837770676156	0	2360	20	142.055
L1PREC2	-4.31017390193106	0	1183	7	138.864
L1PB	-Inf	0	2347	0	27.57
Tigger5b	-1.31440650755482	0.006	727	14	34.818
AluSc5	-0.823163401181745	0	1016	32	56.617
Tigger5	-2.79970902340355	0.034	707	1	6.963
L1M5	-1.8398789877498	0	2162	170	608.566
L1M4	-1.71830682186701	0	1956	88	289.564
HAL1M8	-2.22245130564661	0	86	7	32.668
LTR103b_Mam	-1.40072007654955	0.11	498	3	7.921
MLT1H2	-2.14916644127551	0	1431	14	62.1
AluYk2	-0.400730790360821	0.024	1939	68	89.772
MER4D1	0.848725651574208	0.004	1157	40	22.211
MER4CL34	0.000554989443616346	1	307	13	12.995
L5	-0.631337144127481	0.432	276	6	9.294
MLT1H	-2.28911778659242	0	113	28	136.852
AluY	-0.411686728980843	0	23	1016	1351.524
MLT1I	-1.7252652354932	0	561	44	145.482
MamRep605	-1.7045874435152	0	408	14	45.631
LTR33	-0.655618486595018	0	521	79	124.448
MSTB1	-1.81835545885552	0	3250	19	67.009
AluSq	-0.309193437786896	0.016	1942	135	167.267
MLT1C	-0.938001433740658	0	1476	47	90.046
AluJb	-0.239256035862317	0	1474	1334	1574.632
FAM	-0.907765896672283	0	550	29	54.408
AluSq2	-0.371915209793394	0	1251	546	706.562
L1ME3E	-1.91116143431594	0	543	17	63.939
LTR33B	-3.39787139928291	0	2509	2	21.081
MER65D	0.640029111663249	0.358	1620	10	6.417
MLT1D	-0.822361434231251	0	5856	151	267.013
THE1C	-3.78445163455456	0	3087	10	137.795
L1MA5	-3.37181770806519	0	891	7	72.463
FLAM_C	0.0704724420649999	0.426	772	322	306.649
SVA_E	0.208773164138892	0.736	1121	11	9.518
AluSg	-0.353516385564285	0	1506	462	590.284
MER1A	-3.22271183987547	0	1289	5	46.677
MER21C	-0.903414997390544	0	1094	43	80.431
LTR41	-0.969564958371911	0.118	517	8	15.666
L1MB8	-1.53488571671749	0	986	84	243.403
Tigger12	-1.52819621940835	0.044	1465	4	11.537
LTR37A	-0.524453781633232	0.224	2095	18	25.891
AluSg4	-0.449433753308284	0	3743	119	162.495
MER11B	0.622376462364273	0.15	342	15	9.744
L1ME4b	-0.99755408983965	0	467	165	329.441
AluJr4	-0.613069005417593	0	620	106	162.128
U6	-0.485152001940172	0.244	812	15	20.996
MER8	-2.33296566258596	0	266	5	25.192
Charlie29b	-1.20359271420771	0.042	919	8	18.425
AluSx1	-0.108106529680039	0.008	2908	1367	1473.37
MSTD	-2.38515489688434	0	6037	20	104.48
AluSg7	-0.6080267368476	0	2609	52	79.257
AluSz6	-0.784992692203489	0	264	323	556.556
Charlie4z	-0.0932270106065831	0.646	3983	69	73.606
MLT2B3	-3.94051132703774	0	1465	3	46.061
MER31-int	-1.19165288399602	0.12	58	7	15.989
MER92-int	-2.77810341986603	0.008	4420	2	13.719
MER34A	-0.313173279789212	0.518	1322	16	19.879
L1MC3	-1.97395737343821	0	1037	52	204.279
MSTA1	-1.86155841957203	0.06	14	2	7.268
MER4A1	-0.315264792071486	0.378	17	25	31.106
MER4E	0.489510619635496	0.326	1729	15	10.684
AluYc	-0.160655461350526	0.35	66	78	87.188
MER4A	1.02808679562062	0.012	24	25	12.259
Charlie30a	-1.57676397767313	0.136	132	2	5.966
MER31B	0.343521230908612	0.336	102	26	20.491
L1MA4	-2.88831336707331	0	309	23	170.293
FRAM	-0.101484847320173	0.256	1348	236	253.199
MER112	-0.280198197659702	0.248	5	47	57.075
Ricksha_0	-2.49850618918868	0.126	320	1	5.651
Tigger4b	-1.47357046948045	0	38	12	33.325
Charlie20a	-1.91532967601301	0.018	6	3	11.316
L1MD3	-1.28523992145779	0	388	31	75.554
AluYf1	-0.687482313254383	0.042	172	17	27.378
L1MC4a	-1.32005390553568	0	435	57	142.315
MER39B	1.06440016536011	0.002	379	35	16.736
L1ME1	-2.37657738414398	0	6685	91	472.566
LTR9B	-0.698070273895259	0.348	1117	6	9.734
MER5A	0.0498125969747317	0.532	4138	453	437.626
MER4E1	-0.0867837661420667	1	9119	14	14.868
MLT1E3	-1.35188526957273	0	831	11	28.077
LTR37B	-0.927463065556619	0.038	211	14	26.627
MLT1O	-1.08684949705949	0	85	31	65.847
MSTA	-2.69919201381882	0	39	42	272.764
MER103C	-0.965182406054172	0	103	58	113.234
LTR39	-0.207226518258025	0.776	57	15	17.317
L1ME3B	-2.22101089481839	0	68	25	116.555
L1PA5	-3.18031291440302	0	58	27	244.756
L1ME3D	-2.32900396487719	0	40	12	60.295
L1P4	-3.45733162548501	0	38	5	54.92
L1MA2	-3.19632376464091	0	32	15	137.493
LTR22C2	-Inf	0.646	126	0	1.107
L1PA15-16	-1.34766565630097	0.004	43	11	27.995
L1ME3A	-1.78173484494732	0	30	66	226.934
L1PA8A	-3.67369774691144	0	63	4	51.045
L1PA8	-3.34396611135686	0	21	14	142.155
L1PA10	-2.56839698991614	0	77	22	130.493
L1MEd	-2.57485233780251	0	31	40	238.324
ERVL-int	-1.35309741124371	0.078	12	5	12.773
L1MA7	-2.83642913116165	0	145	18	128.565
L1M7	-2.81403764753998	0	125	6	42.195
HAL1b	-1.88874324889826	0	30	16	59.25
MLT1H1	-1.75966718601766	0	106	15	50.793
THE1B	-3.29100028313902	0	1166	32	313.213
THE1B-int	-4.80867678674962	0	82	3	84.077
MLT1H1-int	-0.557777671394926	0.7	51	4	5.888
LTR64	0.829362732415899	0.226	996	9	5.065
THE1D	-2.75316839705973	0	620	26	175.291
tRNA-Gln-CAA_	-Inf	1	659	0	0.382
tRNA-Ser-TCA(m)	-Inf	1	524	0	0.36
MER124	-1.27441076931784	0.074	682	4	9.676
L1PA11	-3.09194425833778	0	232	9	76.738
MER3	-0.573648504571384	0	441	92	136.922
MER5A1	-0.448394119929344	0	411	146	199.22
L1ME3	-1.11222193491831	0	393	60	129.707
L1MEg	-2.46605652885624	0	197	35	193.386
L1MC4	-1.38056929021493	0	424	128	333.275
LTR104_Mam	-0.764119645669933	0.062	834	15	25.475
BLACKJACK	-1.91422964161668	0	301	8	30.153
L1M3	-2.55861338989392	0	13	17	100.154
LTR7	0.179137662531909	0.47	279	39	34.446
MER67C	-0.696439020655753	0.164	269	14	22.687
LTR67B	-1.34096697939966	0	61	19	48.131
LTR79	-2.01553599566391	0	197	13	52.563
Charlie1b	-0.79323545908077	0.01	4362	23	39.858
Charlie1a	-1.84310996005475	0	15391	23	82.52
Tigger3a	-1.06757971778019	0	25202	35	73.357
MER113A	-0.313052318345607	0.374	614	21	26.089
MER44B	-1.43111235296385	0.002	281	11	29.662
Chap1a_Mam	-1.85231851250504	0	20741	5	18.054
MLT1C2	-0.675918102591182	0	39	137	218.873
L1M8	-3.01125707826831	0	175	3	24.188
MER102c	-0.0947656030874074	0.744	53	37	39.512
L2d2	-0.385795547752828	0	21741	512	668.969
Tigger7	-1.17369183136523	0	4461	17	38.35
MER41D	1.11091590140185	0.034	2273	14	6.482
HAL1	-1.91291948906155	0	7554	81	305.022
MLT1A1	-2.83441562142441	0	590	13	92.723
LTR78	-0.758685841813493	0.006	1483	39	65.986
SVA_D	-1.08867468091915	0.006	23	14	29.775
L1M4b	-1.9476991561908	0	235	17	65.579
UCON76	-0.889862881365179	0.912	920	1	1.853
MLT1B	-1.58480620029197	0	240	80	239.974
L1MC1	-2.37912186515204	0	473	40	208.088
L2d	-0.658677056999211	0	332	227	358.35
L1PA3	-4.86859348839413	0	361	9	262.927
Charlie19a	-0.0706785610601472	0.956	435	19	19.954
L1ME4a	-1.27844945822048	0	1129	160	388.125
LTR2C	0.339710248571779	0.724	17	5	3.951
L1MB4	-1.60372614002302	0	3	44	133.728
BSR/Beta	0.288129886437297	0.556	5	27	22.112
AluSc8	-0.327300689783022	0	6	223	279.79
MER101-int	-2.50800600860298	0	4	3	17.065
LOR1-int	-2.07826824713921	0.008	5	5	21.115
LTR57-int	-Inf	0.03	49	0	5.584
HERVK9-int	0.853445031175519	0.064	27	26	14.39
MER9a2	0.462289781897016	0.53	10	6	4.355
MER102a	0.0800135206742166	0.758	34	41	38.788
MER67A	0.187707155126729	0.804	16	7	6.146
MER2	-2.0681370612348	0	34	29	121.61
HERV16-int	-1.0024196364771	0.034	122	14	28.047
X24_LINE	-0.24731993497982	0.868	1930	6	7.122
L1MEc	-2.05354448106321	0	916	65	269.831
MER63B	-0.80639280462222	0.034	322	18	31.479
MER4A1_	0.24297675349254	0.782	72	7	5.915
MLT1G1	-1.48840074965859	0	627	18	50.504
AluYa5	-0.866540653689199	0	349	28	51.052
L1MD	-2.42792305307735	0	367	22	118.386
LTR12C	-0.984369348286236	0	229	29	57.375
LTR13A	1.4056637832252	0.018	257	9	3.397
Tigger19b	-0.635570275521572	0.01	190	29	45.053
L1MEf	-2.48208215006022	0	284	31	173.198
L1M4a2	-1.62143066779045	0	114	10	30.768
MER49	-0.0623398888520149	1	132	19	19.839
L1ME2	-1.63624520805997	0	5931	61	189.622
MER50	-0.477773254626807	0.15	124	27	37.6
AluSx4	-0.594827939878089	0	88	106	160.091
L1PB1	-2.0352074620376	0	248	60	245.929
MamRep1151	-0.626332935141017	0.278	327	11	16.98
MER41B	0.742882861357255	0	439	68	40.633
MER30	-0.223153891639768	0.352	258	46	53.695
Arthur1B	-1.14851580406536	0	286	14	31.036
LTR46	0.195533357267222	0.88	43	4	3.493
MER9a1	0.44418384493836	0.518	68	7	5.145
LTR13	0.911349545901244	0.03	440	16	8.507
LTR13_	0.365871442474959	1	81	1	0.776
MER54A	-1.79410389855975	0.032	449	3	10.404
MER68	-2.07696947631511	0	368	5	21.096
L3b	-0.118727543987293	0.428	722	112	121.607
MER4B	1.00028856786593	0	65	50	24.995
MER4B-int	-1.38607515910914	0.012	2403	9	23.523
AluYe5	-0.0178799990358833	1	507	17	17.212
LTR16B1	-1.21926810862881	0.022	137	7	16.298
AluSq4	-0.0887877340353577	0.85	1398	21	22.333
AluYc3	0.105667257722306	0.95	141	8	7.435
AluYh3	-0.567058626299195	0.424	393	6	8.889
MER20	-0.372104637207526	0	254	167	216.138
hAT-1_Mam	-0.593813418303422	0.256	188	13	19.62
MER63D	-0.655286398782348	0.144	100	14	22.049
MER66C	-0.391584439127333	0.7	279	6	7.871
AluYk3	-0.381626171286851	0.032	19	63	82.077
MER66-int	-Inf	0	60	0	12.531
7SLRNA	-0.245860701840353	0.626	725	15	17.787
AluYh9	0.670397977227217	0.58	1829	3	1.885
MER74B	-0.723558561472103	0.254	530	8	13.21
LTR5_Hs	3.0013370105384	0	267	95	11.864
LTR2B	1.86512194565689	0	790	18	4.941
Harlequin-int	0.93914557868675	0.048	538	24	12.517
LTR75	0.499877822092507	0.54	461	6	4.243
AluYa8	-0.672651629328385	0.566	576	3	4.782
LTR10A	1.13574450858126	0.082	164	10	4.551
HERV9N-int	-Inf	0.03	23	0	5.161
HERVIP10F-int	0.52512271400688	0.448	818	10	6.949
MER131	-0.733788168625182	0.186	895	8	13.304
HUERS-P1-int	-0.219245978519193	0.906	852	8	9.313
LTR7B	0.431359804580777	0.334	382	16	11.865
L1M1	-2.26324559573054	0	834	37	177.626
Charlie22a	-0.661648269166878	0.234	686	9	14.237
MER65A	-1.44534835107778	0.006	1568	7	19.063
MER65-int	-2.99566540973611	0.008	1642	2	15.952
MER52A	-2.82252621903883	0	778	4	28.296
MER52C	-1.13684760419288	0.218	10162	3	6.597
MER83	-0.823137919298532	0.4	9331	4	7.077
MER113	-0.156337775516804	0.588	459	44	49.036
LTR26B	0.160040412510468	0.966	128	2	1.79
LTR42	0.894023998502775	0.14	213	9	4.843
MER4D	0.776323060974483	0.022	452	34	19.851
L1M4c	-2.23102272647989	0	7486	12	56.336
L1M4a1	-4.29057185085208	0	673	2	39.14
Tigger1a_Art	-0.976730220677153	0.718	589	2	3.936
MER65B	-Inf	0.228	1090	0	2.731
AluYi6	-2.55385196818113	0.044	532	1	5.872
L1P5	-3.33771109212829	0.006	498	1	10.11
OldhAT1	-0.440011758812568	0.056	811	39	52.908
L1MC5	-1.16460551239626	0	694	89	199.513
ORSL-2b	0.758159816435329	0.112	20797	16	9.46
AluYm1	-0.296581650566562	0.18	2713	52	63.868
Tigger1	-3.05078724792632	0	2113	25	207.166
Tigger16a	-1.35827121796603	0.004	4399	9	23.074
Arthur1A	0.593809685460942	0.1	3723	22	14.577
L1MEb	-1.00114168171796	0.048	46104	12	24.019
Tigger15a	-0.873187867989553	0	5437	34	62.278
X26_DNA	-0.81756478844251	0.202	740	7	12.337
Charlie15b	-1.32791725741865	0.006	3102	10	25.104
Tigger2	-3.46126660848879	0	1753	4	44.056
MER44A	-1.00297249418984	0.01	4356	16	32.066
MER119	0.0783844524182059	0.894	5240	17	16.101
X7A_LINE	-0.942608336111664	0.122	7599	6	11.532
MER1B	-1.56583110743448	0	9329	25	74.012
Charlie1	-0.470598513018677	0.264	10977	19	26.328
LSU-rRNA_Hsa	-0.0889556823082181	1	6355	5	5.318
LTR16E1	-1.26354956207597	0.002	4601	14	33.612
ERV3-16A3_I-int	-1.74919513652144	0	3535	31	104.213
ERV3-16A3_LTR	-0.8862574817303	0.102	5653	8	14.787
MLT2D	-2.09710509058366	0	8860	14	59.899
L1MB2	-2.19619109878917	0	11543	28	128.315
Charlie2b	-0.649701673322425	0.058	17080	32	50.203
MER81	0.207368860092837	0.34	6361	52	45.038
MER89	-0.794028259844189	0.118	9323	11	19.073
MER91B	0.000721527917459546	1	18216	18	17.991
MER31A	1.26588413670794	0	9583	45	18.713
MLT1A0	-2.08308378474788	0	10120	67	283.887
MSTB	-3.43357861315544	0	23879	11	118.851
LTR18B	-0.136191386287144	1	17029	5	5.495
Charlie8	-0.166400397896647	0.506	8093	51	57.235
MER46C	-0.0805991942763044	0.846	13334	35	37.011
LTR81B	-0.775963572963716	0.196	6531	9	15.411
LTR40a	-1.99912381199832	0	13567	7	27.983
LTR81	0.535331732996556	0.544	24233	6	4.14
MER58B	-0.3340597024553	0.076	10189	72	90.76
MER74A	-0.793655826799542	0.068	14811	13	22.535
MER63A	-0.99877632670441	0	18323	23	45.961
LTR52	-3.88645259872287	0	7351	1	14.789
Kanga1	-Inf	0	2184	0	10.791
MLT-int	-0.50182126542091	0.732	3320	4	5.664
Charlie16	-0.440496658069777	0.422	8747	14	18.999
MLT2C1	-0.715035675669535	0.04	7120	21	34.472
Tigger3c	-0.255802836602718	0.538	11235	26	31.044
MER91A	0.253894291933464	0.276	5553	54	45.286
MLT2B1	-2.36387192485753	0	7208	12	61.77
MER47B	-3.07963411236871	0.014	1016	1	8.454
L1MB7	-1.3114780247561	0	32075	139	344.992
AmnSINE2	-0.733093981174815	0.296	13123	5	8.311
MamRTE1	-0.745343306036059	0	7469	67	112.317
THE1A	-4.29314973674186	0	9350	3	58.815
MER45B	-0.637378394872295	0.24	16176	12	18.666
LTR81C	-1.28968694280498	0.12	8464	4	9.779
MLT1J	-1.27901841459121	0	3352	84	203.846
Tigger2a	-1.61173895749895	0	14582	15	45.843
MER66B	-0.67551486793226	0.144	4406	12	19.166
LTR41C	-2.37016428054021	0.006	4645	2	10.34
MER34C_	-1.14990966753492	0.182	4641	4	8.876
MER58C	-0.773818697058635	0.03	19078	19	32.486
LTR26	-0.760433874670112	0.358	29875	5	8.47
BC200	-0.115199749385445	0.988	25168	8	8.665
LTR40c	-3.09423606984577	0.004	9612	1	8.54
MER34	-0.722942869638509	0.158	3487	11	18.156
LTR19A	0.847551051534538	0.124	368	11	6.113
L1MCc	-1.99509251085872	0	1753	12	47.837
AmnSINE1	0.051489762671282	0.868	18334	33	31.843
MSTA-int	-3.8480469992631	0	17206	4	57.602
HERVL-int	-0.946115906306477	0	11747	28	53.947
LTR27C	-Inf	0.288	13699	0	1.934
Tigger2b_Pri	-2.29640846014428	0	1034	6	29.474
MER117	-0.426192740900492	0.046	761	41	55.091
LTR106_Mam	-1.15315678806142	0.192	3089	4	8.896
MLT1H-int	-2.56924802986718	0.01	5382	2	11.87
MER75	-1.77778790427355	0.08	2432	2	6.858
MLT2B4	-2.66238781925968	0	170	10	63.308
Tigger17c	-Inf	0.026	3334	0	4.601
Tigger17d	-1.09186905530185	0.436	1647	2	4.263
Charlie25	-1.60359667486021	0.034	3541	5	15.195
MER51A	-0.207059886813985	0.778	88	12	13.852
MER96	0.215356430689318	0.6	3933	18	15.504
LTR40b	-1.34643690557766	0.026	592	6	15.257
MLT1E2	-1.08633087176042	0	158	27	57.33
ERVL-B4-int	-1.71147288060346	0	107	20	65.499
MER107	-1.05241589415114	0.63	162	2	4.148
Arthur1C	1.07480007996293	0.006	199	19	9.02
MER45C	-0.229587922740652	0.772	809	14	16.415
THE1C-int	-4.12267271882414	0	7337	2	34.84
MER121	-0.995424216884107	0.096	4243	6	11.962
L1PA12	-2.10706609015009	0	1835	7	30.157
AluYg6	-0.838750118333139	0.178	9214	6	10.731
LTR16A1	-0.342044619524267	0.274	3079	29	36.759
MSTB-int	-2.03738222200308	0.006	8639	4	16.42
L1MDa	-2.76187031863884	0	1519	16	108.524
L1ME3Cz	-1.81763787440842	0	14511	56	197.402
L1ME2z	-1.62872411557858	0	4850	33	102.049
L1PA15	-3.47778832829944	0	5114	14	155.972
tRNA-Gly-GGA	2.02679284588654	0.016	11102	5	1.227
UCON16	-Inf	1	12283	0	0.483
Eulor10	-Inf	1	11650	0	0.472
L1MA10	-2.46454763528458	0	6196	13	71.754
X30_DNA	-0.451616187280777	0.534	13418	7	9.573
L1MC2	-2.58055254202251	0	8382	16	95.707
MamTip2b	-0.145488687027959	0.438	2467	76	84.064
UCON80_AMi	0.219269963523624	0.926	1911	3	2.577
L1ME3C	-2.33431401147075	0	13410	9	45.388
L1MEh	-1.59441205349643	0	2963	14	42.276
L1MA5A	-2.72947119850746	0	3726	8	53.057
LTR10B2	1.98850436116217	0.008	7713	6	1.512
LTR21C	-Inf	1	2222	0	0.328
LTR62	-0.206955732387279	1	468	4	4.617
THE1D-int	-4.50994914630431	0	336	2	45.568
MER44C	-3.04544297076117	0	8315	2	16.512
Charlie4a	0.308205309965326	0.25	55157	48	38.767
MER34C2	-0.249228606308763	1	949	7	8.32
MER39	-0.159944170984893	0.616	42	41	45.807
AluYh3a3	-0.0717626693000912	1	557	2	2.102
MADE2	-1.00099151204739	0.006	11	16	32.022
MSR1	3.10902312138269	0	1749	51	5.911
Helitron3Na_Mam	-0.384552225411029	0.52	170012	11	14.36
LTR5B	1.49392435801822	0	93700	22	7.811
LTR45C	-1.58520292985943	0.2	129292	2	6.001
Tigger3d	-2.06125777090295	0.04	28368	2	8.347
LTR8A	0.0915379320662302	0.822	53617	23	21.586
LTR38	-Inf	0.106	46112	0	3.615
LTR38-int	-Inf	0.57	9843	0	1.584
HERVK13-int	1.10263047997378	0.402	6659	3	1.397
LTR3B_	-Inf	0.078	3332	0	3.861
MLT1E1	0.0495067012858644	0.912	5094	15	14.494
LTR78B	-1.62346557446217	0	745	14	43.136
L1MB1	-3.56794086906349	0	2331	8	94.874
Tigger4a	-2.92653716516002	0	559	6	45.617
L1MD2	-2.14961091651284	0	1421	37	164.172
MER115	0.0914005560532355	0.762	852	36	33.79
L1MEi	-2.73693936310882	0	1133	11	73.332
MER77	0.70048179736011	0.038	143	30	18.461
LTR3A	3.05229644394692	0	454	20	2.411
MER77B	0.199255376063222	0.642	104	21	18.291
LTR33C	-2.64812025938148	0.002	252	2	12.537
LTR85c	-0.900721927564115	0.096	1176	8	14.936
Kanga1a	-3.53368792789948	0.002	528	1	11.581
Kanga1d	-0.540688600940364	0.532	762	6	8.728
LTR105_Mam	-Inf	0	621	0	8.996
MLT2B2	-2.33328060211727	0	1986	6	30.237
LTR40A1	-1.97195733541501	0.088	682	2	7.846
HERVL40-int	-2.28917049567547	0.004	664	4	19.551
MER85	-1.19295161806985	0.048	427	5	11.431
MLT1J1	-1.5409064733943	0	86	22	64.015
MER92B	-0.309822932923913	0.764	54	9	11.156
LTR10E	0.281035664240461	0.79	44	5	4.115
MER63C	-2.12796337812358	0.018	67	3	13.113
LTR16E2	-0.594730524202574	0.112	182	21	31.714
MLT1E1A	-1.75030023266782	0	27	14	47.1
L1PA13	-3.72772989735091	0	327	12	158.979
Kanga1b	-1.35417002602486	0.316	82	2	5.113
MLT1F1	-1.78842872323054	0	171	13	44.907
L4_B_Mam	-1.42472058041779	0	107	16	42.954
MamRep4096	0.970635463215837	0	539	32	16.329
L1ME5	-1.96455265932562	0	182	12	46.835
MER21B	-0.76885477950354	0.014	293	24	40.894
L1P2	-5.09550251765867	0	450	1	34.19
LTR85a	-1.24908120805996	0.004	131	10	23.769
Tigger19a	-0.639248133660034	0.016	791	29	45.168
HAL1ME	-1.87868901665186	0	557	27	99.29
LTR24C	1.23758030940604	0.046	178	12	5.089
L1MA1	-2.98786654898722	0	2781	10	79.33
MSTC	-2.45825074863658	0	502	8	43.964
AluYb8	-1.4822525793751	0	115	13	36.32
MER21A	1.8918679752497	0	653	107	28.832
X6a_DNA	-1.66652937792404	0.012	524	4	12.698
MSTB2	-3.46564802598228	0	48	2	22.095
MLT2A2	-2.80557621963502	0	210	8	55.931
MER48	0.575615328461903	0.566	96	4	2.684
HERVH-int	-1.67311740333223	0	144	34	108.427
L1PA17	-3.67191606560889	0	368	6	76.473
L1PB4	-2.70186937385397	0	137	18	117.116
LTR53B	-1.4541758931858	0.542	311	1	2.74
MER61B	-1.51146803927587	0.168	3080	2	5.702
L1ME3F	-2.09533934900438	0	4295	15	64.099
tRNA-Leu-TTA	2.81603716515741	0.264	2734	1	0.142
MLT1A0-int	-1.07548373370965	0.112	1849	7	14.752
LOR1a	-3.55593882799576	0	702	1	11.761
LTR33A_	-0.456589721012239	0.262	1203	17	23.329
MER57B1	-0.336543075569371	0.594	1681	11	13.89
AluYh7	-0.971834745871587	0.342	6765	3	5.884
LTR16A2	0.678764564983936	0.028	1137	40	24.988
LTR53	-0.215160852105372	0.932	214	6	6.965
X17_LINE	-0.588924466873578	0.258	314	8	12.033
MER90	-0.116808321657889	0.988	2540	9	9.759
LTR50	-1.97668949361628	0	2368	9	35.423
LTR1A2	-2.77040621629884	0.004	855	2	13.646
LTR89B	-1.27366507485719	0.092	198	4	9.671
MER11A	1.76486490453251	0	371	59	17.361
LTR81AB	-1.77820857639809	0.316	77	1	3.43
LTR1B1	-1.51954190457844	0.486	229	1	2.867
MER61D	0.708789386283696	0.346	457	6	3.671
MER61A	-0.647478984841265	0.274	287	7	10.965
Arthur1	-0.6375329665809	0.104	140	21	32.669
X7B_LINE	-0.541390933844517	0.374	367	8	11.643
LTR8	1.2690162362764	0	851	122	50.623
Eutr15	-Inf	0.004	349	0	8.383
L1MA6	-2.98687424440219	0	92	11	87.203
MamRep434	-1.30073609086761	0	174	11	27.099
L1PB2	-2.84507420810018	0	64	7	50.298
L1P3	-5.85666206764359	0	72	1	57.947
EUTREP8	-1.81188199621867	0.302	65	1	3.511
CR1_Mam	-0.370656639924167	0.414	306	17	21.98
MER45R	-1.53057020390253	0.09	310	3	8.667
Tigger17a	-1.53721322261978	0	300	12	34.828
MamTip1	0.520030391064327	0.274	136	14	9.763
LTR101_Mam	-0.989593184938768	0.074	234	8	15.885
MLT1G	-1.06201261106146	0.006	137	19	39.669
Tigger11a	-0.857582955384148	0.52	897	3	5.436
MER110	-3.3138262963904	0.002	94	1	9.944
MLT1N2	-1.40575902085426	0	36	28	74.188
LTR66	-0.327399946097422	0.952	22	4	5.019
HERVL66-int	-0.84639302085236	1	109	1	1.798
MER54B	-0.628307005598325	0.582	170	4	6.183
MER70A	-1.35200515946692	0.132	154	3	7.658
MLT1E	-1.03245353722596	0.15	156	6	12.273
L1MD1	-2.69350335632674	0	39	17	109.97
MamGypsy2-I	-1.94513946292512	0	17	8	30.806
LTR90B	-0.449957483628003	0.69	113	5	6.83
MER20B	-0.939239549796319	0.002	82	29	55.608
MamSINE1	-1.02976697176448	0	118	36	73.501
LTR16D	-2.3325647309961	0	878	3	15.111
MLT1F	-1.15716351043968	0	203	27	60.215
LTR24	1.22836791872502	0.064	314	10	4.268
LTR24B	1.30709674348628	0.016	462	15	6.062
MER57A1	-1.90139791173166	0.002	377	4	14.943
LTR10C	0.837605793768945	0.092	315	14	7.834
MLT1J-int	-0.718087583960517	0.174	622	12	19.74
MADE1	-1.81017648473581	0	610	27	94.685
MLT2A1	-2.85542024988017	0	137	7	50.66
LTR48B	-0.648312038269778	0.27	316	9	14.106
MER34-int	-0.554343265662764	0.756	229	4	5.874
LTR49-int	-2.75180646513365	0	124	5	33.678
tRNA-Glu-GAA	2.15457016714885	0.008	322	5	1.123
MER70B	-0.57918014812715	0.384	233	9	13.446
MER121B	-Inf	0.75	151	0	0.924
LFSINE_Vert	-0.590570504474616	0.074	119	19	28.611
Tigger9b	-1.80267575823147	0.036	272	3	10.466
UCON49	-0.40381306161659	1	222	1	1.323
Kanga2_a	-2.35818524393513	0	140	4	20.509
MamGypLTR1a	0.0825300533208068	0.89	264	15	14.166
Tigger23a	-2.89025211515707	0.004	228	1	7.414
L1MEj	-4.03188036558718	0	730	2	32.715
L4_A_Mam	-1.21356830475724	0	354	38	88.126
MamRep38	-0.840013318147846	0.02	313	15	26.851
L1PB3	-1.89114466666748	0	97	17	63.058
LTR23	1.93492470782338	0	149	43	11.246
ERV24_Prim-int	-2.69108744095189	0.082	251	1	6.458
LTR23-int	-Inf	0.306	1235	0	2.565
MER34B	-0.87215895722894	0.298	9406	5	9.152
LTR54	0.384395373640735	0.374	2229	20	15.322
MER34C	-1.38017531174203	0.558	1779	1	2.603
MER75A	-Inf	0.714	1635	0	1.078
LTR16A	-0.899100767600327	0	944	31	57.812
L1M6	-2.87554418083657	0	271	10	73.388
MER44D	-1.59693514238723	0.092	117	3	9.075
MER34A1	0.0175498062443663	1	95	11	10.867
L4_C_Mam	-1.34605134205294	0	206	26	66.096
MamRep1879	0.491220322030328	0.128	505	26	18.497
MER94	-0.890568290306586	0	1395	32	59.325
X12_DNA	-0.512648295905266	0.27	2029	12	17.12
LTR16B2	-0.795127540316849	0.064	2097	13	22.558
Zaphod3	-0.421694581180292	0.474	258	12	16.074
MER58D	-0.691931136797852	0.194	116	9	14.539
MamTip2	0.386002500027435	0.02	164	85	65.046
LTR33A	-1.86547346957541	0	236	8	29.151
MER41A	0.733556797510018	0	132	62	37.288
LTR8B	-0.427784934326133	0.356	1297	18	24.213
MER5C	-0.410508102535433	0.436	197	13	17.279
UCON63	-Inf	1	179	0	0.158
MLT1C2-int	-0.397255345594427	0.788	90	5	6.585
Tigger13a	-2.82137007710055	0	276	6	42.41
LTR16D2	-2.12862334841912	0.178	107	1	4.373
ORSL	0.199807603836812	0.704	2032	18	15.672
MARNA	-0.800348481962776	0.008	580	23	40.055
MLT1G1-int	-2.13224779829844	0.212	1142	1	4.384
LTR84b	-1.10097764772482	0.066	610	8	17.16
LTR1C	-Inf	0.786	1199	0	0.99
THE1A-int	-3.87287799743325	0	868	2	29.301
LTR91	-2.05004887960722	0	766	5	20.706
LTR41B	-0.528446296552478	0.512	338	8	11.539
LTR91A	-2.00629802390037	0	470	8	32.14
AluSq10	-0.269033146455237	0.506	182	17	20.485
X12_LINE	-0.490570130446201	0.956	250	2	2.81
MER105	0.282311115790781	0.606	233	11	9.045
LTR19B	-0.979659551715824	0.51	177	2	3.944
HERVIP10FH-int	0.969546203458286	0.082	448	15	7.66
Charlie16a	-0.0859844448069267	0.91	473	17	18.044
FordPrefect_a	0.742989381793976	0.348	260	6	3.585
MER11C	-1.20619666594569	0.014	82	7	16.151
LTR85b	-0.938662179843633	0.098	696	8	15.334
LTR71B	1.49167277071968	0.036	287	10	3.556
LTR16D1	1.08212274246522	0.208	43	6	2.834
L1MA3	-2.40383861933807	0	175	32	169.347
X9_LINE	-0.0113167221090221	1	122	8	8.063
Charlie18a	-0.901994105429591	0.02	105	17	31.767
MER51E	-Inf	0.14	1009	0	3.279
MER91C	0.27862734052318	0.402	1026	24	19.785
LTR86A1	-2.87538690458646	0.024	1584	1	7.338
U2	0.0257530982130931	1	2333	13	12.77
LTR83	-0.96908600652994	0.268	25	5	9.788
LTR75_1	0.717066036728501	0.572	701	3	1.825
MER72	0.718911758498339	0.122	2597	18	10.936
L2-3_Crp	-1.49178897512515	0	416	8	22.499
UCON88	-Inf	1	1109	0	0.392
Charlie32a	-1.70132725741294	0.346	176	1	3.252
MLT1D-int	-1.57660275567588	0.098	516	3	8.948
MER52D	-0.575070247451549	0.434	354	8	11.918
L1M	-3.22851088271983	0	198	1	9.373
X15_LINE	0.045927797750402	1	1137	3	2.906
LTR12E	1.04171409907674	0.268	884	4	1.943
MamRep564	-1.01806438936036	0.116	425	5	10.126
LTR21B	1.02034044828418	0.766	1050	1	0.493
HERVFH21-int	-Inf	0.278	282	0	2.699
LTR14B	0.168933489394927	0.904	387	6	5.337
AluYk4	-0.438099253210514	0.364	76	11	14.903
Cheshire	-2.25892087360041	0.004	116	3	14.359
MamRep605b	-0.84412567175223	0.024	306	17	30.518
LTR12	-2.66868646711416	0	469	2	12.717
MER101	-2.29983076182237	0.148	38	1	4.924
X7C_LINE	-0.609944031701695	0.434	254	5	7.631
LTR36	-0.00740056075226979	1	200	7	7.036
MER126	-1.81966818349646	0.296	326	1	3.53
MER130	-1.22032995487956	0.664	384	1	2.33
UCON22	-Inf	1	477	0	0.491
MLT1M	-0.365716877648524	0.29	435	23	29.636
LTR71A	-0.26723614181241	1	3787	2	2.407
U13_	-Inf	0.062	356	0	3.679
Penelope1_Vert	-1.18173865968866	0.036	147	6	13.611
Tigger14a	-2.45408813534394	0	329	3	16.439
Charlie7a	-2.17376706773671	0	163	4	18.048
MamRep137	-0.815620967760034	0.026	2427	18	31.681
Charlie29a	-1.43807989194471	0.042	162	5	13.548
Charlie17a	-0.636543421351801	0.192	170	10	15.546
MER94B	0.55023455564561	0.312	251	11	7.512
Eulor2A	-Inf	0.844	161	0	0.871
UCON20	-Inf	1	163	0	0.49
CR1-3_Croc	-0.469451887196151	0.288	229	12	16.615
LTR86A2	-Inf	0.062	311	0	4.085
MER102b	0.0506518357114366	0.88	130	42	40.551
X5B_LINE	-Inf	0.788	204	0	0.918
X20_LINE	-1.01792190799726	0.802	207	1	2.025
U1	1.98907697281521	0	105	10	2.519
Mam_R4	-1.29768054864069	0.16	4897	3	7.375
MLT2C2	-1.18014786115843	0.042	3301	8	18.128
Ricksha_c	-1.40697197081672	0.036	4095	5	13.259
MLT1G3	-0.847806061255262	0.018	888	21	37.795
X9a_DNA	-1.61022758954469	0.048	332	3	9.159
CR1-16_AMi	-Inf	0.034	258	0	3.972
MER96B	0.635544838267185	0.048	3504	43	27.679
LTR1F	-Inf	0.284	401	0	2.147
UCON57	-Inf	1	513	0	0.276
Charlie24	-0.692427198089708	0.19	336	10	16.16
MER75B	-Inf	0.538	853	0	1.552
5S	-0.319328903839405	0.574	275	12	14.973
MER90a	0.075435553079801	0.862	1161	18	17.083
L1MA4A	-2.75404568450225	0	739	16	107.937
Tigger3b	-0.475400734054435	0.024	1049	69	95.931
tRNA-Glu-GAG_	2.20822759572263	0.008	1162	5	1.082
Zaphod	-1.10285965792206	0.02	736	15	32.217
MER84	1.9951485619154	0	702	19	4.766
MER84-int	1.02914634565952	0.352	1302	4	1.96
HY1	0.101598140007807	0.956	1893	6	5.592
MARE4	-Inf	0.038	1200	0	3.805
Charlie10	-0.131589484328135	0.936	1186	14	15.337
LTR9D	-1.46283760142902	0.054	554	4	11.026
SVA_F	-0.716332480287987	0.18	308	10	16.43
Charlie26a	-1.10030490579569	0.268	302	3	6.432
Charlie21a	-0.577661884849042	0.54	285	7	10.447
MamGypLTR2c	-2.18861192205015	0.002	301	3	13.676
EuthAT-2	-4.00701605056239	0	718	1	16.078
LTR29	0.866144253265209	0.074	912	18	9.875
SVA_B	-2.74125124017061	0.002	1640	2	13.373
MamGypLTR1b	-0.995303605335244	0.064	1044	8	15.948
Charlie10a	-0.951587794814754	0.594	1101	2	3.868
Tigger16b	-0.724388336602119	0.116	749	10	16.522
LTR86C	-0.375549209397868	0.97	1481	3	3.892
U5	0.658014252771384	0.536	1644	4	2.535
L2-2_Mam	-0.166929637683153	0.996	850	6	6.736
Charlie2a	-0.816906848084003	0.086	407	16	28.186
MER104	-1.0859998205482	0.01	536	13	27.597
SVA_A	0.00620844168446251	1	1592	17	16.927
Kanga11a	-3.51487971295721	0.002	2468	1	11.431
MER5C1	-1.34861013753987	0.122	491	3	7.64
Charlie23a	-0.674686619927999	0.126	709	12	19.155
Tigger9a	-1.16178021505658	0.074	172	6	13.424
Charlie17	-1.877744249949	0.126	755	2	7.35
L1MCb	-1.56302497289282	0.002	8005	11	32.502
SVA_C	-1.66342052871029	0.04	2711	3	9.503
X32_DNA	-Inf	0.046	564	0	4.174
L1MCa	-2.35831953170174	0	695	22	112.81
MARE8	0.193744693118259	0.922	1103	3	2.623
MER51B	0.162386974037679	0.788	1224	11	9.829
HERV9-int	-1.71998653989018	0.022	1168	3	9.883
LTR47A	1.19084038481062	0.002	777	21	9.199
MER9a3	-0.516687575373279	0.466	879	6	8.584
LTR82A	-0.416741495800163	0.5	1055	11	14.684
LTR21A	1.19429481516149	0.314	680	3	1.311
LTR77	-Inf	0.49	1350	0	1.544
LTR61	-1.2147465226824	0.69	724	1	2.321
MER106B	-1.02290040211008	0.204	2302	5	10.16
LTR56	0.782202838738191	0.044	916	23	13.374
MER4C	0.348316819367891	0.488	1278	12	9.426
MER41E	-1.31556623031895	0.332	2500	2	4.978
AluYe6	0.165423609207372	0.954	1314	3	2.675
HERVFH19-int	1.26812165119157	0.202	1507	5	2.076
MER110A	-0.76145549282272	0.356	709	5	8.476
AluYd8	-1.60217179075338	0.412	2167	1	3.036
MER11D	-1.14502524223657	0.43	1282	2	4.423
Tigger10	-1.68892632294734	0.002	2142	6	19.345
hAT-N1a_Mam	-0.604783004209917	0.578	503	4	6.083
MamGypLTR3a	-0.128623348419121	0.858	804	16	17.492
Eutr10	-0.13651953255056	0.948	3594	12	13.191
LTR26E	1.52201189189835	0.094	2391	5	1.741
MamRep488	1.43302730040494	0	9028	17	6.296
MLT2B5	-2.34823241923927	0.084	49	1	5.092
Charlie7	-1.92263282090012	0	5945	14	53.076
Zaphod2	-0.480006551385989	0.52	774	8	11.158
LTR9	-0.566328086132912	0.408	460	8	11.846
LTR60B	-0.803227036434928	0.798	5279	2	3.49
LTR2	0.961844798974031	0.006	6841	25	12.835
MER57C1	-Inf	0.222	1176	0	2.51
MER21-int	0.603931869888399	0.178	836	24	15.791
AluYi6_4d	-Inf	1	81	0	0.6
Tigger4	-4.42223300068305	0	13	1	21.44
MER47C	-0.64984535230601	0.43	312	6	9.414
ORSL-2a	0.881861801116996	0.146	187	9	4.884
7SK	-1.6556571285906	0.03	218	3	9.452
LTR1D1	-2.31759350462347	0.084	29	1	4.985
LTR51	0.225521651816889	0.79	3187	7	5.987
Kanga1c	-2.38308215809446	0.008	370	2	10.433
Zaphod5a	-0.10701824988212	1	1253	1	1.077
X7D_LINE	-Inf	1	269	0	0.632
MER106A	-2.24123003551545	0.018	3088	2	9.456
LTR84a	-1.17919253938802	0.18	3205	4	9.058
UCON14	-Inf	0.62	3172	0	1.163
UCON70	0.46394709975979	1	9080	1	0.725
UCON29	-0.567058626299195	0.882	2260	2	2.963
Charlie13a	-0.954382452576784	0.374	730	4	7.751
MLT2F	-1.73882186931048	0	740	8	26.701
L2-1_AMi	-0.793985035940452	0.178	834	7	12.137
UCON105	-0.675906237894523	0.366	361	5	7.988
UCON81	1.12343394124828	0.722	802	1	0.459
UCON73	-1.65992455840238	0.362	412	1	3.16
MamTip3	0.00134714413659851	1	633	15	14.986
Charlie4	0.20167825246924	0.73	4569	13	11.304
LTR26C	1.16779859409718	0.066	3816	10	4.451
MER2B	-2.13553486976119	0	2109	6	26.364
EutTc1-N2	-1.21225804420273	0.748	2559	1	2.317
X5a_DNA	-2.391767719956	0.068	4434	1	5.248
Charlie13b	-Inf	0.016	1221	0	5.218
LTR16	-0.684818737553223	0.026	992	26	41.795
LTR43B	-1.7982579326445	0.306	562	1	3.478
LTR103_Mam	-0.435552400065388	0.594	885	7	9.467
MamGypLTR4	-0.653671522906191	0.412	267	6	9.439
LTR47B2	-Inf	0.212	941	0	2.407
X1_DNA	-1.20695573238728	0.184	70	4	9.234
X33a_DNA	0.197599959885161	1	48	1	0.872
Tigger22N1	-1.47601869975782	0.01	765	5	13.909
HY3	-0.734005033720049	0.438	138	4	6.653
ERV24B_Prim-int	-0.609754962172444	0.718	276	4	6.104
HSMAR1	-3.54002726925751	0	213	1	11.632
MER34B-int	-Inf	0.002	125	0	8.558
LTR75B	-0.429214229839585	1	181	2	2.693
MamRep1894	-1.49637712673078	0.048	1137	3	8.464
LTR27B	1.18049530395807	0.182	37	5	2.206
LTR1C1	-Inf	0.682	54	0	1.147
MER67B	-0.407515911946301	0.812	41	5	6.632
X6b_DNA	-1.59776951802797	0.024	90	4	12.107
UCON34	-0.0457924185140899	1	822	4	4.129
U3	-0.449429314103199	0.982	29	2	2.731
Eutr11	-1.98586470124253	0.066	3307	2	7.922
X4b_DNA	-0.87860764571753	0.264	5525	5	9.193
MER97c	0.0365258760251142	1	9338	3	2.925
MLT2E	-2.38929146200697	0.084	17280	1	5.239
LTR65	0.840253402578228	0.162	4240	11	6.144
HSMAR2	-2.01812544849434	0	1094	7	28.354
Tigger8	-2.67976157351685	0.002	2062	2	12.815
MER52-int	-1.54909411361748	0.126	2871	3	8.779
LTR22B1	0.436353730515936	0.768	5724	3	2.217
HERV4_I-int	-1.45022149589718	0.358	2101	2	5.465
Zaphod4a	-2.43616183931445	0.134	11144	1	5.412
MER68-int	-0.83700131532805	0.63	4256	3	5.359
MER70C	0.0896510846190704	1	255	4	3.759
LTR102_Mam	-2.86374026441626	0.058	1194	1	7.279
LTR10F	0.286744098269026	0.65	1379	8	6.558
MER6	-Inf	0	1525	0	11.8
U13	0.50635266602479	0.694	9845	3	2.112
Tigger6a	-3.32062908470826	0.006	1355	1	9.991
PRIMA4-int	-1.12675264790186	0.336	423	3	6.551
HERVK-int	0.627419299964051	0.352	1513	9	5.826
MER41G	1.22516024017267	0.23	804	4	1.711
L1HS	-4.84106737753033	0	668	1	28.662
LTR44	-0.0299828662157144	1	641	3	3.063
LTR45B	-0.901751872309546	0.474	206	3	5.605
MER57A-int	-3.30465705618596	0	685	3	29.643
LTR45	-1.28154989336664	0.672	613	1	2.431
L1M3f	-2.00528020734143	0.022	254	3	12.044
LTR57	-0.889473542531109	0.648	3390	2	3.705
HERV3-int	0.156284090772926	0.874	1222	6	5.384
Tigger6	-1.59167941693574	0.51	3127	1	3.014
GSATII	-1.71413559385633	0.612	1776	1	3.281
HERVE-int	2.49496488820461	0	2640	38	6.741
LTR1C3	-Inf	1	2941	0	0.797
LTR7Y	0.471928835421265	0.588	863	5	3.605
HERV9NC-int	-1.2531825025912	0.168	488	3	7.151
LTR12D	-3.02378761389678	0.004	365	1	8.133
LOR1b	-1.98148736779826	0	120	4	15.796
LTR88a	-0.233888060174277	0.788	2404	10	11.76
MER6B	-1.12532047371441	0.148	2176	4	8.726
LTR10B	1.79085860216141	0.078	1126	4	1.156
LTR14A	-0.911499848861108	0.896	657	1	1.881
UCON58	-1.55728754227831	0.442	3563	1	2.943
MamTip1b	1.04295214518455	0.054	1331	12	5.824
MER6C	-0.778208576398088	1	1235	1	1.715
LTR22A	2.99757224168054	0	661	19	2.379
Tigger18a	-1.79609932770343	0.006	2870	5	17.364
MST-int	0.342359994792176	0.814	2639	4	3.155
AluYb9	-Inf	0.022	623	0	5.009
Ricksha	-2.65786862339084	0.088	791	1	6.311
Ricksha_a	-Inf	1	196	0	0.789
LTR80A	-1.46100460993347	0.234	1428	2	5.506
Charlie31a	-1.75417488419843	0.042	890	3	10.12
UCON35	0.519390189127534	0.704	2314	3	2.093
LTR86B1	-0.978561749475747	0.592	416	2	3.941
UCON41	-0.542604750260758	0.538	1788	5	7.283
MamGypLTR1c	-0.315276387014932	0.636	1620	12	14.931
LTR82B	-0.511053954302825	0.422	697	11	15.676
LTR88b	-0.156089997268633	0.842	933	19	21.171
Helitron2Na_Mam	-2.47118746038699	0.076	1373	1	5.545
MLT1F-int	-Inf	0.002	457	0	7.615
LTR55	-0.905350899580958	0.446	1595	3	5.619
X34_DNA	0.683854257706644	0.732	746	2	1.245
MER6A	-1.84458651552164	0.012	1092	4	14.366
MLT1I-int	-3.53878645466232	0.002	2591	1	11.622
LTR9A1	-0.857383894322654	0.37	555	4	7.247
Tigger12c	-1.8624844537413	0.02	700	3	10.909
Tigger12A	-1.6750631552403	0.068	83	3	9.58
HERVL74-int	-Inf	0.094	621	0	5.455
UCON71_Crp	-1.7578766597479	0.288	955	1	3.382
MER135	-0.984188292842094	0.146	725	5	9.891
tRNA-Thr-ACA	3.30281927193966	0.006	192	3	0.304
LTR32	0.529072742524873	0.2	171	24	16.632
CR1-1_Amn	-Inf	0.926	242	0	0.795
X1_LINE	-Inf	0.652	501	0	1.199
LTR16B	-2.21800615028443	0.02	1465	2	9.305
MER127	-1.38956681176273	0.524	399	1	2.62
UCON65	-Inf	1	664	0	0.431
X6B_LINE	-0.832957507090809	0.212	6020	6	10.688
LTR10D	1.24696603720614	0.104	774	6	2.528
PRIMA4_LTR	-0.330845189623415	0.938	438	4	5.031
MER57E2	-Inf	0.824	1366	0	1.025
MamGypLTR1d	0.247394115456912	0.672	1976	12	10.109
CR1-L3A_Croc	-2.00144197417391	0.206	1093	1	4.004
UCON78	-0.207892851641333	1	1033	2	2.31
EUTREP2	-0.361487652143068	0.62	1145	8	10.278
MER57F	-1.41899946543127	0.278	195	2	5.348
DNA1_Mam	0.427918790575576	0.754	472	3	2.23
Charlie17b	-2.82252621903883	0.046	464	1	7.074
U7	0.754869468588167	0.36	512	5	2.963
MLT1J1-int	-0.773152397014052	0.518	80	4	6.836
MER129	0.840801405150746	0.468	277	3	1.675
X6A_LINE	-0.895856545333542	0.094	424	7	13.025
MERX	-2.47196778766152	0.082	13824	1	5.548
Tigger17	0.459972730742493	0.896	7134	1	0.727
EUTREP16	-1.43295940727611	0.234	2642	2	5.4
LTR4	1.31114825613412	0.248	1174	3	1.209
MER87	-1.21536797220348	0.768	35585	1	2.322
LTR49	-0.781289762978408	0.102	16237	12	20.624
MER51D	-0.0745054363636297	1	25480	2	2.106
tRNA-Asn-AAC	2.8390798118189	0.004	1374	4	0.559
PRIMA41-int	0.270730032015801	0.694	627	10	8.289
tRNA-His-CAY_	3.39592867633114	0	826	4	0.38
tRNA-Gly-GGG	1.05889368905357	0.716	1202	1	0.48
tRNA-Val-GTG	3.51952805477252	0	813	5	0.436
tRNA-Gln-CAG	-Inf	0.742	435	0	0.976
LTR39-int	-0.374065718222538	1	316	2	2.592
X9b_DNA	-2.9424206684638	0.022	269	1	7.687
MER57B2	-0.0222375946763603	1	320	15	15.233
LTR54B	-0.105556182322593	0.976	167	11	11.835
LTR76	-0.387913924385948	1	3616	2	2.617
MamGypLTR2b	-1.16774328010894	0.086	2472	5	11.233
MER50C	1.80465240167778	0.12	904	4	1.145
tRNA-Met_	0.883635243308215	0.84	1752	1	0.542
PABL_B	0.168933489394927	0.878	1092	6	5.337
LTR15	-0.995665409736109	0.462	1485	2	3.988
LTR38B	0.609992737908441	0.496	211	5	3.276
HERV-Fc2_LTR	-Inf	1	700	0	0.058
MER61-int	-0.0762854428089157	0.962	525	20	21.086
LTR81A	-0.863013349372146	0.222	794	6	10.913
UCON44	-0.65382435886596	0.642	340	3	4.72
UCON47	-0.950095094173686	0.85	1486	1	1.932
UCON89	0.659722595233746	0.946	603	1	0.633
Chap1_Mam	-Inf	0.006	249	0	6.242
Helitron1Na_Mam	-Inf	0.054	481	0	4.35
Helitron1Nb_Mam	-2.15962918582123	0.194	498	1	4.468
Eutr18	-0.519877337047022	0.514	1703	6	8.603
X11_DNA	-1.71808758396052	0.352	1055	1	3.29
X23_DNA	-Inf	1	1529	0	0.704
UCON11	0.849440323424619	0.848	402	1	0.555
MER41-int	-0.579840711158204	0.238	475	19	28.399
LTR1F1	-Inf	0.09	165	0	3.575
X8_LINE	-Inf	0.104	1034	0	2.83
L2-1_Crp	0.997117491466879	0.756	693	1	0.501
MER4D0	-0.327457434294154	0.866	168	5	6.274
MER30B	-Inf	0.12	263	0	2.918
HUERS-P3-int	-1.09457389798005	0.212	542	6	12.813
Eutr2B	-1.41169740352087	0.276	995	2	5.321
HERV35I-int	-3.30859386858428	0.018	279	1	9.908
U4	1.0439433475876	0.3	793	4	1.94
LTR37-int	-2.66584752125555	0	198	3	19.038
Charlie30b	-0.396524867077105	0.704	288	6	7.898
LTR28B	-Inf	0.028	1625	0	4.39
Charlie14a	-Inf	0.008	958	0	6.478
L1MEg2	-2.36401205355861	0.034	234	2	10.296
LTR14	2.35212635094047	0.002	485	7	1.371
HERVK14C-int	0.243830671860701	0.862	92	2	1.689
MER66A	-2.14274017211608	0.17	124	1	4.416
MamGyp-int	-0.621993231666123	0.474	728	6	9.234
MLT1A1-int	-0.384970773976699	0.752	155	6	7.835
LTR46-int	-0.718087583960517	1	1373	1	1.645
L1M2a	-0.209676158470237	0.95	1318	7	8.095
MER4-int	-2.37949774430435	0	2006	9	46.832
L1P4e	-Inf	0.138	3748	0	3.182
Charlie9	-1.08644410868531	0.064	516	8	16.988
LTR26D	-0.724213686757358	0.83	105	2	3.304
UCON86	0.200912693925996	1	150	1	0.87
LTR107_Mam	-0.472227802989045	0.754	277	4	5.549
UCON21	-Inf	1	156	0	0.382
Tigger20a	-1.17712050284652	0.038	364	8	18.09
Eulor1	-Inf	0.7	143	0	1.061
LTR7C	1.75268006502018	0.028	929	16	4.748
MER73	-1.98986562286629	0.27	166	1	3.972
L1PBa	-1.51308643113416	0	211	15	42.813
LTR06	-0.376290383337052	1	113	1	1.298
LTR1E	-Inf	0.018	1436	0	4.801
LTR48	-0.0835406955427032	0.974	789	13	13.775
hAT-N1_Mam	-1.59788867516543	0.42	727	1	3.027
MLT1E3-int	-Inf	0.902	1265	0	1.028
PABL_A	-2.9701173976055	0.008	3694	1	7.836
LTR28C	-1.87105507508663	0.252	1476	1	3.658
MLT1K-int	-Inf	0.24	1665	0	2.655
MER57-int	-3.41210404467757	0	1020	2	21.29
tRNA-Val-GTY	1.53951952995999	0.56	156	1	0.344
LTR47A2	-0.364759176848688	0.986	832	3	3.863
UCON38	0.648371670897218	0.508	125	4	2.552
Arthur2	-0.739848102699327	0.218	226	8	13.36
Tigger21a	-1.21412480535285	0.732	4852	1	2.32
Eutr5	-1.38625914113335	0.236	634	2	5.228
MER50-int	0.600555435410542	0.326	141	14	9.233
X4a_DNA	-Inf	0.172	1291	0	2.38
PABL_B-int	-2.14828336250318	0.286	2245	1	4.433
LTR88c	-1.12598165385472	0.07	280	6	13.095
Charlie10b	-1.79327165449808	0.332	181	1	3.466
UCON4	0.761213140412883	0.508	211	3	1.77
hAT-5_Mam	-1.23364268300881	0.12	138	5	11.758
MER66D	-0.760433874670112	0.74	301	2	3.388
HY4	-0.0335111023613236	1	351	2	2.047
LTR87	-0.937495057394052	0.25	322	5	9.576
HERV1_LTRd	2.17136841831198	0.39	595	1	0.222
Tigger3	-0.144916511404779	0.886	39	15	16.585
LTR80B	-0.439995397923236	0.734	56	5	6.783
MLT1E2-int	-0.91226662806645	0.982	442	1	1.882
MLT1B-int	0.48453525487529	0.462	177613	11	7.862
Eutr16	-0.471551665639338	0.718	12053	5	6.933
Zaphod5b	0.117161344232749	1	89786	1	0.922
MER57E1	-0.746742715777736	0.466	228856	4	6.712
UCON33	-0.742437445376266	1	103104	1	1.673
MER41C	0.482220396536993	0.312	417	16	11.454
EUTREP7	-0.259423152281415	1	267	3	3.591
UCON37	1.21089678249862	0.138	9313	5	2.16
MamRTE2	0.65744525452268	0.88	448	1	0.634
MSTD-int	-0.181420640280142	0.874	21288	11	12.474
Looper	-1.93243918655347	0.156	953	2	7.634
LTR22B2	-Inf	1	6913	0	0.516
Eulor12	0.50635266602479	1	462	1	0.704
LTR6A	0.536726315068309	0.484	18094	6	4.136
AluYk11	-0.18966644665005	1	567	2	2.281
MamGypLTR3	-0.774671112326884	0.33	6716	5	8.554
MLT1F1-int	-Inf	0.284	130	0	2.385
X2b_DNA	-Inf	0.216	16393	0	2.313
MER51C	1.56437140594791	0.032	436	8	2.705
LTR35A	2.88044461530472	0	19733	10	1.358
MER97b	-Inf	0.322	598	0	2.546
MamGypsy2-LTR	-3.4757334309664	0	922	1	11.125
Eulor9A	0.362157939675895	0.888	12	2	1.556
MLT1J2-int	-2.06315775866032	0.074	1065	2	8.358
MER34D	0.78132214383049	0.342	45	6	3.491
MER51-int	-2.29130885982897	0.036	3422	2	9.79
MER65C	-0.603438423882054	0.458	84	6	9.116
UCON55	-0.317304068361915	0.882	4091	4	4.984
LTR12B	-1.76383645889095	0.256	128	1	3.396
MamTip3B	-0.222117596106378	0.854	2066	9	10.498
MER57D	-0.375400928906357	0.784	74	5	6.486
U17	-Inf	1	4411	0	0.133
LTR35	2.88097589685773	0	530	12	1.629
MER50B	-1.31251996747495	0.096	3329	4	9.935
LTR1D	-2.38183708390605	0.09	160	1	5.212
MSTA1-int	-Inf	1	6215	0	0.461
UCON19	-Inf	1	327	0	0.409
L1MDb	-Inf	0	2894	0	14.039
UCON7	-Inf	0.566	185	0	1.402
MLT1G-int	-Inf	0.298	3680	0	2.756
LTR31	-Inf	0.074	299	0	3.622
L1M3c	-Inf	0	2818	0	16.487
HERVK22-int	0.491740390182132	0.394	246	12	8.534
LTR17	-0.55352434355365	0.306	10252	9	13.209
MER83B	0.0439433475875972	1	836	2	1.94
PrimLTR79	0.15200309344505	1	3756	2	1.8
LTR27	-Inf	0.016	426	0	5.044
HERV30-int	-Inf	0.592	4849	0	1.587
MER74C	-Inf	0.118	354	0	3.143
PABL_A-int	-0.971037659830292	0.41	11268	4	7.841
LTR1	-1.90958111597968	0.268	829	1	3.757
MER99	-0.496377126730783	0.852	15494	3	4.232
UCON26	0.19539568895843	0.998	1457	3	2.62
FordPrefect	-Inf	0	5003	0	9.463
tRNA-Asp-GAY	3.200912693926	0	476	4	0.435
L1M3e	-2.08814159686902	0.014	6991	3	12.756
SSU-rRNA_Hsa	-0.173767067736706	1	596	1	1.128
HUERS-P3b-int	-Inf	0.004	17999	0	8.707
LTR6B	1.75085809671965	0.006	208	8	2.377
LTR38A1	0.880975896857725	0.352	12248	4	2.172
EUTREP15	0.178425830515984	0.942	112	3	2.651
HERVS71-int	-0.248231206748757	1	2329	4	4.751
HERVK11-int	1.36826375170448	0.036	1	14	5.423
EUTREP14	-Inf	0.004	5816	0	4.974
LTR90A	-0.374343989038501	0.838	74	4	5.185
THE1-int	-Inf	0.106	5156	0	2.798
L1M6B	-Inf	0	12	0	9.346
LTR86B2	-1.88947354253111	0.286	3849	1	3.705
X2a_DNA	-0.0248869993131794	1	3928	5	5.087
EUTREP4	-Inf	0.072	4532	0	3.795
UCON48	-1.35219353774503	0.612	2229	1	2.553
LTR69	-Inf	0.27	3363	0	2.149
LTR1F2	-Inf	0.246	4762	0	2.142
Tigger6b	-Inf	0.268	383	0	2.391
HY5	-Inf	1	2710	0	0.267
MER89-int	-2.36246988875021	0.028	1378	2	10.285
tRNA-Glu-GAG	-Inf	1	4584	0	0.232
tRNA-Thr-ACG_	-Inf	1	405	0	0.135
L1MEg1	-2.22136155666887	0.022	1946	3	13.99
UCON96	-Inf	1	445	0	0.21
LTR2752	-1.08133962745194	0.42	235	2	4.232
X24_DNA	-1.50131174924366	0.142	20293	2	5.662
UCON1	-Inf	0.084	3304	0	3.184
UCON84	-Inf	0.488	563	0	1.425
UCON12A	-Inf	1	29	0	0.274
Eulor2B	-Inf	0.952	8800	0	0.731
X21_LINE	-Inf	1	902	0	0.571
tRNA-Ile-ATA	1.92139016530363	0.092	4944	3	0.792
LTR1B0	-0.565597175854225	1	231	1	1.48
LTR43	0.490501203329716	0.46	1621	9	6.406
UCON40	-0.0976107966264223	1	94	3	3.21
tRNA-Met	0.988504361162171	0.79	3291	1	0.504
tRNA-Lys-AAG	2.29689930039584	0.022	210	4	0.814
MLT1N2-int	0.0694518807521453	1	7813	1	0.953
MER70-int	-2.00252250976871	0.364	751	1	4.007
L1M3d	-3.01310489169949	0.014	4404	1	8.073
LTR5A	-1.27976842159359	0.282	1252	2	4.856
LTR34	1.2692030738782	0.048	376	9	3.734
L1M3de	-Inf	0.016	733	0	7.439
HERV17-int	1.32545326107862	0	544	42	16.759
UCON99	-Inf	1	459	0	0.633
MSTB1-int	-0.309952247228744	1	393	3	3.719
L1PBb	-0.717210299019596	0.514	265	4	6.576
EuthAT-N1a	0.741782610463982	0.892	1123	1	0.598
MER68C	-0.17951105027151	1	3386	2	2.265
LTR3B	1.82240107067227	0.07	349	4	1.131
MER76	-1.72552304552903	0.038	443	3	9.921
CR1-12_AMi	-Inf	0.34	511	0	1.729
MER97a	-0.969380764941608	0.68	78	2	3.916
MLT1H2-int	-Inf	0.042	136	0	5.047
LTR47B4	0.469929257774916	0.82	294	2	1.444
LTR19-int	-0.797843067065541	0.824	431	2	3.477
tRNA-Ser-AGY	4.47393118833241	0	386	4	0.18
UCON66	-Inf	0.844	57	0	0.848
HERVIP10B3-int	0.677494942481117	0.372	118	8	5.002
Merlin1_HS	-Inf	1	1032	0	0.749
LTR108a_Mam	0.894321922105463	0.602	13	2	1.076
MSTC-int	-Inf	0.11	728	0	3.594
X10b_DNA	-Inf	0.044	450	0	3.851
tRNA-Leu-TTA(m)	-Inf	1	650	0	0.332
MER83B-int	-1.10534284028622	0.554	90	2	4.303
Eutr2	-1.61964776693088	0.478	1230	1	3.073
UCON39	-Inf	0.528	839	0	1.321
UCON5	-Inf	0.422	540	0	1.525
MER61F	0.413115187147815	0.786	1491	3	2.253
LTR1A1	-Inf	0.01	704	0	5.867
UCON93	-Inf	1	1023	0	0.312
GSAT	-1.10232219119669	0.7	155	1	2.147
MLT1-int	-1.82007682109751	0.384	200	1	3.531
MLT1A-int	0.428134456177426	0.546	4308	9	6.689
LTR72B	-Inf	0.292	1481	0	2.251
MLT1E1A-int	-Inf	0.76	22924	0	1.179
LTR27E	0.17869796011047	0.906	4277	4	3.534
L1P4b	0.659722595233746	0.536	10046	4	2.532
L1M2b	-Inf	0.118	1824	0	3.349
Eulor9B	1.50225991139091	0.56	12935	1	0.353
L1M3a	-3.17632277264046	0.026	2667	1	9.04
L1P3b	-Inf	0.568	12353	0	1.397
CR1-11_Crp	-Inf	1	1481	0	0.31
UCON31	-Inf	0.392	419	0	1.577
hAT-4b_Ther	-Inf	0.142	910	0	3.104
MER97d	-Inf	0.476	748	0	1.984
LTR22C0	-0.659924558402378	1	865	1	1.58
LTR68	-1.27530509419877	0.346	3189	2	4.841
CR1-L3B_Croc	-Inf	1	1312	0	0.437
L1M2c	-0.120541531671217	1	4892	7	7.61
LTR12_	-1.08542465625268	0.162	1822	4	8.488
UCON6	-Inf	0.594	1342	0	1.253
CR1-13_AMi	1.16488438474178	0.296	57	3	1.338
PRIMAX-int	-Inf	0.984	2457	0	1.009
UCON28b	-Inf	0.754	94	0	0.974
LTR28	-1.1940870521163	0.714	347	1	2.288
L1MEa	-0.742437445376266	0.682	336	3	5.019
L1M2a1	-Inf	0.348	1273	0	2.215
MER132	-Inf	1	3637	0	0.447
X2_LINE	-Inf	0.176	3685	0	2.374
Eulor4	-Inf	1	315	0	0.369
UCON8	-1.38901605968851	0.54	45	1	2.619
MARE6	-0.27500704749987	1	2835	2	2.42
X22_DNA	-Inf	1	1378	0	0.316
MER125	-0.766383141001298	0.946	173	1	1.701
Eulor6B	0.334607228958109	1	1102	1	0.793
MER68B	-1.08429108580001	0.314	580	3	6.361
UCON12	0.362157939675895	1	3391	1	0.778
UCON85	-Inf	1	2191	0	0.311
MER123	-Inf	1	1166	0	0.63
MER95	-Inf	0.41	5480	0	1.883
Eulor6A	1.46992925777492	0.616	6456	1	0.361
UCON97	-Inf	1	2425	0	0.497
Eulor5A	0.325539348439741	0.938	696	2	1.596
UCON64	-Inf	1	1466	0	0.186
MARE11	-Inf	1	3595	0	0.171
MER61C	0.641603738043346	0.362	2565	7	4.487
HERVK14-int	-0.00801556397617166	1	545	7	7.039
AluYk12	0.649502752915867	0.734	2854	2	1.275
MER92A	0.548635008903391	0.686	256	3	2.051
MER61E	1.16715048310655	0.048	699	10	4.453
UCON69	-Inf	1	179	0	0.375
MER133A	-Inf	1	3017	0	0.633
UCON24	-Inf	1	959	0	0.286
tRNA-Arg-AGA	2.7115429972863	0.03	1043	3	0.458
LTR18A	-Inf	0.132	774	0	2.771
HERVL18-int	-3.12928301694497	0.06	41	1	8.75
MLT1O-int	-Inf	1	11	0	0.166
UCON60	-Inf	1	34	0	0.482
MER72B	0.0464243370913521	1	80	3	2.905
LTR47B3	-0.767231037023876	1	40	1	1.702
Eulor9C	-0.353887836284907	1	21	1	1.278
L1M3b	-2.21412480535285	0.046	8	2	9.28
LTR1B	-Inf	0.014	2	0	5.506
LTR25-int	-0.198336988756212	0.932	16	8	9.179
LTR9C	-Inf	0.198	49	0	2.414
UCON80	-Inf	1	53	0	0.51
MARE10	-Inf	0.694	2	0	1.082
HUERS-P2-int	-2.26693642330279	0.208	48	1	4.813
MER92D	-0.618708512313787	0.89	138	2	3.071
MER110-int	-Inf	0.04	23	0	5.972
MER83C	-Inf	0.276	34	0	2.135
L1P4a	-3.44572670334998	0.004	85	1	10.896
LTR53-int	-0.934830985519944	0.524	99	3	5.735
L1P4d	-1.53704751940466	0.588	20	1	2.902
HERVP71A-int	-2.31556623031895	0.222	97	1	4.978
Charlie3	-2.57288966842058	0.07	109	1	5.95
Eulor3	-Inf	1	44	0	0.502
UCON101	-1.35445216057956	0.55	37	1	2.557
MER101B	-1.88244741643173	0.288	1	1	3.687
Eulor6D	0.0454314292470061	1	53	1	0.969
HERVL32-int	1.34519787421021	0.22	65	5	1.968
LTR58	-Inf	0.884	9	0	1.08
tRNA-Arg-CGY_	2.86512194565689	0.004	55	4	0.549
Eulor8	-Inf	0.346	2	0	1.84
Ricksha_b	-Inf	0.466	7	0	1.84
LTR22E	1.65290132937773	0.048	15	5	1.59
LTR73	-0.0926584917324306	1	30	3	3.199
UCON25	0.859875776090929	0.836	12	1	0.551
MER57C2	-Inf	0.004	27	0	6.251
UCON28c	-Inf	0.818	26	0	0.877
X13_LINE	-0.899175630480513	0.898	51	1	1.865
Eulor6C	-Inf	1	73	0	0.267
LTR35B	0.0755200076409777	1	52	3	2.847
LTR22B	-Inf	0.36	47	0	1.863
L1PBa1	-0.141868716311337	0.94	45	9	9.93
tRNA-Phe-TTY	1.92823733069991	0.068	91	4	1.051
UCON2	-Inf	0.4	9	0	1.7
UCON51	-Inf	1	4	0	0.572
UCON15	-Inf	1	17	0	0.622
Tigger17b	-Inf	0.638	3	0	1.308
UCON27	-Inf	0.524	14	0	1.345
LTR27D	-1.93432777831537	0.282	1	1	3.822
UCON83	-Inf	1	4	0	0.601
Eulor2C	-Inf	1	31	0	0.503
UCON62	-Inf	1	7	0	0.31
Eulor11	-Inf	0.554	15	0	1.297
LTR5	-Inf	1	26	0	0.337
ALR/Alpha	-3.52511216262138	0	2	11	126.636
MLT1G3-int	-Inf	0.156	12	0	3.527
LTR19C	1.38232537453132	0.16	15	5	1.918
HERVH48-int	-0.579662897016007	0.912	12	2	2.989
LTR30	-0.164142648848306	1	13	2	2.241
MER134	-Inf	0.618	37	0	1.158
LTR52-int	-Inf	0.352	6	0	2.444
UCON28a	-Inf	0.408	12	0	1.643
Eulor7	-Inf	1	43	0	0.149
MSTB2-int	-Inf	0.582	31	0	1.491
MER133B	-Inf	1	223	0	0.52
HERVKC4-int	2.44352970979186	0.014	179	6	1.103
HERVE_a-int	-0.124989769978664	1	316	4	4.362
LTR70	-Inf	0.274	7	0	2.471
tRNA-Cys-TGY	1.6411536693949	0.072	9	5	1.603
LTR22	-Inf	0.62	1111	0	1.225
UCON103	-Inf	1	234	0	0.178
MER67D	-2.24112831908146	0.002	161	3	14.183
MER87B	-Inf	0.17	214	0	2.914
Charlie11	0.312043505955518	0.896	1799	2	1.611
MER88	-Inf	0.482	250	0	1.538
LTR108e_Mam	-Inf	0.24	34	0	2.32
MER92C	1.23871472663838	0.24	245	4	1.695
UCON9	-Inf	1	19	0	0.624
LTR10G	-0.68885174386588	1	208	1	1.612
HERVI-int	-1.11835972595306	0.822	14	1	2.171
LTR25	0.710755714843357	0.41	642	5	3.055
LTR60	2.12658049656514	0.16	45	2	0.458
LTR3	1.78289339191661	0.024	59	5	1.453
HERVK3-int	1.73216460790238	0.002	23	21	6.321
L1P	-0.962734090595803	0.894	100	1	1.949
hAT-16_Crp	-Inf	1	50	0	0.284
LTR108d_Mam	-Inf	0.848	38	0	0.943
LTR18C	-Inf	0.698	33	0	1.102
MER83A-int	-Inf	0.594	33	0	1.743
tRNA-Leu-CTA_	-Inf	1	31	0	0.079
tRNA-Gln-CAA	2.85725982788392	0.072	138	2	0.276
LTR10B1	-0.252778951528184	1	43	2	2.383
Charlie6	-Inf	0.17	29	0	3.927
LTR72	-1.22589186169034	0.686	38	1	2.339
EuthAT-N1	1.96156381834389	0.04	31	4	1.027
tRNA-Met-i	2.34373246520571	0.038	22	3	0.591
MARE9	-Inf	1	50	0	0.246
SST1	0.88141878098734	0.154	207	12	6.514
REP522	0.503895620229268	0.59	102	5	3.526
tRNA-Lys-AAA	1.7393720918733	0.234	129	2	0.599
tRNA-Asn-AAT	-Inf	1	75	0	0.019
X1_LR	-Inf	1	68	0	0.193
MLT1E1-int	-Inf	1	235	0	0.503
SATR1	-1.25691000834923	0.062	119	6	14.339
tRNA-Ala-GCY_	-0.00144197417390627	1	136	1	1.001
UCON23	-Inf	1	339	0	0.398
tRNA-Ser-TCY	3.44222232860507	0.028	173	2	0.184
MER76-int	-Inf	0.422	172	0	2.306
MLT1C-int	0.0808506367123255	0.998	208	2	1.891
tRNA-Ile-ATT	2.25153876699596	0.044	107	3	0.63
tRNA-Leu-CTG	5.42973138442188	0	138	5	0.116
tRNA-Gly-GGY	1.43050890804128	0.606	245	1	0.371
LTR14C	1.69899774396719	0.026	575	6	1.848
UCON18	-Inf	1	360	0	0.361
UCON59	-Inf	1	154	0	0.544
LTR47B	1.75389599011608	0.234	194	2	0.593
tRNA-Pro-CCG	5.99615793370561	0	109	3	0.047
tRNA-Pro-CCY	4.7178567712185	0	123	5	0.19
Eulor5B	-Inf	1	44	0	0.525
LTR38C	0.160846612610179	0.95	412	2	1.789
UCON94	-Inf	1	15	0	0.387
HERV1_LTRa	-Inf	1	22	0	0.36
MLT1L-int	-0.482332020747376	1	236	1	1.397
L2-3_AMi	-Inf	1	45	0	0.13
tRNA-Tyr-TAC	3.49329651319934	0	96	5	0.444
Charlie7b_Mars	-Inf	1	38	0	0.738
UCON71	-Inf	1	16	0	0.211
LTR108c_Mam	-Inf	1	24	0	0.6
LTR108b_Mam	-Inf	1	14	0	0.734
ERVL47-int	-0.846794159473293	0.786	16	2	3.597
LTR59	0.330973234490369	0.894	32	2	1.59
Chompy-7_Croc	-Inf	1	64	0	0.213
MER136	-Inf	1	20	0	0.391
UCON17	-Inf	1	12	0	0.44
EutTc1-N1	-Inf	1	29	0	0.738
UCON61	-Inf	1	125	0	0.195
SATR2	-1.47075376279139	0.118	59	3	8.315
MER57E3	3.1405983301728	0	17	28	3.175
HSAT4	0.0608988249439453	1	282	3	2.876
Eulor6E	-Inf	1	259	0	0.407
U8	1.41119543298445	0.616	24	1	0.376
tRNA-Thr-ACY	4.41119543298445	0	141	4	0.188
L1P4c	-Inf	0.818	180	0	1.462
tRNA-Leu-TTG	2.57346686188333	0.076	207	2	0.336
HERVK11D-int	-Inf	0.808	43	0	1.054
(GAATG)n	0.552861657554132	0.654	228	3	2.045
UCON67	-Inf	1	40	0	0.216
tRNA-Val-GTA	2.8059129478837	0.256	49	1	0.143
tRNA-Leu-CTY	1.68965987938785	0.516	109	1	0.31
HERV1_I-int	1.22544133029356	0.302	28	3	1.283
HSATI	1.89969509420431	0.25	70	2	0.536
MER9B	0.646112163715093	0.962	6	1	0.639
EUTREP6	-Inf	1	33	0	0.155
MLT1E-int	-Inf	1	50	0	0.188
tRNA-Ser-TCA	-Inf	1	49	0	0.013
tRNA-Trp-TGG	3.76611193982572	0.02	19	2	0.147
UCON75	-Inf	1	27	0	0.31
tRNA-Ser-TCG	4.44222232860507	0.004	31	2	0.092
Tigger1a_Mars	-Inf	1	18	0	0.638
UCON100	-Inf	1	40	0	0.21
LTR43-int	-1.26122990898705	0.88	56	1	2.397
LSAU	0.793356776016605	0.642	710	2	1.154
HERV1_LTRe	-Inf	1	83	0	0.379
HERV-Fc1_LTR1	-Inf	1	15	0	0.175
HERV-Fc1_LTR2	-Inf	1	308	0	0.033
HERV-Fc2-int	-Inf	1	267	0	0.189
HERV-Fc1-int	-Inf	1	1379	0	0.168
U14	-Inf	1	227	0	0.105
UCON56	-Inf	1	148	0	0.191
Chompy-6_Croc	-Inf	1	243	0	0.174
HERV1_LTRc	1.07704103576383	0.73	965	1	0.474
tRNA-Ala-GCA	2.06190243892591	0.154	188	2	0.479
HERV15-int	-Inf	0.468	162	0	1.96
HERV-Fc1_LTR3	-Inf	1	47	0	0.088
tRNA-Ala-GCY	3.87832144341175	0.01	25	3	0.204
UCON87	-Inf	1	60	0	0.074
tRNA-Pro-CCA	4.10780328953452	0.008	457	2	0.116
HERV1_LTRb	2.49005085369569	0.326	568	1	0.178
UCON68	-Inf	1	971	0	0.144
GSATX	-Inf	0.774	420	0	1.127
CRP1	-Inf	1	192	0	0.059
tRNA-Tyr-TAT	-Inf	1	765	0	0.061
tRNA-Arg-CGA	3.45798964446339	0.178	327	1	0.091
Charlie12	1.46195854666634	0.544	69	1	0.363
UCON92	-Inf	1	105	0	0.218
tRNA-Ala-GCG	4.57346686188333	0	182	3	0.126
LTR109A2	-Inf	1	708	0	0.373
CER	-1.74502214903726	0.25	429	1	3.352
HSAT5	-Inf	0.612	75	0	2.753
LTR22C	-Inf	1	1005	0	0.262
tRNA-Arg-AGG	4.23786383009889	0	1055	4	0.212
CR1-8_Crp	-Inf	1	987	0	0.06
SAR	2.75633091903314	0.254	891	1	0.148
tRNA-Thr-ACY_	2.76611193982572	0.268	937	1	0.147
tRNA-Leu-CTA	-Inf	1	940	0	0.03
tRNA-Arg-CGA_	4.79585928321977	0.072	621	1	0.036
tRNA-Arg-CGG	3.37332724739401	0.038	58	2	0.193
tRNA-Thr-ACG	6.26534456652099	0	231	2	0.026
HSAT6	-Inf	1	670	0	0.132
tRNA-Ile-ATC	-Inf	1	702	0	0.033
(CATTC)n	-0.439357178474257	1	606	1	1.356
ACRO1	-0.0398402645317911	1	2330	1	1.028
tRNA-SeC(e)-TGA	5.64385618977472	0.04	875	1	0.02
D20S16	-Inf	0.546	1235	0	4.749
tRNA-His-CAY	-Inf	1	394	0	0.015
MLT1M-int	-Inf	1	80	0	0.022
tRNA-Ser-TCA_	-Inf	1	74	0	0.037
