	log.enrich	pval	total	real.overlap	random.mean
TAR1	1.95750310957829	0	64	19	4.892
L1MC5a	-0.42512491303476	0	35	649	871.405
MER5B	0.187777776191921	0	1317	1303	1143.978
MIR3	0.562761190010382	0	762	5967	4039.69
Charlie15a	-0.0638945400531798	0.612	1428	141	147.385
L2a	0.0975181334786131	0	86	8579	8018.272
L3	0.0788515862342845	0.054	1700	2249	2129.378
Plat_L3	0.167363401746083	0.152	8195	175	155.832
MLT1K	0.0343362982541033	0.534	121115	863	842.703
MIR	0.244436409798913	0	47320	9629	8128.277
L2b	0.362915578197899	0	117446	5577	4336.628
MIR1_Amn	0.731519229477724	0	12658	891	536.622
L2c	0.167814200358755	0	38726	6750	6008.785
AluSp	0.323584216701855	0	4259	3967	3169.959
MER33	0.230576344036689	0.002	21085	530	451.716
MIRb	0.343521007666619	0	44393	13246	10439.378
L1MB3	-0.372253617489268	0	12565	686	887.94
MER53	0.307953198161577	0	6031	338	273.032
MLT1A	-1.02071264243112	0	67237	215	436.218
MIRc	0.421682012577491	0	12718	6245	4662.228
AluJo	0.441165196356636	0	1575	2962	2181.63
L1MB5	-0.417743452885288	0	53394	367	490.252
Alu	0.656625622193944	0	1683	544	345.092
L1PA6	-2.13401593683923	0	129556	101	443.327
L1P1	-1.92043622857077	0	110941	48	181.698
MLT1L	-0.127147480367296	0.094	40018	522	570.093
MLT1J2	-0.52582711188025	0	12119	228	328.265
AluJr	0.267637313294694	0	122105	6579	5465.036
Charlie5	0.149333906669066	0.408	42260	135	121.725
MLT1F2-int	-0.999007806053626	0.12	101596	8	15.989
MLT1F2	-0.580015201731251	0	3853	200	298.973
AluSx	0.375907207584339	0	405	7885	6076.344
AluSx3	0.225779226679314	0	2715	2180	1864.19
LTR16C	-0.321186909409434	0	383	257	321.085
ERVL-E-int	-0.687581206539475	0	6889	284	457.405
MamRep1527	-0.375557096231184	0.132	581	47	60.975
L1MA8	-1.66516534217078	0	229	184	583.556
L1ME3G	-0.376338848019143	0	1343	688	893.054
L1MA9	-1.64923278177669	0	199	274	859.447
LTR12F	-1.14860877020522	0	2082	14	31.038
MER45A	0.181551718626703	0.094	857	183	161.361
MER58A	-0.355655467306515	0	665	494	632.106
L1PA14	-1.81409919027455	0	161	50	175.82
AluYj4	0.0822482221096746	0.534	502	142	134.131
L2	-0.0526118584960709	0.13	178	2513	2606.335
FLAM_A	0.262780597976236	0	462	823	685.954
MER47A	-0.378396018057876	0.024	44	96	124.79
L1ME4c	-0.180700398138764	0.036	2913	394	446.573
AluSc	0.101104145524622	0.004	176	1955	1822.684
L1PA4	-2.45506370230748	0	100	150	822.506
LTR89	-0.982639108046871	0	6900	26	51.378
L1MC	-1.11280115360505	0	6210	175	378.464
L1PA7	-2.39114177381387	0	1117	170	891.773
L1PA16	-1.71871286310188	0	4835	244	803.108
L1PA2	-1.8047232565741	0	2633	103	359.843
AluSz	0.25585126420666	0	671	6899	5777.863
L1M2	-1.59568796039733	0	2360	158	477.537
L1PREC2	-1.72293164140128	0	1183	138	455.547
L1PB	-2.56221189066959	0	2347	16	94.498
Tigger5b	-0.462012902668403	0.006	727	93	128.104
AluSc5	-0.0366289219907225	0.756	1016	196	201.04
Tigger5	-1.17875809300964	0	707	11	24.902
L1M5	-0.70926603254096	0	2162	1327	2169.608
L1M4	-1.02739714732394	0	1956	495	1008.98
HAL1M8	-0.783878899809385	0	86	65	111.914
LTR103b_Mam	0.438357404378354	0.104	498	39	28.781
MLT1H2	-0.777264301220346	0	1431	131	224.518
AluYk2	0.222570044059816	0.002	1939	375	321.389
MER4D1	1.38437859303296	0	1157	202	77.377
MER4CL34	0.0290823410881395	0.928	307	46	45.082
L5	-0.0272398547058983	1	276	33	33.629
MLT1H	-0.810110164828289	0	113	278	487.43
AluY	0.0683223538796568	0.002	23	5032	4799.252
MLT1I	-0.609818171312924	0	561	344	524.967
MamRep605	-0.335062229120946	0.022	408	132	166.509
LTR33	-0.429995749102222	0	521	331	445.933
MSTB1	-1.16011040193772	0	3250	106	236.883
AluSq	0.292818953452957	0	1942	730	595.903
MLT1C	-0.505488996254185	0	1476	225	319.411
AluJb	0.315514998211131	0	1474	7029	5648.252
FAM	0.179586634853988	0.082	550	227	200.431
AluSq2	0.254687504806977	0	1251	3000	2514.506
L1ME3E	-0.890615730535717	0	543	122	226.184
LTR33B	-1.15157234224399	0	2509	34	75.533
MER65D	0.789283034067911	0.024	1620	38	21.988
MLT1D	-0.177545267590421	0.002	5856	832	940.957
THE1C	-2.28274521479295	0	3087	100	486.603
L1MA5	-1.54469988768601	0	891	83	242.147
FLAM_C	0.576750959555983	0	772	1680	1126.393
SVA_E	0.114295493096269	0.676	1121	36	33.258
AluSg	0.314319143343261	0	1506	2608	2097.433
MER1A	-0.844403508581186	0	1289	90	161.597
MER21C	0.0405943023830216	0.738	1094	287	279.037
LTR41	0.0271498264744364	0.944	517	56	54.956
L1MB8	-0.594688195249226	0	986	561	847.192
Tigger12	0.0865839667146946	0.772	1465	44	41.437
LTR37A	0.336458539228905	0.03	2095	118	93.454
AluSg4	0.317700624211021	0	3743	722	579.295
MER11B	0.391121537311785	0.116	342	41	31.264
L1ME4b	-0.0303312070672773	0.558	467	1160	1184.646
AluJr4	0.154484820384691	0.008	620	651	584.893
U6	0.246174657132103	0.116	812	93	78.411
MER8	-0.425222322120795	0.02	266	68	91.309
Charlie29b	-0.122384161646585	0.648	919	62	67.489
AluSx1	0.36460830758745	0	2908	6744	5237.928
MSTD	-0.860861081765624	0	6037	205	372.305
AluSg7	0.26025353490971	0	2609	340	283.88
AluSz6	0.159829226985726	0	264	2221	1988.086
Charlie4z	0.603563808400469	0	3983	412	271.148
MLT2B3	-1.42252007561005	0	1465	60	160.832
MER31-int	-0.491211756003092	0.188	58	40	56.225
MER92-int	-0.238511743200865	0.59	4420	40	47.191
MER34A	0.477200992240018	0.016	1322	100	71.837
L1MC3	-0.955833537989572	0	1037	360	698.292
MSTA1	-0.459265940794458	0.24	14	19	26.122
MER4A1	0.590033952078844	0	17	165	109.614
MER4E	0.786419417178663	0	1729	64	37.106
AluYc	0.257129143944013	0.002	66	374	312.945
MER4A	1.28248885747167	0	24	105	43.164
Charlie30a	0.0444166616445796	0.966	132	22	21.333
MER31B	0.807562253368153	0	102	127	72.561
L1MA4	-1.74308405554959	0	309	172	575.77
FRAM	0.427908956992668	0	1348	1250	929.173
MER112	0.381216948839668	0	5	271	208.071
Ricksha_0	-1.27441076931784	0.032	320	8	19.352
Tigger4b	0.0746344781421588	0.614	38	127	120.597
Charlie20a	-0.516362993910929	0.114	6	29	41.48
L1MD3	-0.389599523092601	0	388	202	264.626
AluYf1	0.234657133767765	0.086	172	115	97.737
L1MC4a	-0.54496253535211	0	435	342	498.972
MER39B	1.40400382240391	0	379	157	59.327
L1ME1	-1.0576767367986	0	6685	782	1627.793
LTR9B	0.352915787371046	0.192	1117	43	33.669
MER5A	0.351710390693127	0	4138	2052	1608.059
MER4E1	0.641795883277726	0	9119	82	52.555
MLT1E3	-0.536491787342177	0.008	831	68	98.63
LTR37B	0.0835044363362485	0.65	211	101	95.32
MLT1O	-0.174948584117879	0.124	85	211	238.203
MSTA	-1.6690357196467	0	39	304	966.726
MER103C	-0.239880187637761	0.004	103	351	414.494
LTR39	1.01897231632684	0	57	124	61.19
L1ME3B	-0.748587927824973	0	68	244	409.956
L1PA5	-2.2650469547038	0	58	157	754.652
L1ME3D	-0.669080934962605	0	40	134	213.068
L1P4	-1.50251300680405	0	38	67	189.835
L1MA2	-1.89774155117823	0	32	119	443.429
LTR22C2	-1.86987140617771	0.22	126	1	3.655
L1PA15-16	-1.12813242366719	0	43	41	89.616
L1ME3A	-0.477068612288541	0	30	572	796.174
L1PA8A	-1.91042201782661	0	63	42	157.886
L1PA8	-1.45441888704555	0	21	169	463.138
L1PA10	-1.59262959505951	0	77	140	422.238
L1MEd	-1.08486656999049	0	31	396	839.987
ERVL-int	-2.83214738350889	0	12	6	42.728
L1MA7	-1.4233643241391	0	145	166	445.229
L1M7	-1.61796050503042	0	125	49	150.401
HAL1b	-0.828679364913688	0	30	119	211.351
MLT1H1	-0.618720557910045	0	106	117	179.655
THE1B	-1.84287568053012	0	1166	308	1104.871
THE1B-int	-3.13575374179998	0	82	30	263.68
MLT1H1-int	-0.258643067938188	0.678	51	17	20.338
LTR64	1.11507652444669	0.004	996	39	18.005
THE1D	-1.6441275939044	0	620	199	621.992
tRNA-Gln-CAA_	-Inf	0.456	659	0	1.491
tRNA-Ser-TCA(m)	-Inf	0.502	524	0	1.41
MER124	-0.550243998709518	0.072	682	24	35.144
L1PA11	-1.90732770969788	0	232	66	247.575
MER3	0.020119986018786	0.81	441	511	503.923
MER5A1	0.21676271868349	0	411	854	734.862
L1ME3	-0.461566427969261	0	393	332	457.176
L1MEg	-1.15280038921812	0	197	304	675.929
L1MC4	-0.416908666854949	0	424	878	1172.186
LTR104_Mam	-0.180807960868371	0.378	834	81	91.815
BLACKJACK	-1.12469274691056	0	301	49	106.847
L1M3	-1.15010592754164	0	13	159	352.869
LTR7	0.523416026078112	0	279	173	120.36
MER67C	0.063642495450813	0.772	269	84	80.375
LTR67B	-0.215417347440176	0.126	61	151	175.317
LTR79	-0.442289448174704	0	197	141	191.585
Charlie1b	0.128598301337135	0.356	4362	157	143.611
Charlie1a	-0.626511988727859	0	15391	186	287.152
Tigger3a	-0.27172308675194	0.006	25202	217	261.973
MER113A	0.221250739618487	0.174	614	112	96.076
MER44B	-0.0638066356113294	0.76	281	100	104.522
Chap1a_Mam	-0.210104449453671	0.336	20741	57	65.936
MLT1C2	-0.142775440137754	0.024	39	704	777.235
L1M8	-1.72012689598573	0	175	26	85.661
MER102c	0.343404146958471	0	53	184	145.025
L2d2	0.152057842367662	0	21741	2723	2450.607
Tigger7	-0.190432422566106	0.27	4461	123	140.356
MER41D	0.849440323424619	0.004	2273	41	22.755
HAL1	-0.437888282588476	0	7554	787	1066.086
MLT1A1	-1.00798744454855	0	590	164	329.821
LTR78	-0.225618725418755	0.07	1483	201	235.025
SVA_D	-0.810772895969448	0	23	53	92.97
L1M4b	-1.02768809346563	0	235	110	224.263
UCON76	0.782712874518864	0.128	920	11	6.394
MLT1B	-0.505511152097818	0	240	602	854.615
L1MC1	-1.06851931932293	0	473	336	704.686
L2d	0.0852702576042337	0.054	332	1385	1305.512
L1PA3	-2.44170294505986	0	361	144	782.327
Charlie19a	0.359057653827528	0.034	435	95	74.069
L1ME4a	-0.325565050178776	0	1129	1115	1397.268
LTR2C	0.922967398477988	0.014	17	26	13.713
L1MB4	-0.540722586434531	0	3	321	466.959
BSR/Beta	-0.731142818057133	0.08	5	43	71.378
AluSc8	0.128988585480553	0.004	6	1084	991.288
MER101-int	-1.18120043192424	0.004	4	26	58.959
LOR1-int	-1.72873189694628	0	5	22	72.916
LTR57-int	-2.69391435938095	0	49	3	19.412
HERVK9-int	0.181085295092779	0.552	27	51	44.984
MER9a2	-0.956707205796456	0.062	10	8	15.527
MER102a	0.363075224315736	0.004	34	182	141.506
MER67A	-0.0120810294082019	0.956	16	22	22.185
MER2	-0.320335276573881	0	34	348	434.52
HERV16-int	-0.651653556808105	0.008	122	62	97.4
X24_LINE	-0.0449955540911558	0.986	1930	25	25.792
L1MEc	-1.05287903988206	0	916	446	925.301
MER63B	0.0692626624371138	0.666	322	120	114.375
MER4A1_	1.31255281744926	0	72	51	20.533
MLT1G1	-0.454597056534549	0	627	130	178.152
AluYa5	-0.392922650251895	0	349	138	181.201
L1MD	-1.05622627839439	0	367	200	415.897
LTR12C	-0.644398743561823	0	229	114	178.192
LTR13A	1.38718385670921	0	257	29	11.087
Tigger19b	-0.0912354587257495	0.45	190	156	166.184
L1MEf	-1.15425134838698	0	284	266	592.033
L1M4a2	-1.14054691177701	0	114	48	105.823
MER49	0.400860114602987	0.044	132	91	68.924
L1ME2	-0.825534826518305	0	5931	370	655.711
MER50	0.37145968073724	0.016	124	169	130.637
AluSx4	0.218354620056939	0	88	664	570.738
L1PB1	-1.71508221485784	0	248	241	791.24
MamRep1151	0.0168990043523111	0.966	327	62	61.278
MER41B	1.42787475810704	0	439	382	141.981
MER30	0.0303304598459359	0.794	258	199	194.86
Arthur1B	-0.158453368850232	0.382	286	100	111.609
LTR46	0.958523364023841	0.008	43	24	12.35
MER9a1	0.0768808520029475	0.842	68	19	18.014
LTR13	1.35449966869988	0	440	71	27.766
LTR13_	1.58965889538591	0.018	81	8	2.658
MER54A	-1.0100636833447	0.006	449	18	36.252
MER68	-0.521622300323295	0.022	368	51	73.214
L3b	0.167078989685894	0.024	722	503	447.994
MER4B	1.30417188058971	0	65	215	87.065
MER4B-int	-0.474011390166384	0.09	2403	59	81.949
AluYe5	0.400775114069319	0.016	507	82	62.111
LTR16B1	-0.243370643791334	0.308	137	49	58.004
AluSq4	0.369485953161773	0.018	1398	103	79.728
AluYc3	0.450670507115087	0.082	141	37	27.073
AluYh3	0.262153871313078	0.31	393	38	31.686
MER20	0.108169993747461	0.076	254	848	786.744
hAT-1_Mam	0.380617612609745	0.09	188	92	70.666
MER63D	-0.047073003262264	0.846	100	78	80.587
MER66C	0.155915693221165	0.596	279	32	28.722
AluYk3	0.0265847301831394	0.764	19	298	292.559
MER66-int	-2.24200962334887	0	60	9	42.575
7SLRNA	0.390492666352889	0.032	725	84	64.081
AluYh9	-0.196187350989054	0.994	1829	6	6.874
MER74B	-0.17566869398293	0.522	530	41	46.309
LTR5_Hs	2.19996265314413	0	267	171	37.217
LTR2B	1.68244783985893	0	790	56	17.447
Harlequin-int	0.992860428931374	0	538	77	38.691
LTR75	0.922561659514078	0.018	461	28	14.772
AluYa8	0.572888974817363	0.066	576	26	17.479
LTR10A	1.65138986246013	0	164	51	16.235
HERV9N-int	-2.39643353125099	0.002	23	3	15.795
HERVIP10F-int	0.793424354302721	0.034	818	37	21.348
MER131	-0.147147476094659	0.568	895	45	49.832
HUERS-P1-int	-0.135722476398761	0.828	852	28	30.762
LTR7B	1.12564618699448	0	382	91	41.705
L1M1	-1.62140910349057	0	834	187	575.353
Charlie22a	-0.1171963291633	0.67	686	48	52.062
MER65A	-0.205246526053444	0.35	1568	60	69.173
MER65-int	-0.411002873127883	0.286	1642	41	54.514
MER52A	-2.56491465867283	0	778	15	88.758
MER52C	-0.424048684429079	0.286	10162	16	21.467
MER83	0.576836153222307	0.064	9331	37	24.806
MER113	0.149861904814746	0.23	459	196	176.662
LTR26B	0.657031578522458	0.274	128	11	6.976
LTR42	0.176679693982143	0.658	213	19	16.81
MER4D	0.863491051647852	0	452	124	68.153
L1M4c	-1.48115455539454	0	7486	68	189.837
L1M4a1	-1.95197138262091	0	673	35	135.416
Tigger1a_Art	-1.19943678355886	0.132	589	6	13.779
MER65B	0.24696603720614	0.67	1090	12	10.112
AluYi6	0.109832491951976	0.758	532	23	21.314
L1P5	-2.37537709669153	0	498	7	36.321
OldhAT1	0.00288090390381517	1	811	196	195.609
L1MC5	-0.392864881455958	0	694	540	709.019
ORSL-2b	0.539904733711235	0.036	20797	49	33.703
AluYm1	0.231401817079731	0.006	2713	264	224.877
Tigger1	-1.23538057708027	0	2113	290	682.786
Tigger16a	0.52206368400551	0	4399	120	83.565
Arthur1A	0.309065943950313	0.128	3723	67	54.08
L1MEb	-0.803496973412014	0	46104	49	85.521
Tigger15a	0.0655009423866288	0.55	5437	238	227.436
X26_DNA	0.0374268364689032	0.88	740	46	44.822
Charlie15b	-0.0926213514669884	0.676	3102	85	90.636
Tigger2	-1.11527455037035	0	1753	69	149.479
MER44A	-0.227321874227052	0.158	4356	97	113.554
MER119	0.353264414809913	0.138	5240	74	57.928
X7A_LINE	0.140520988903142	0.514	7599	47	42.638
MER1B	-0.407388461311341	0	9329	198	262.604
Charlie1	-0.142986134957167	0.492	10977	85	93.856
LSU-rRNA_Hsa	0.171589979402932	0.636	6355	22	19.533
LTR16E1	-0.782061030079837	0	4601	70	120.371
ERV3-16A3_I-int	-1.0298842799459	0	3535	172	351.2
ERV3-16A3_LTR	0.124979235855918	0.584	5653	58	53.187
MLT2D	-0.574504114989391	0	8860	145	215.929
L1MB2	-0.770243183950442	0	11543	262	446.856
Charlie2b	-0.172843960537997	0.298	17080	158	178.11
MER81	0.379056892151361	0	6361	217	166.86
MER89	-0.207299942954928	0.392	9323	59	68.117
MER91B	0.119989348505587	0.516	18216	72	66.254
MER31A	1.47255971199008	0	9583	184	66.303
MLT1A0	-0.847210938950639	0	10120	560	1007.451
MSTB	-1.56410675635369	0	23879	142	419.886
LTR18B	-0.126195500217142	0.854	17029	17	18.554
Charlie8	0.277401078834229	0.014	8093	250	206.269
MER46C	0.165774756294597	0.194	13334	149	132.826
LTR81B	-0.191904755413591	0.532	6531	48	54.829
LTR40a	-0.568091082360417	0.004	13567	66	97.849
LTR81	0.384112926083943	0.348	24233	20	15.325
MER58B	0.203839452767844	0.022	10189	380	329.93
MER74A	-0.446073656485007	0.028	14811	58	79.015
MER63A	-0.174777803065148	0.156	18323	148	167.061
LTR52	-1.53748935235839	0	7351	18	52.252
Kanga1	-0.511449297256666	0.118	2184	27	38.488
MLT-int	0.00216566721811454	1	3320	20	19.97
Charlie16	-0.367539866074719	0.16	8747	53	68.378
MLT2C1	-0.213030392676769	0.186	7120	108	125.185
Tigger3c	-0.218509959015362	0.21	11235	96	111.699
MER91A	0.0195614505889968	0.868	5553	169	166.724
MLT2B1	-1.1844323857144	0	7208	96	218.183
MER47B	-1.21971063954878	0.004	1016	13	30.277
L1MB7	-0.498335376153604	0	32075	846	1195.045
AmnSINE2	0.171177294904284	0.54	13123	34	30.196
MamRTE1	-0.0215705248849635	0.816	7469	407	413.131
THE1A	-2.08053236958155	0	9350	49	207.252
MER45B	0.118285754169249	0.622	16176	71	65.411
LTR81C	-0.379333437597165	0.234	8464	27	35.12
MLT1J	-0.151538589449492	0.014	3352	657	729.765
Tigger2a	-1.09943695946049	0	14582	76	162.846
MER66B	0.0915187057577126	0.648	4406	73	68.513
LTR41C	0.0174170530774094	0.946	4645	37	36.556
MER34C_	0.265709667128002	0.366	4641	38	31.608
MER58C	0.0287692356804513	0.818	19078	121	118.611
LTR26	-0.215941380414879	0.606	29875	26	30.198
BC200	0.670658221554414	0.004	25168	50	31.411
LTR40c	0.298968528347376	0.27	9612	36	29.262
MER34	0.290921598411668	0.182	3487	79	64.573
LTR19A	1.63346377902548	0	368	67	21.595
L1MCc	-0.998838338869994	0	1753	82	163.868
AmnSINE1	0.332776892964807	0.002	18334	149	118.307
MSTA-int	-3.14596464596055	0	17206	21	185.887
HERVL-int	-1.16938166211896	0	11747	72	161.939
LTR27C	-0.636218578875358	0.526	13699	4	6.217
Tigger2b_Pri	-1.18394903066754	0	1034	46	104.511
MER117	0.0550877667762921	0.592	761	209	201.17
LTR106_Mam	0.0306192350583919	0.95	3089	32	31.328
MLT1H-int	-1.12606862868765	0.004	5382	19	41.47
MER75	-1.02786177535451	0.01	2432	12	24.468
MLT2B4	-1.24334197486531	0	170	95	224.909
Tigger17c	-0.304600898559438	0.588	3334	13	16.056
Tigger17d	-0.655443425389886	0.206	1647	10	15.751
Charlie25	-0.876511865898536	0.018	3541	29	53.242
MER51A	0.318056052694261	0.164	88	60	48.129
MER96	0.238514470533553	0.194	3933	68	57.638
LTR40b	-0.560159710749481	0.038	592	37	54.554
MLT1E2	-0.660945141692202	0	158	127	200.802
ERVL-B4-int	-0.97281517067377	0	107	111	217.856
MER107	0.457046274887576	0.256	162	21	15.298
Arthur1C	0.798894453416823	0	199	57	32.763
MER45C	-0.177942317189951	0.58	809	52	58.826
THE1C-int	-4.49036474998591	0	7337	5	112.384
MER121	-0.648859837518805	0.012	4243	28	43.902
L1PA12	-2.10321299161463	0	1835	23	98.823
AluYg6	-0.352758525040637	0.194	9214	31	39.587
LTR16A1	-0.39661342962904	0.01	3079	99	130.325
MSTB-int	-1.47037930842342	0	8639	19	52.648
L1MDa	-1.47579875723442	0	1519	133	369.923
L1ME3Cz	-0.70171718921281	0	14511	430	699.369
L1ME2z	-0.391619224140469	0	4850	274	359.451
L1PA15	-2.00484220553329	0	5114	125	501.681
tRNA-Gly-GGA	1.61610813234134	0.002	11102	14	4.567
UCON16	-Inf	0.32	12283	0	1.747
Eulor10	-0.876566058751721	0.894	11650	1	1.836
L1MA10	-1.40213662249574	0	6196	96	253.721
X30_DNA	0.123185821023936	0.646	13418	38	34.89
L1MC2	-1.19691299336588	0	8382	144	330.118
MamTip2b	0.0227038437358133	0.85	2467	316	311.066
UCON80_AMi	-0.71560055645265	0.262	1911	6	9.853
L1ME3C	-0.724106747845143	0	13410	98	161.884
L1MEh	-0.938928524972773	0.002	2963	77	147.617
L1MA5A	-1.61928964874	0	3726	59	181.262
LTR10B2	1.17733782515455	0.012	7713	12	5.306
LTR21C	-0.0908534304511135	1	2222	1	1.065
LTR62	-0.036503333738988	1	468	16	16.41
THE1D-int	-2.81151017516336	0	336	21	147.424
MER44C	-0.00250355997669145	1	8315	57	57.099
Charlie4a	0.526150759073239	0	55157	200	138.881
MER34C2	0.545236470931844	0.148	949	43	29.467
MER39	0.786742543767669	0	42	284	164.621
AluYh3a3	0.679034022548021	0.154	557	12	7.495
MADE2	-0.246513445638609	0.084	11	101	119.82
MSR1	1.79565621543974	0	1749	74	21.315
Helitron3Na_Mam	0.0945390676202322	0.71	170012	56	52.448
LTR5B	1.79430549196469	0	93700	87	25.083
LTR45C	-0.175258445745353	0.798	129292	18	20.325
Tigger3d	-0.407128079253672	0.236	28368	23	30.499
LTR8A	0.56900438252879	0	53617	110	74.149
LTR38	-0.089724119206843	0.986	46112	12	12.77
LTR38-int	-2.48413813120167	0.108	9843	1	5.595
HERVK13-int	2.11785695419844	0.002	6659	18	4.147
LTR3B_	-0.566463399261148	0.404	3332	9	13.328
MLT1E1	0.0211003762376787	0.944	5094	52	51.245
LTR78B	-0.823777146925138	0	745	88	155.763
L1MB1	-1.38503558792019	0	2331	125	326.473
Tigger4a	-0.19398195686651	0.134	559	144	164.724
L1MD2	-0.896507819494364	0	1421	303	564.051
MER115	0.316409129836743	0.038	852	151	121.263
L1MEi	-1.12937445978301	0	1133	119	260.329
MER77	0.347242102751687	0.078	143	82	64.459
LTR3A	2.45353764183291	0	454	48	8.763
MER77B	0.131719621290089	0.55	104	70	63.892
LTR33C	-0.374351938844623	0.174	252	35	45.369
LTR85c	-0.092233464255767	0.756	1176	52	55.433
Kanga1a	-0.333960350819304	0.306	528	32	40.335
Kanga1d	0.131629303260768	0.684	762	35	31.948
LTR105_Mam	-1.42241242920649	0	621	12	32.164
MLT2B2	-1.04988540156728	0	1986	52	107.659
LTR40A1	-0.252594684159034	0.56	682	23	27.401
HERVL40-int	-0.406248531388835	0.188	664	51	67.587
MER85	-0.797358906393345	0.006	427	24	41.71
MLT1J1	-0.493380281510664	0	86	165	232.277
MER92B	-0.780620499364709	0.032	54	23	39.511
LTR10E	-0.0383358377130394	1	44	14	14.377
MER63C	-0.0298222866444201	1	67	44	44.919
LTR16E2	-0.334250438419383	0.056	182	90	113.465
MLT1E1A	-0.996397355414899	0	27	84	167.581
L1PA13	-2.30686771510327	0	327	105	519.548
Kanga1b	0.354144658860073	0.35	82	24	18.776
MLT1F1	-0.354752436747226	0.02	171	124	158.567
L4_B_Mam	-0.037012229043204	0.84	107	152	155.95
MamRep4096	0.718050486565001	0	539	98	59.576
L1ME5	-0.484430625382143	0.002	182	119	166.485
MER21B	0.296889114497142	0.044	293	174	141.637
L1P2	-2.62477524734649	0	450	17	104.854
LTR85a	0.0619189878638885	0.73	131	91	87.177
Tigger19a	-0.0529201232409395	0.702	791	160	165.978
HAL1ME	-0.670202186559181	0	557	223	354.859
LTR24C	0.83728215815074	0.022	178	33	18.47
L1MA1	-1.84840888504277	0	2781	71	255.673
MSTC	-0.889881200604331	0	502	85	157.507
AluYb8	-0.51713568689758	0	115	90	128.8
MER21A	1.33341626567607	0	653	255	101.191
X6a_DNA	-0.443388233876845	0.076	524	34	46.233
MSTB2	-1.28822934881674	0	48	32	78.153
MLT2A2	-1.96641570064894	0	210	50	195.398
MER48	0.308763635688914	0.566	96	12	9.688
HERVH-int	0.067400597756861	0.598	144	368	351.203
L1PA17	-1.50025855218187	0	368	91	257.433
L1PB4	-1.40136645233004	0	137	151	398.869
LTR53B	-1.22496636500027	0.096	311	4	9.35
MER61B	0.41453887605882	0.178	3080	27	20.257
L1ME3F	-0.908790680751661	0	4295	121	227.174
tRNA-Leu-TTA	2.99136969485656	0	2734	4	0.503
MLT1A0-int	-0.683442914637856	0.036	1849	31	49.785
LOR1a	-1.19776057099253	0	702	18	41.289
LTR33A_	-0.342882248758716	0.106	1203	66	83.707
MER57B1	0.0961176996390704	0.676	1681	53	49.584
AluYh7	0.444251531022536	0.168	6765	29	21.314
LTR16A2	0.0962634931758034	0.616	1137	95	88.868
LTR53	-0.996328482238214	0.02	214	12	23.939
X17_LINE	-0.134089480920423	0.622	314	40	43.896
MER90	-0.303718134375381	0.38	2540	28	34.561
LTR50	-0.190449585276056	0.26	2368	109	124.382
LTR1A2	-0.747379442348619	0.018	855	27	45.326
LTR89B	-1.01695769374484	0.008	198	17	34.402
MER11A	1.117670294211	0	371	123	56.683
LTR81AB	-0.334225008414431	0.62	77	10	12.607
LTR1B1	-1.65824957320713	0.034	229	3	9.469
MER61D	0.674997433963188	0.064	457	21	13.153
MER61A	-0.0776494907948794	0.838	287	37	39.046
Arthur1	-0.205154755274705	0.312	140	100	115.281
X7B_LINE	0.195137245167142	0.368	367	49	42.801
LTR8	1.34999626382122	0	851	447	175.355
Eutr15	-0.928417701388488	0.024	349	16	30.451
L1MA6	-1.65793990552257	0	92	93	293.476
MamRep434	-0.134001835038383	0.402	174	90	98.76
L1PB2	-1.45936166809105	0	64	60	164.992
L1P3	-2.08462369212365	0	72	45	190.874
EUTREP8	-0.815106945325126	0.158	65	7	12.316
CR1_Mam	0.0681728877181282	0.742	306	84	80.123
MER45R	-0.256081645192027	0.564	310	26	31.05
Tigger17a	-0.231313095610092	0.192	300	103	120.912
MamTip1	0.362480473779829	0.136	136	46	35.78
LTR101_Mam	-0.568236963933609	0.024	234	38	56.343
MLT1G	-0.281201962570095	0.072	137	116	140.964
Tigger11a	-0.707377539555679	0.176	897	12	19.594
MER110	-0.761749460959217	0.024	94	22	37.302
MLT1N2	-0.0275119628048793	0.79	36	265	270.102
LTR66	-0.0125289457072446	1	22	18	18.157
HERVL66-int	-0.526068811667588	0.862	109	4	5.76
MER54B	-0.344026405590074	0.456	170	17	21.578
MER70A	-0.486944654812495	0.194	154	19	26.628
MLT1E	-0.947462883009743	0.008	156	23	44.355
L1MD1	-1.20115186238183	0	39	164	377.074
MamGypsy2-I	-0.266333504094887	0.206	17	91	109.45
LTR90B	-0.460946381570264	0.252	113	18	24.776
MER20B	0.105074375674408	0.402	82	214	198.968
MamSINE1	-0.0184735433144561	0.874	118	266	269.428
LTR16D	-0.648898497842757	0.016	878	34	53.311
MLT1F	-0.153265465654006	0.222	203	191	212.408
LTR24	1.99022287838847	0	314	60	15.102
LTR24B	1.14746840991219	0	462	48	21.668
MER57A1	-0.128458384146928	0.656	377	48	52.47
LTR10C	0.844844457888028	0	315	48	26.725
MLT1J-int	-0.235010440432988	0.37	622	59	69.438
MADE1	-0.542210970665931	0	610	242	352.401
MLT2A1	-1.89799869010798	0	137	48	178.894
LTR48B	0.30584591939845	0.14	316	62	50.156
MER34-int	0.677862073821323	0.088	229	33	20.628
LTR49-int	-0.540152861882434	0.044	124	79	114.876
tRNA-Glu-GAA	1.52180474206083	0	322	12	4.179
MER70B	-1.05268806367534	0	233	23	47.711
MER121B	-0.678522676883494	0.746	151	2	3.201
LFSINE_Vert	0.0133151747699046	0.954	119	107	106.017
Tigger9b	-0.315991228526379	0.38	272	30	37.346
UCON49	-0.717210299019596	0.51	222	3	4.932
Kanga2_a	-0.362310260331633	0.16	140	58	74.558
MamGypLTR1a	-0.0860350272406199	0.806	264	49	52.011
Tigger23a	-0.0955058933670126	0.82	228	25	26.711
L1MEj	-1.28796473293007	0	730	48	117.208
L4_A_Mam	-0.347340065258637	0.002	354	249	316.781
MamRep38	-0.360379063481895	0.012	313	76	97.566
L1PB3	-1.3717609651519	0	97	80	207.029
LTR23	1.86067895148874	0	149	150	41.302
ERV24_Prim-int	0.187050040544251	0.668	251	25	21.96
LTR23-int	-1.18824265626441	0.284	1235	4	9.115
MER34B	-0.167092107499298	0.694	9406	29	32.561
LTR54	0.372473202650469	0.112	2229	70	54.072
MER34C	0.895900190549584	0.038	1779	17	9.136
MER75A	-0.470233153520969	0.77	1635	3	4.156
LTR16A	-0.53771954971389	0	944	142	206.138
L1M6	-1.00905495405752	0	271	130	261.637
MER44D	0.168817642842419	0.58	117	35	31.135
MER34A1	0.33112446831208	0.22	95	48	38.156
L4_C_Mam	-0.190413733668713	0.086	206	209	238.488
MamRep1879	0.696490597925415	0	505	112	69.112
MER94	-0.267438126899857	0.028	1395	181	217.864
X12_DNA	-0.00130470537828545	1	2029	63	63.057
LTR16B2	-0.768240645951257	0	2097	47	80.05
Zaphod3	-0.760208420299338	0.002	258	34	57.587
MER58D	0.038966683341191	0.856	116	54	52.561
MamTip2	0.374980649100033	0	164	311	239.817
LTR33A	-0.913839987315625	0	236	56	105.507
MER41A	1.38006836050947	0	132	339	130.244
LTR8B	0.828498859849368	0	1297	148	83.341
MER5C	0.0242625939918119	0.896	197	65	63.916
UCON63	-Inf	1	179	0	0.685
MLT1C2-int	0.0222704753825751	0.936	90	22	21.663
Tigger13a	-0.461075425045913	0	276	111	152.799
LTR16D2	-1.09934330138703	0.068	107	7	14.998
ORSL	0.23576376416409	0.264	2032	68	57.748
MARNA	-0.13391680036245	0.336	580	134	147.034
MLT1G1-int	-0.597507337678005	0.356	1142	10	15.131
LTR84b	-0.689299160535892	0.008	610	38	61.275
LTR1C	-0.15704371014558	1	1199	3	3.345
THE1A-int	-2.53077306082742	0	868	16	92.461
LTR91	-0.658466750631508	0.002	766	47	74.185
LTR41B	0.830268249192111	0.002	338	73	41.057
LTR91A	-1.021143046817	0	470	57	115.683
AluSq10	0.392196264025086	0.012	182	96	73.149
X12_LINE	0.653610374971642	0.084	250	16	10.171
MER105	0.422408699577466	0.086	233	45	33.578
LTR19B	0.153286059328523	0.756	177	15	13.488
HERVIP10FH-int	0.676829502958447	0.044	448	39	24.396
Charlie16a	0.268134846311552	0.142	473	79	65.601
FordPrefect_a	-0.253494260207441	0.7	260	11	13.113
MER11C	-0.556292768564135	0.014	82	35	51.467
LTR85b	-1.01970191444255	0	696	28	56.77
LTR71B	1.40088421794981	0	287	33	12.497
LTR16D1	-0.177598929327733	0.928	43	9	10.179
L1MA3	-1.55472821973982	0	175	185	543.49
X9_LINE	-0.0810473965929221	0.842	122	28	29.618
Charlie18a	0.0181785640779893	0.918	105	117	115.535
MER51E	0.145237084262795	0.704	1009	13	11.755
MER91C	0.47597528649569	0	1026	103	74.055
LTR86A1	-0.821410897887083	0.028	1584	15	26.507
U2	0.10493605763835	0.63	2333	52	48.352
LTR83	-0.531402255970628	0.168	25	24	34.688
LTR75_1	1.14811534983928	0.036	701	14	6.317
MER72	0.800914871996435	0	2597	67	38.457
L2-3_Crp	-0.0438140470987356	0.854	416	79	81.436
UCON88	1.04890960048095	0.342	1109	3	1.45
Charlie32a	-0.415037499278844	0.47	176	9	12
MLT1D-int	0.128156351490682	0.704	516	33	30.195
MER52D	-1.91322452933057	0	354	10	37.665
L1M	-0.654227212439543	0.032	198	22	34.623
X15_LINE	0.642133410391063	0.096	1137	17	10.893
LTR12E	0.172064867778023	0.828	884	7	6.213
MamRep564	-0.346277123698605	0.22	425	29	36.867
LTR21B	-0.767231037023876	0.978	1050	1	1.702
HERVFH21-int	-2.06315775866032	0.126	282	2	8.358
LTR14B	1.08191913015229	0	387	40	18.896
AluYk4	0.251129897773761	0.198	76	63	52.935
Cheshire	-0.332879758053157	0.32	116	40	50.381
MamRep605b	0.305943470705965	0.024	306	138	111.63
LTR12	-1.60569750649092	0	469	14	42.608
MER101	-0.151128194345917	0.866	38	16	17.767
X7C_LINE	0.177830725923181	0.524	254	32	28.289
LTR36	0.538646069231674	0.08	200	36	24.783
MER126	-0.169225343309837	0.854	326	11	12.369
MER130	-0.772814687499193	0.302	384	5	8.543
UCON22	-Inf	0.346	477	0	1.649
MLT1M	0.0701620894015011	0.632	435	113	107.636
LTR71A	-0.727528423783232	0.322	3787	5	8.279
U13_	0.0244222172367674	0.994	356	14	13.765
Penelope1_Vert	-0.0167530297371841	0.978	147	50	50.584
Tigger14a	-0.479182424036752	0.024	329	43	59.94
Charlie7a	-0.172899698600444	0.466	163	59	66.512
MamRep137	-0.0858861490399176	0.582	2427	109	115.686
Charlie29a	-0.538252199800221	0.068	162	33	47.923
Charlie17a	-0.128115705759758	0.568	170	52	56.829
MER94B	0.69457502450931	0	251	46	28.423
Eulor2A	-1.63087138301258	0.384	161	1	3.097
UCON20	-1.03703073094497	0.74	163	1	2.052
CR1-3_Croc	0.171721647763318	0.346	229	69	61.257
LTR86A2	-0.374976223169698	0.564	311	11	14.265
MER102b	0.205419359178764	0.094	130	171	148.306
X5B_LINE	0.524085027821822	0.548	204	5	3.477
X20_LINE	-0.305289614435912	0.768	207	6	7.414
U1	1.83264207226149	0	105	32	8.984
Mam_R4	-0.402067249827825	0.27	4897	20	26.428
MLT2C2	-0.285742785908627	0.234	3301	53	64.609
Ricksha_c	-0.550840980093449	0.052	4095	33	48.343
MLT1G3	-0.141486395414783	0.386	888	122	134.571
X9a_DNA	-0.158114124173766	0.616	332	29	32.359
CR1-16_AMi	-2.26593691166457	0	258	3	14.429
MER96B	0.373099018002051	0.016	3504	131	101.148
LTR1F	-2.89762767427955	0.018	401	1	7.452
UCON57	0.0528949484321256	1	513	1	0.964
Charlie24	-0.0556827796805107	0.878	336	57	59.243
MER75B	-0.892973815273334	0.49	853	3	5.571
5S	0.152486617245925	0.49	275	63	56.681
MER90a	0.138974961502677	0.538	1161	67	60.847
L1MA4A	-1.86242102721512	0	739	98	356.345
Tigger3b	-0.426223292649281	0	1049	246	330.553
tRNA-Glu-GAG_	1.45475046251939	0.002	1162	11	4.013
Zaphod	-0.515861891625784	0.024	736	79	112.958
MER84	2.11029284156021	0	702	75	17.37
MER84-int	1.52097644001949	0.002	1302	20	6.969
HY1	0.794051481592165	0	1893	36	20.762
MARE4	0.175843156271171	0.684	1200	16	14.164
Charlie10	-0.108672039514822	0.734	1186	51	54.99
LTR9D	-0.297257695785564	0.36	554	31	38.093
SVA_F	-0.172460846100647	0.51	308	48	54.095
Charlie26a	-0.267535798068735	0.542	302	20	24.075
Charlie21a	-0.0997902443319571	0.86	285	34	36.435
MamGypLTR2c	-0.354206200205148	0.198	301	39	49.853
EuthAT-2	-0.739238169612077	0.036	718	34	56.756
LTR29	1.20337148453545	0	912	81	35.175
SVA_B	-0.167775388160813	0.506	1640	40	44.933
MamGypLTR1b	-0.157829982196187	0.54	1044	51	56.896
Charlie10a	-0.832484990287604	0.154	1101	8	14.246
Tigger16b	0.449206122111096	0.012	749	83	60.793
LTR86C	-0.235624954665088	0.774	1481	12	14.129
U5	0.319525604672058	0.54	1644	12	9.616
L2-2_Mam	0.157164798560829	0.614	850	28	25.11
Charlie2a	-0.156382233443959	0.466	407	90	100.304
MER104	-0.29717373398754	0.06	536	83	101.985
SVA_A	0.277845425259546	0.122	1592	73	60.212
Kanga11a	-0.130861524490528	0.698	2468	38	41.608
MER5C1	-0.312614668752211	0.386	491	23	28.565
Charlie23a	0.219689900956624	0.26	709	80	68.7
Tigger9a	-0.42441453327245	0.164	172	36	48.313
Charlie17	-0.319067350275268	0.512	755	21	26.198
L1MCb	-1.50624257309499	0	8005	39	110.787
SVA_C	-0.59741198755465	0.074	2711	20	30.26
X32_DNA	-0.114081408748694	0.916	564	14	15.152
L1MCa	-1.09630708948015	0	695	179	382.714
MARE8	0.281035664240462	0.564	1103	12	9.876
MER51B	0.897576000491693	0	1224	66	35.428
HERV9-int	-1.50227967617758	0	1168	10	28.329
LTR47A	0.778475626247435	0.002	777	57	33.23
MER9a3	-0.985986104452171	0.006	879	15	29.71
LTR82A	0.0682749253478777	0.772	1055	54	51.504
LTR21A	1.3933998500204	0.008	680	12	4.568
LTR77	-2.39615948907315	0.1	1350	1	5.264
LTR61	0.6412575189294	0.226	724	13	8.335
MER106B	-0.135921092133494	0.722	2302	34	37.359
LTR56	1.1842713618726	0	916	107	47.085
MER4C	0.992097625886179	0	1278	67	33.684
MER41E	0.841412787270686	0.014	2500	31	17.301
AluYe6	0.840446791482995	0.034	1314	17	9.494
HERVFH19-int	0.574755557851899	0.392	1507	10	6.714
MER110A	-0.0594507602625323	0.942	709	29	30.22
AluYd8	-0.262232685868239	0.702	2167	9	10.794
MER11D	1.89561363578599	0	1282	54	14.513
Tigger10	-0.00100953323319898	1	2142	70	70.049
hAT-N1a_Mam	0.0721530024707725	0.868	503	23	21.878
MamGypLTR3a	0.0797413512208814	0.734	804	66	62.451
Eutr10	0.0986569883294145	0.712	3594	51	47.629
LTR26E	0.558044434339553	0.366	2391	9	6.113
MamRep488	0.956464599318267	0	9028	44	22.674
MLT2B5	-1.1746461020481	0.026	49	8	18.059
Charlie7	-0.609198283008695	0	5945	124	189.151
Zaphod2	0.123612539032695	0.698	774	44	40.387
LTR9	-0.328906077249935	0.258	460	33	41.45
LTR60B	0.376835464347406	0.408	5279	16	12.322
LTR2	1.29572904681165	0	6841	109	44.399
MER57C1	-0.140615075643056	0.974	1176	8	8.819
MER21-int	0.710031436663646	0.002	836	88	53.795
AluYi6_4d	-Inf	0.224	81	0	2.072
Tigger4	-0.943204860842465	0	13	39	74.989
MER47C	-0.257759767505572	0.432	312	29	34.673
ORSL-2a	0.762517861316539	0.016	187	30	17.684
7SK	0.0195881521190367	0.966	218	35	34.528
LTR1D1	-2.04526821513853	0.002	29	4	16.51
LTR51	0.906439823837662	0.006	3187	38	20.273
Kanga1c	-0.394230271666871	0.204	370	29	38.113
Zaphod5a	1.06680508003957	0.098	1253	8	3.819
X7D_LINE	-1.38128337250378	0.53	269	1	2.605
MER106A	-0.769560184876917	0.032	3088	20	34.095
LTR84a	-0.282011397553656	0.456	3205	27	32.829
UCON14	-2.1798294908513	0.126	3172	1	4.531
UCON70	0.874613394634186	0.268	9080	5	2.727
UCON29	0.148001162887554	0.818	2260	12	10.83
Charlie13a	0.226003674888827	0.54	730	32	27.36
MLT2F	-0.304925991357723	0.114	740	76	93.887
L2-1_AMi	0.413831682058464	0.054	834	59	44.287
UCON105	-0.120302782996327	0.756	361	27	29.348
UCON81	0.732164607902385	0.544	802	3	1.806
UCON73	-0.0236747263298778	1	412	11	11.182
MamTip3	0.305919523676849	0.166	633	68	55.007
Charlie4	0.316053603297699	0.238	4569	53	42.573
LTR26C	1.2795677059871	0	3816	37	15.241
MER2B	-0.586554597686937	0.004	2109	64	96.106
EutTc1-N2	0.106422059136155	0.88	2559	9	8.36
X5a_DNA	0.619346971500224	0.03	4434	29	18.878
Charlie13b	-0.458606985839259	0.314	1221	14	19.239
LTR16	-0.188936473262014	0.192	992	130	148.19
LTR43B	-0.423548291930736	0.57	562	9	12.071
LTR103_Mam	-0.250836152691241	0.47	885	29	34.507
MamGypLTR4	-0.390371379087967	0.246	267	26	34.079
LTR47B2	0.0617351214376487	0.98	941	9	8.623
X1_DNA	0.470711371179488	0.128	70	46	33.194
X33a_DNA	-0.110585967411943	1	48	3	3.239
Tigger22N1	-0.463085124457649	0.082	765	37	51.004
HY3	-0.153687439940955	0.716	138	22	24.473
ERV24B_Prim-int	0.019713507574278	0.974	276	21	20.715
HSMAR1	-0.954605791507137	0.004	213	20	38.761
MER34B-int	0.779336677720469	0.034	125	52	30.297
LTR75B	0.0309139934700598	1	181	10	9.788
MamRep1894	-0.138000919045636	0.714	1137	29	31.911
LTR27B	0.519452853696591	0.302	37	11	7.674
LTR1C1	-Inf	0.052	54	0	3.69
MER67B	0.489068760369208	0.142	41	33	23.512
X6b_DNA	0.151073656094133	0.482	90	50	45.029
UCON34	0.1799952830103	0.668	822	17	15.006
U3	0.233475508384677	0.682	29	12	10.207
Eutr11	-0.515258290271667	0.198	3307	20	28.585
X4b_DNA	-0.24731993497982	0.45	5525	28	33.236
MER97c	-0.20678212496467	0.912	9338	9	10.387
MLT2E	-0.353812576364658	0.454	17280	15	19.169
LTR65	1.02799469759907	0.002	4240	46	22.558
HSMAR2	-1.4482213428853	0	1094	35	95.505
Tigger8	-0.310760199132618	0.306	2062	36	44.653
MER52-int	-2.83769100042856	0	2871	4	28.595
LTR22B1	0.0227200765000834	1	5724	8	7.875
HERV4_I-int	-0.62003894261747	0.356	2101	12	18.443
Zaphod4a	0.212795515421064	0.616	11144	22	18.983
MER68-int	-0.18824265626441	0.804	4256	16	18.23
MER70C	-0.42814239097833	0.49	255	10	13.455
LTR102_Mam	-0.302061360296784	0.538	1194	21	25.891
LTR10F	0.741592159863161	0.028	1379	38	22.727
MER6	-0.899562360154693	0.01	1525	22	41.041
U13	0.376694971752464	0.488	9845	10	7.702
Tigger6a	-0.766255913606631	0.036	1355	20	34.017
PRIMA4-int	-0.576344762999779	0.242	423	15	22.366
HERVK-int	1.73347238412811	0	1513	55	16.54
MER41G	0.274539277949432	0.724	804	7	5.787
L1HS	-2.26723614181241	0	668	17	81.838
LTR44	0.342425320927752	0.516	641	14	11.042
LTR45B	0.250322721323396	0.508	206	24	20.177
MER57A-int	-1.43236718867762	0	685	37	99.859
LTR45	0.814344854064953	0.116	613	15	8.53
L1M3f	-0.860944744875981	0.03	254	22	39.957
LTR57	-1.09153059312062	0.088	3390	6	12.786
HERV3-int	0.305448754765792	0.508	1222	21	16.993
Tigger6	-0.298788634433751	0.746	3127	9	11.071
GSATII	-0.54399071966485	0.712	1776	7	10.206
HERVE-int	1.44429495395616	0	2640	53	19.476
LTR1C3	-0.587845009254278	0.958	2941	2	3.006
LTR7Y	1.03173963754984	0.006	863	25	12.228
HERV9NC-int	-0.701600236607869	0.104	488	13	21.142
LTR12D	-1.44073963061495	0	365	10	27.146
LOR1b	-0.832818163386553	0	120	31	55.216
LTR88a	-0.508225798898102	0.07	2404	30	42.669
MER6B	-0.677801374429427	0.04	2176	20	31.994
LTR10B	0.763310589351583	0.25	1126	7	4.124
LTR14A	-1.1583370271671	0.204	657	3	6.696
UCON58	0.260816580583975	0.624	3563	13	10.85
MamTip1b	0.317564997805987	0.336	1331	26	20.863
MER6C	-0.659467937084786	0.504	1235	4	6.318
LTR22A	1.81183921348285	0	661	29	8.26
Tigger18a	-0.193896685283422	0.506	2870	53	60.624
MST-int	-0.640885303158462	0.354	2639	7	10.915
AluYb9	-1.16695640953691	0.02	623	8	17.963
Ricksha	-0.728640575381181	0.16	791	13	21.542
Ricksha_a	-Inf	0.272	196	0	2.687
LTR80A	-1.48439596250267	0.002	1428	7	19.586
Charlie31a	-0.118910231636561	0.748	890	35	38.007
UCON35	1.0445011983547	0.006	2314	16	7.757
LTR86B1	-0.265836922404327	0.678	416	12	14.428
UCON41	-0.0287323437631334	1	1788	26	26.523
MamGypLTR1c	0.0807034126896565	0.694	1620	57	53.899
LTR82B	0.352557563603666	0.112	697	72	56.39
LTR88b	0.197523894451832	0.272	933	87	75.868
Helitron2Na_Mam	-0.166286964107648	0.726	1373	18	20.199
MLT1F-int	-0.803061675091301	0.096	457	15	26.172
LTR55	-0.624442874253778	0.144	1595	13	20.041
X34_DNA	-0.236033332005834	0.956	746	4	4.711
MER6A	-1.28448593109509	0	1092	21	51.155
MLT1I-int	-3.05220719607123	0	2591	5	41.474
LTR9A1	0.523243896900453	0.084	555	36	25.049
Tigger12c	-0.516375415463744	0.088	700	28	40.05
Tigger12A	-1.03255725436566	0	83	17	34.776
HERVL74-int	-1.6425475529326	0.06	621	6	18.733
UCON71_Crp	-0.650190123496775	0.246	955	8	12.555
MER135	-0.555462798720512	0.066	725	25	36.741
tRNA-Thr-ACA	2.71193679967468	0	192	8	1.221
LTR32	1.00499694527096	0	171	118	58.796
CR1-1_Amn	0.98184063088116	0.176	242	6	3.038
X1_LINE	-Inf	0.046	501	0	3.961
LTR16B	-0.897455576576747	0.008	1465	18	33.53
MER127	-1.72275744857892	0.026	399	3	9.902
UCON65	-Inf	0.466	664	0	1.486
X6B_LINE	0.121279220192295	0.598	6020	43	39.533
LTR10D	1.43716738743271	0	774	24	8.863
PRIMA4_LTR	0.857428455672187	0.01	438	31	17.11
MER57E2	-1.86274892579353	0.296	1366	1	3.637
MamGypLTR1d	-0.0640944936193961	0.892	1976	35	36.59
CR1-L3A_Croc	0.0444392042829369	0.954	1093	15	14.545
UCON78	-0.0478873293965499	1	1033	8	8.27
EUTREP2	-0.00840385202995133	1	1145	38	38.222
MER57F	-1.48233202074738	0.01	195	7	19.558
DNA1_Mam	0.00850082907367193	1	472	8	7.953
Charlie17b	-0.414676780426886	0.396	464	19	25.327
U7	1.11703095469487	0	512	24	11.065
MLT1J1-int	-0.35252066262043	0.48	80	19	24.259
MER129	0.936371556842048	0.07	277	11	5.748
X6A_LINE	-0.276840205358824	0.248	424	39	47.25
MERX	-0.253170635053347	0.646	13824	17	20.261
Tigger17	0.0619024389259066	1	7134	3	2.874
EUTREP16	-0.364759176848688	0.418	2642	15	19.315
LTR4	2.04797346934849	0	1174	17	4.111
MER87	0.192095584490356	0.772	35585	9	7.878
LTR49	0.141760337917302	0.472	16237	80	72.513
MER51D	0.637857449153282	0.26	25480	12	7.712
tRNA-Asn-AAC	3.19246189020285	0	1374	18	1.969
PRIMA41-int	1.12695427250913	0	627	59	27.015
tRNA-His-CAY_	2.40068220630177	0	826	8	1.515
tRNA-Gly-GGG	1.77595972578207	0.05	1202	5	1.46
tRNA-Val-GTG	3.38082178394093	0	813	15	1.44
tRNA-Gln-CAG	1.31912557831683	0.024	435	9	3.607
LTR39-int	0.168284868482175	0.774	316	10	8.899
X9b_DNA	-0.367167711635805	0.324	269	22	28.376
MER57B2	0.117293955849694	0.608	320	59	54.393
LTR54B	0.271530881251143	0.284	167	50	41.422
LTR76	0.447295043667154	0.356	3616	12	8.801
MamGypLTR2b	-0.361136691224489	0.196	2472	32	41.102
MER50C	1.11091590140185	0.118	904	9	4.167
tRNA-Met_	0.921390165303633	0.31	1752	4	2.112
PABL_B	0.040503145339699	0.948	1092	19	18.474
LTR15	0.598587974636191	0.104	1485	20	13.208
LTR38B	0.995991119224193	0.02	211	23	11.532
HERV-Fc2_LTR	-Inf	1	700	0	0.214
MER61-int	-0.184716015000825	0.568	525	59	67.059
LTR81A	-0.628899189700891	0.05	794	26	40.206
UCON44	-0.290677160902923	0.584	340	14	17.125
UCON47	-0.838951766951943	0.304	1486	4	7.155
UCON89	1.12721063199376	0.184	603	5	2.289
Chap1_Mam	-0.25891558552623	0.562	249	19	22.735
Helitron1Na_Mam	-0.634035597375462	0.29	481	10	15.519
Helitron1Nb_Mam	-0.575224305119766	0.29	498	11	16.389
Eutr18	0.496096222009111	0.038	1703	44	31.197
X11_DNA	-0.297484915710575	0.652	1055	10	12.29
X23_DNA	-Inf	0.12	1529	0	2.857
UCON11	-1.0765590951316	0.732	402	1	2.109
MER41-int	0.454700685711807	0.018	475	130	94.856
LTR1F1	-1.28166857997285	0.034	165	5	12.156
X8_LINE	0.426486972614009	0.34	1034	14	10.417
L2-1_Crp	-0.884402552983687	0.902	693	1	1.846
MER4D0	0.443595109961454	0.196	168	30	22.059
MER30B	0.304554323310405	0.524	263	13	10.526
HUERS-P3-int	0.173468460767998	0.598	542	48	42.562
Eutr2B	-0.849817342179319	0.11	995	11	19.825
HERV35I-int	-0.871011252811186	0.08	279	18	32.921
U4	0.878729503106418	0.058	793	13	7.07
LTR37-int	-0.590168173015828	0.07	198	45	67.744
Charlie30b	0.379958943207543	0.136	288	37	28.433
LTR28B	-2.81854383291705	0	1625	2	14.109
Charlie14a	-0.876384713136387	0.038	958	13	23.865
L1MEg2	-1.30377100843087	0.004	234	15	37.031
LTR14	2.39155466072933	0	485	26	4.955
HERVK14C-int	0.46394709975979	0.556	92	7	5.075
MER66A	-1.40281311542176	0.016	124	6	15.865
MamGyp-int	-0.344435219432407	0.392	728	26	33.011
MLT1A1-int	-0.597580248226341	0.148	155	17	25.724
LTR46-int	-1.43482835641991	0.368	1373	2	5.407
L1M2a	-1.93281710274185	0	1318	7	26.726
MER4-int	-0.610574084572609	0.006	2006	105	160.321
L1P4e	-Inf	0.002	3748	0	10.71
Charlie9	-0.129000338796151	0.662	516	56	61.238
LTR26D	-0.343565744145806	0.708	105	9	11.42
UCON86	0.657900435167216	0.42	150	5	3.169
LTR107_Mam	-0.332493124343106	0.49	277	16	20.147
UCON21	-Inf	0.506	156	0	1.337
Tigger20a	-0.164120449612427	0.498	364	58	64.988
Eulor1	-0.938850337006063	0.532	143	2	3.834
LTR7C	1.85796876895022	0	929	59	16.276
MER73	-1.02097200435721	0.084	166	7	14.205
L1PBa	-1.03383142364883	0	211	66	135.132
LTR06	-0.230510460366176	1	113	4	4.693
LTR1E	-2.44148347958264	0	1436	3	16.296
LTR48	0.786785508090473	0.002	789	82	47.53
hAT-N1_Mam	-0.864994982906847	0.18	727	6	10.928
MLT1E3-int	-0.219091058246197	1	1265	3	3.492
PABL_A	-0.189350170195668	0.668	3694	24	27.366
LTR28C	-0.633431210355632	0.282	1476	8	12.41
MLT1K-int	0.429014042048158	0.436	1665	13	9.656
MER57-int	-1.82527683005487	0	1020	20	70.875
tRNA-Val-GTY	3.08647952072547	0	156	11	1.295
LTR47A2	0.847050808894242	0.048	832	25	13.898
UCON38	0.563685841090741	0.196	125	14	9.472
Arthur2	-0.193966942634412	0.516	226	42	48.044
Tigger21a	-0.728921827287314	0.418	4852	5	8.287
Eutr5	0.145453339624595	0.716	634	21	18.986
MER50-int	0.366522289344904	0.306	141	40	31.026
X4a_DNA	-1.08763256009541	0.152	1291	4	8.501
PABL_B-int	-1.07372232056702	0.2	2245	7	14.734
LTR88c	0.277624429464227	0.188	280	58	47.847
Charlie10b	0.021917041257598	0.994	181	13	12.804
UCON4	0.504304837375931	0.378	211	9	6.345
hAT-5_Mam	-0.199598072909612	0.53	138	37	42.49
MER66D	-1.9904708563529	0.012	301	3	11.921
HY4	0.907599235933994	0.052	351	14	7.463
LTR87	-0.854016651537444	0.018	322	19	34.343
HERV1_LTRd	1.82964759667606	0.074	595	3	0.844
Tigger3	0.406692798866353	0.064	39	77	58.085
LTR80B	-0.577368399752807	0.162	56	16	23.874
MLT1E2-int	-0.132905812011507	1	442	6	6.579
MLT1B-int	0.429179187961927	0.224	177613	38	28.222
Eutr16	0.695372145507024	0.014	12053	40	24.702
Zaphod5b	0.571750389294305	0.522	89786	5	3.364
MER57E1	-0.338056534509586	0.446	228856	19	24.017
UCON33	0.204708013552231	0.836	103104	7	6.074
MER41C	1.74736904548256	0	417	135	40.209
EUTREP7	0.106138577198313	0.864	267	14	13.007
UCON37	0.882925604808473	0.036	9313	15	8.134
MamRTE2	-1.14274017211608	0.73	448	1	2.208
MSTD-int	-0.0588706057482472	0.928	21288	40	41.666
Looper	-0.734980523435889	0.182	953	16	26.63
LTR22B2	0.0588936890535686	1	6913	2	1.92
Eulor12	-1.37851162325373	0.51	462	1	2.6
LTR6A	1.16792014732834	0	18094	32	14.242
AluYk11	0.272297327162762	0.626	567	10	8.28
MamGypLTR3	-0.00288250853312144	1	6716	31	31.062
MLT1F1-int	-0.0553692115404862	1	130	8	8.313
X2b_DNA	-0.302674170741763	0.746	16393	7	8.634
MER51C	0.930679731098528	0.03	436	18	9.443
LTR35A	2.54605813958961	0	19733	27	4.623
MER97b	-2.13717560124804	0.082	598	2	8.798
MamGypsy2-LTR	-0.412055953312689	0.108	922	31	41.248
Eulor9A	-0.164013888525057	1	12	5	5.602
MLT1J2-int	-0.445822995360091	0.282	1065	22	29.966
MER34D	1.42603798523674	0	45	33	12.281
MER51-int	-0.751720786775046	0.128	3422	20	33.676
MER65C	0.545331268330196	0.042	84	47	32.206
UCON55	-0.126273254672462	0.824	4091	17	18.555
LTR12B	-0.787432464516868	0.208	128	6	10.356
MamTip3B	0.410752775336112	0.124	2066	52	39.116
MER57D	-0.0251576871067147	1	74	22	22.387
U17	2.75308525952948	0.03	4411	3	0.445
LTR35	1.99649162054435	0	530	23	5.764
MER50B	-0.387913924385948	0.22	3329	26	34.021
LTR1D	-0.648590943879108	0.172	160	11	17.244
MSTA1-int	-Inf	0.518	6215	0	1.683
UCON19	-Inf	0.446	327	0	1.487
L1MDb	-2.27890658769694	0	2894	10	48.531
UCON7	-2.50563691176277	0.072	185	1	5.679
MLT1G-int	-0.223577005803709	0.896	3680	8	9.341
LTR31	-1.62562118298114	0.012	299	4	12.343
L1M3c	-0.800925777626171	0.018	2818	32	55.751
HERVK22-int	1.17026737648117	0	246	59	26.216
LTR17	-0.367243246472324	0.11	10252	35	45.146
MER83B	0.523048087476103	0.396	836	10	6.959
PrimLTR79	0.130184983239359	0.904	3756	7	6.396
LTR27	-0.362286444787741	0.47	426	13	16.711
HERV30-int	-1.20100646605609	0.49	4849	2	4.598
MER74C	-0.176705738189114	0.862	354	10	11.303
PABL_A-int	-0.880209725431506	0.108	11268	14	25.769
LTR1	-0.331475926123189	0.636	829	10	12.583
MER99	-0.553851968181126	0.428	15494	10	14.68
UCON26	0.225390218925129	0.696	1457	11	9.409
FordPrefect	-1.50168232430838	0	5003	11	31.149
tRNA-Asp-GAY	2.73784021986192	0	476	11	1.649
L1M3e	-2.22832274563309	0	6991	9	42.173
SSU-rRNA_Hsa	0.386845571568701	0.672	596	5	3.824
HUERS-P3b-int	0.0049334881342784	0.962	17999	29	28.901
LTR6B	1.79568038867669	0	208	28	8.065
LTR38A1	1.10858081315392	0.014	12248	16	7.42
EUTREP15	0.452512204697507	0.392	112	13	9.5
HERVS71-int	0.788256415901943	0.074	2329	23	13.318
HERVK11-int	1.41704993166025	0	1	44	16.477
EUTREP14	-0.866235420696214	0.05	5816	10	18.229
LTR90A	0.329688386685871	0.32	74	24	19.097
THE1-int	-Inf	0	5156	0	9.604
L1M6B	-0.393880816154854	0.288	12	26	34.162
LTR86B2	0.0428813710649375	0.982	3849	14	13.59
X2a_DNA	-0.931229189069205	0.032	3928	10	19.069
EUTREP4	-0.966219500713703	0.092	4532	7	13.676
UCON48	0.630872568083989	0.17	2229	14	9.041
LTR69	-0.866512394087798	0.352	3363	4	7.293
LTR1F2	-0.516418641633868	0.546	4762	5	7.152
Tigger6b	-1.1243281350022	0.236	383	4	8.72
HY5	0.994240730711315	0.544	2710	2	1.004
MER89-int	-1.67392640377157	0.002	1378	11	35.099
tRNA-Glu-GAG	0.336427664582477	1	4584	1	0.792
tRNA-Thr-ACG_	2.54512223618937	0.026	405	3	0.514
L1MEg1	-1.2394562358726	0.002	1946	21	49.583
UCON96	0.300448367476911	1	445	1	0.812
LTR2752	-1.16478627814334	0.048	235	6	13.452
X24_DNA	-0.488377896712804	0.192	20293	15	21.043
UCON1	-1.47625205954784	0.034	3304	4	11.129
UCON84	-Inf	0.012	563	0	5.163
UCON12A	-Inf	0.698	29	0	1.08
Eulor2B	-1.44307615136267	0.458	8800	1	2.719
X21_LINE	-0.14860877020522	1	902	2	2.217
tRNA-Ile-ATA	1.0538930079952	0.15	4944	6	2.89
LTR1B0	-0.328549275009742	0.85	231	4	5.023
LTR43	0.662721149172451	0.052	1621	35	22.109
UCON40	-0.934453596572187	0.16	94	6	11.467
tRNA-Met	0.0762803212506114	1	3291	2	1.897
tRNA-Lys-AAG	1.50498712400056	0.014	210	9	3.171
MLT1N2-int	0.778844704685527	0.336	7813	6	3.497
MER70-int	-0.593167827574201	0.436	751	9	13.577
L1M3d	-0.95871012941735	0.038	4404	14	27.21
LTR5A	-0.771369148192086	0.112	1252	9	15.362
LTR34	1.49314688153765	0	376	38	13.499
L1M3de	-3.04054179386285	0	733	3	24.684
HERV17-int	0.323652933970046	0.258	544	68	54.335
UCON99	-1.20351441113076	0.676	459	1	2.303
MSTB1-int	-0.168875386961028	0.906	393	11	12.366
L1PBb	-0.779329769414214	0.112	265	12	20.596
EuthAT-N1a	0.370215978038761	0.81	1123	3	2.321
MER68C	-0.134878054343112	1	3386	7	7.686
LTR3B	0.0988917569854876	1	349	4	3.735
MER76	-0.46278526254963	0.192	443	25	34.455
CR1-12_AMi	-2.63598650374562	0.02	511	1	6.216
MER97a	-0.752106299325194	0.272	78	8	13.474
MLT1H2-int	-0.964542391362377	0.13	136	9	17.563
LTR47B4	0.845690439171781	0.164	294	9	5.008
LTR19-int	1.51715171693153	0	431	32	11.18
tRNA-Ser-AGY	3.86658260695498	0	386	9	0.617
UCON66	-1.58880456701555	0.382	57	1	3.008
HERVIP10B3-int	0.203309963670607	0.654	118	18	15.634
Merlin1_HS	-Inf	0.346	1032	0	2.61
LTR108a_Mam	0.0619024389259069	1	13	4	3.832
MSTC-int	-0.737130464178486	0.318	728	7	11.668
X10b_DNA	-0.811779265771023	0.118	450	8	14.043
tRNA-Leu-TTA(m)	-Inf	0.628	650	0	1.198
MER83B-int	-0.876762490781555	0.22	90	8	14.69
Eutr2	0.00170601152654386	1	1230	11	10.987
UCON39	-1.26783539209762	0.286	839	2	4.816
UCON5	-0.907916147484574	0.352	540	3	5.629
MER61F	1.09143571782526	0.012	1491	17	7.978
LTR1A1	-2.30822979988149	0	704	4	19.811
UCON93	0.683854257706644	0.694	1023	2	1.245
GSAT	-Inf	0.012	155	0	5.185
MLT1-int	-0.838461999976802	0.186	200	7	12.517
MLT1A-int	0.291718153787819	0.454	4308	28	22.874
LTR72B	-0.390117353666331	0.716	1481	6	7.863
MLT1E1A-int	-2.07347750967897	0.238	22924	1	4.209
LTR27E	-0.233519978773916	0.79	4277	10	11.757
L1P4b	-0.0447438212243978	1	10046	8	8.252
L1M2b	-1.19723635491871	0.098	1824	5	11.465
Eulor9B	-0.442545456105304	1	12935	1	1.359
L1M3a	-2.01823356770456	0.002	2667	8	32.407
L1P3b	-Inf	0.03	12353	0	4.537
CR1-11_Crp	-0.144046369616707	1	1481	1	1.105
UCON31	-Inf	0.018	419	0	5.462
hAT-4b_Ther	-1.44426950241348	0.088	910	4	10.885
MER97d	-Inf	0.008	748	0	6.978
LTR22C0	0.116379183714329	0.936	865	6	5.535
LTR68	-0.266979244045139	0.612	3189	14	16.846
CR1-L3B_Croc	-Inf	0.314	1312	0	1.704
L1M2c	-1.04934034094136	0.03	4892	12	24.835
LTR12_	-0.867155163107514	0.02	1822	16	29.185
UCON6	0.171693386224356	0.928	1342	5	4.439
CR1-13_AMi	0.741481075288699	0.206	57	8	4.785
PRIMAX-int	-0.873419503434857	0.788	2457	2	3.664
UCON28b	-1.81270357656028	0.254	94	1	3.513
LTR28	-1.95791459863299	0.054	347	2	7.77
L1MEa	-1.00056093900705	0.1	336	9	18.007
L1M2a1	-Inf	0.018	1273	0	7.26
MER132	-0.82130203988953	0.93	3637	1	1.767
X2_LINE	-0.126642531118168	0.99	3685	8	8.734
Eulor4	-Inf	0.512	315	0	1.485
UCON8	0.293653640892186	0.554	45	12	9.79
MARE6	-0.114533608295051	1	2835	8	8.661
X22_DNA	-Inf	0.608	1378	0	1.146
MER125	-0.307311939064188	0.818	173	5	6.187
Eulor6B	-Inf	0.124	1102	0	2.865
MER68B	-0.326665172978638	0.476	580	18	22.574
UCON12	-Inf	0.114	3391	0	2.746
UCON85	-0.331131922217202	1	2191	1	1.258
MER123	-Inf	0.228	1166	0	2.246
MER95	-0.401848874736076	0.776	5480	5	6.606
Eulor6A	-0.456280481510725	1	6456	1	1.372
UCON97	-0.892196710465485	0.89	2425	1	1.856
Eulor5A	0.591227763793609	0.338	696	9	5.974
UCON64	-Inf	0.944	1466	0	0.737
MARE11	-Inf	1	3595	0	0.596
MER61C	1.30185172192843	0	2565	38	15.413
HERVK14-int	0.643795266439444	0.1	545	37	23.681
AluYk12	0.338554413474771	0.638	2854	6	4.745
MER92A	-0.0420439232883389	1	256	7	7.207
MER61E	0.912944565456624	0.008	699	30	15.933
UCON69	-0.405992359675837	1	179	1	1.325
MER133A	-Inf	0.184	3017	0	2.493
UCON24	-Inf	0.702	959	0	1.03
tRNA-Arg-AGA	1.99259943924773	0.002	1043	7	1.759
LTR18A	-2.27172446351057	0.014	774	2	9.658
HERVL18-int	-0.729034470235671	0.248	41	17	28.178
MLT1O-int	2.40608854255136	0.044	11	3	0.566
UCON60	-0.783247097378117	0.946	34	1	1.721
MER72B	0.851463536274729	0.064	80	18	9.976
LTR47B3	0.0429521451845471	0.868	40	6	5.824
Eulor9C	0.909598187972011	0.112	21	9	4.791
L1M3b	-1.92424243739629	0.002	8	8	30.363
LTR1B	-0.889862881365179	0.106	2	10	18.53
LTR25-int	-0.238835763674879	0.632	16	25	29.501
LTR9C	0.489375592723432	0.328	49	12	8.548
UCON80	-0.956800118051577	0.808	53	1	1.941
MARE10	-0.321928094887362	0.966	2	3	3.75
HUERS-P2-int	-1.15473132779304	0.094	48	7	15.585
MER92D	0.397556694229185	0.428	138	14	10.628
MER110-int	-1.74910514956946	0.01	23	6	20.169
MER83C	-1.91953077638729	0.054	34	2	7.566
L1P4a	-2.52335285466656	0	85	6	34.495
LTR53-int	-0.525683424984145	0.446	99	13	18.715
L1P4d	-0.199122642013601	0.902	20	8	9.184
HERVP71A-int	0.447177959853645	0.354	97	21	15.403
Charlie3	-0.677320305699499	0.202	109	12	19.19
Eulor3	-Inf	0.426	44	0	1.747
UCON101	0.584241333477502	0.21	37	14	9.338
MER101B	-1.67638025546692	0.016	1	4	12.785
Eulor6D	0.167312483560468	0.962	53	4	3.562
HERVL32-int	0.807595391270743	0.262	65	12	6.856
LTR58	0.605668790275427	0.502	9	6	3.943
tRNA-Arg-CGY_	2.3890422907459	0	55	11	2.1
Eulor8	-1.14578612869506	0.214	2	3	6.638
Ricksha_b	-0.651223942989878	0.614	7	4	6.282
LTR22E	1.91515821159212	0	15	21	5.568
LTR73	-0.888045067195018	0.218	30	6	11.104
UCON25	0.462621093195037	0.746	12	3	2.177
MER57C2	-1.47728875772656	0	27	8	22.274
UCON28c	-1.69510298564048	0.326	26	1	3.238
X13_LINE	0.565972325336403	0.28	51	10	6.755
Eulor6C	-Inf	0.782	73	0	0.971
LTR35B	-0.717064032983997	0.364	52	6	9.863
LTR22B	-1.70265754339091	0.104	47	2	6.51
L1PBa1	-0.782921059336205	0.03	45	18	30.971
tRNA-Phe-TTY	1.74215381721783	0.002	91	13	3.886
UCON2	-1.06786813486756	0.262	9	3	6.289
UCON51	-Inf	0.294	4	0	2
UCON15	-Inf	0.208	17	0	2.293
Tigger17b	-1.2147465226824	0.398	3	2	4.642
UCON27	-Inf	0.02	14	0	4.842
LTR27D	-3.76542866194505	0	1	1	13.599
UCON83	-Inf	0.216	4	0	2.227
Eulor2C	-Inf	0.37	31	0	1.726
UCON62	-Inf	0.604	7	0	1.132
Eulor11	-0.642470537315822	0.63	15	3	4.683
LTR5	-0.216610068742442	1	26	1	1.162
ALR/Alpha	-1.02636123055104	0	2	117	238.315
MLT1G3-int	0.139916902918903	0.814	12	14	12.706
LTR19C	0.928976659775441	0.09	15	13	6.828
HERVH48-int	-1.1630156061833	0.226	12	4	8.957
LTR30	1.77319556309544	0	13	25	7.314
MER134	-1.0972736789614	0.362	37	2	4.279
LTR52-int	-1.48078212440398	0.14	6	3	8.373
UCON28a	-1.60549433385251	0.134	12	2	6.086
Eulor7	-Inf	1	43	0	0.567
MSTB2-int	-0.751892138404309	0.604	31	3	5.052
MER133B	-Inf	0.33	223	0	1.831
HERVKC4-int	1.89143694320201	0	179	13	3.504
HERVE_a-int	0.868081321137433	0.026	316	24	13.149
LTR70	-0.685805625154268	0.52	7	5	8.043
tRNA-Cys-TGY	0.71856880300439	0.166	9	10	6.077
LTR22	0.220614193801064	0.832	1111	5	4.291
UCON103	0.643856189774725	0.958	234	1	0.64
MER67D	-0.905607629725045	0.002	161	27	50.58
MER87B	-1.01235413040787	0.202	214	5	10.086
Charlie11	0.532720519540018	0.516	1799	8	5.53
MER88	-0.38487870371017	0.838	250	4	5.223
LTR108e_Mam	-0.280956313831056	0.808	34	7	8.505
MER92C	0.613372965191094	0.33	245	9	5.883
UCON9	-Inf	0.24	19	0	2.203
LTR10G	0.883635243308216	0.078	208	11	5.962
HERVI-int	0.129057613454017	0.864	14	7	6.401
LTR25	-0.0611540632071007	1	642	10	10.433
LTR60	1.12186323337305	0.25	45	4	1.838
LTR3	1.45220851139234	0	59	13	4.751
HERVK3-int	1.40765796891325	0	23	52	19.6
L1P	-0.505281211453267	0.572	100	5	7.097
hAT-16_Crp	-Inf	0.688	50	0	1.059
LTR108d_Mam	0.623265095001478	0.472	38	5	3.246
LTR18C	-1.90458043492132	0.23	33	1	3.744
MER83A-int	-1.53455968460832	0.316	33	2	5.794
tRNA-Leu-CTA_	2.75146516386132	0.092	31	2	0.297
tRNA-Gln-CAA	3.27369190923451	0	138	10	1.034
LTR10B1	0.423455874972168	0.428	43	11	8.202
Charlie6	-0.190614860209497	0.898	29	12	13.695
LTR72	0.738446040720837	0.194	38	13	7.792
EuthAT-N1	0.656686939109221	0.39	31	6	3.806
tRNA-Met-i	2.57132159005177	0	22	12	2.019
MARE9	0.227692025041597	1	50	1	0.854
SST1	-0.596662588654614	0.342	207	14	21.171
REP522	-0.247590001442774	0.842	102	9	10.685
tRNA-Lys-AAA	2.66854045315532	0	129	14	2.202
tRNA-Asn-AAT	-Inf	1	75	0	0.036
X1_LR	1.5649048483799	0.298	68	2	0.676
MLT1E1-int	-0.893750501720566	0.962	235	1	1.858
SATR1	-0.273681650033302	0.496	119	36	43.52
tRNA-Ala-GCY_	1.63976343514084	0.002	136	11	3.53
UCON23	-0.529071299829111	1	339	1	1.443
tRNA-Ser-TCY	3.86985986466355	0	173	10	0.684
MER76-int	-0.956428433123361	0.482	172	4	7.762
MLT1C-int	-0.722466024471091	0.586	208	4	6.6
tRNA-Ile-ATT	2.79648558886924	0	107	16	2.303
tRNA-Leu-CTG	3.43596333813339	0	138	5	0.462
tRNA-Gly-GGY	2.97606725792395	0	245	11	1.398
LTR14C	1.71690794182495	0	575	20	6.084
UCON18	-Inf	0.496	360	0	1.377
UCON59	-Inf	0.29	154	0	1.991
LTR47B	0.934427688406378	0.376	194	4	2.093
tRNA-Pro-CCG	4.29335894269059	0	109	4	0.204
tRNA-Pro-CCY	3.70651179762449	0	123	10	0.766
Eulor5B	-Inf	0.338	44	0	1.967
LTR38C	2.08431731349441	0	412	26	6.131
UCON94	0.514573172829758	0.804	15	2	1.4
HERV1_LTRa	2.15521264992094	0.008	22	6	1.347
MLT1L-int	-0.0709388213434375	1	236	5	5.252
L2-3_AMi	-Inf	1	45	0	0.507
tRNA-Tyr-TAC	2.8485741000177	0	96	12	1.666
Charlie7b_Mars	-Inf	0.452	38	0	2.826
UCON71	-Inf	0.908	16	0	0.759
LTR108c_Mam	-1.1196881745192	0.804	24	1	2.173
LTR108b_Mam	0.654603624608732	0.578	14	4	2.541
ERVL47-int	0.127065191695148	0.828	16	13	11.904
LTR59	-0.153935010704163	1	32	5	5.563
Chompy-7_Croc	0.424687669312563	1	64	1	0.745
MER136	0.548986757056027	0.798	20	2	1.367
UCON17	-Inf	0.462	12	0	1.522
EutTc1-N1	-Inf	0.276	29	0	2.743
UCON61	-Inf	0.936	125	0	0.742
SATR2	-1.54596836910529	0.008	59	9	26.28
MER57E3	2.59894015848478	0	17	67	11.059
HSAT4	-0.401448434530889	0.764	282	6	7.925
Eulor6E	0.45600928033515	0.84	259	2	1.458
U8	0.508403405589552	0.824	24	2	1.406
tRNA-Thr-ACY	2.59074485331516	0.004	141	4	0.664
L1P4c	-0.034497464199445	1	180	5	5.121
tRNA-Leu-TTG	2.61832109766759	0	207	7	1.14
HERVK11D-int	1.46151701795872	0.022	43	9	3.268
(GAATG)n	2.73284948569397	0	228	28	4.212
UCON67	-Inf	0.79	40	0	0.929
tRNA-Val-GTA	3.23242994404826	0	49	5	0.532
tRNA-Leu-CTY	3.00926292132897	0	109	10	1.242
HERV1_I-int	1.64235416460949	0.02	28	12	3.844
HSATI	2.57633219557772	0	70	9	1.509
MER9B	1.81676304947002	0	6	7	1.987
EUTREP6	-Inf	1	33	0	0.585
MLT1E-int	-Inf	1	50	0	0.68
tRNA-Ser-TCA	4.26534456652099	0.104	49	1	0.052
tRNA-Trp-TGG	3.24696603720614	0	19	6	0.632
UCON75	-Inf	0.662	27	0	1.085
tRNA-Ser-TCG	3.61705613043101	0	31	4	0.326
Tigger1a_Mars	-Inf	0.302	18	0	2.286
UCON100	0.239566125329888	1	40	1	0.847
LTR43-int	-0.724388336602119	0.648	56	5	8.261
LSAU	2.37119308274315	0	710	21	4.059
HERV1_LTRe	1.21535643068932	0.316	83	3	1.292
HERV-Fc1_LTR1	0.675765437729469	0.792	15	1	0.626
HERV-Fc1_LTR2	3.72737954533701	0.014	308	2	0.151
HERV-Fc2-int	-Inf	1	267	0	0.493
HERV-Fc1-int	1.19099722506091	0.736	1379	1	0.438
U14	3.20201863115217	0.078	227	3	0.326
UCON56	-Inf	1	148	0	0.679
Chompy-6_Croc	-Inf	1	243	0	0.643
HERV1_LTRc	2.49654949099443	0	965	10	1.772
tRNA-Ala-GCA	1.44772130900956	0.046	188	5	1.833
HERV15-int	1.54793176977619	0.018	162	16	5.472
HERV-Fc1_LTR3	-Inf	1	47	0	0.27
tRNA-Ala-GCY	3.19193862479473	0	25	7	0.766
UCON87	-Inf	1	60	0	0.283
tRNA-Pro-CCA	4.30757280191029	0	457	8	0.404
HERV1_LTRb	1.97994234765875	0.21	568	2	0.507
UCON68	-Inf	1	971	0	0.531
GSATX	-Inf	0.144	420	0	3.5
CRP1	-Inf	1	192	0	0.258
tRNA-Tyr-TAT	-Inf	1	765	0	0.264
tRNA-Arg-CGA	3.36587144247496	0	327	4	0.388
Charlie12	-0.257010618206024	1	69	1	1.195
UCON92	-Inf	0.798	105	0	0.909
tRNA-Ala-GCG	3.81024320138243	0	182	7	0.499
LTR109A2	-0.317304068361915	1	708	1	1.246
CER	0.513075047003663	0.284	429	11	7.708
HSAT5	-Inf	0.052	75	0	9.77
LTR22C	0.251538766995964	1	1005	1	0.84
tRNA-Arg-AGG	2.79753003620429	0	1055	6	0.863
CR1-8_Crp	-Inf	1	987	0	0.231
SAR	2.91593573521153	0.072	891	2	0.265
tRNA-Thr-ACY_	3.49275506262407	0	937	6	0.533
tRNA-Leu-CTA	3.42662547355406	0.182	940	1	0.093
tRNA-Arg-CGA_	3.39592867633114	0.188	621	1	0.095
tRNA-Arg-CGG	2.46394709975979	0.008	58	4	0.725
tRNA-Thr-ACG	4.36587144247496	0.008	231	2	0.097
HSAT6	-Inf	1	670	0	0.507
tRNA-Ile-ATC	-Inf	1	702	0	0.158
(CATTC)n	1.13425082446743	0.248	606	7	3.189
ACRO1	1.11716134423275	0.206	2330	7	3.227
tRNA-SeC(e)-TGA	3.01158797427521	0.236	875	1	0.124
D20S16	-2.02989454966334	0.272	1235	4	16.335
tRNA-His-CAY	-Inf	1	394	0	0.043
MLT1M-int	-Inf	1	80	0	0.057
tRNA-Ser-TCA_	4.13289427049734	0	74	3	0.171
