	log.enrich	pval	total	real.overlap	random.mean
TAR1	-Inf	0.47	64	0	1.497
L1MC5a	-0.742107293020632	0	35	128	214.095
MER5B	0.26660670355263	0.002	1317	323	268.501
MIR3	0.554192521766853	0	762	1390	946.643
Charlie15a	0.0888940610501143	0.774	1428	37	34.789
L2a	0.115253024532977	0.002	86	2110	1947.995
L3	0.163771632110325	0.026	1700	571	509.725
Plat_L3	0.55137309103271	0.016	8195	54	36.848
MLT1K	0.135396409884701	0.218	121115	224	203.934
MIR	0.212400074068089	0	47320	2236	1929.892
L2b	0.295311600631623	0	117446	1273	1037.363
MIR1_Amn	0.572728343801733	0	12658	186	125.056
L2c	0.252738214222428	0	38726	1719	1442.76
AluSp	-0.266742454611355	0	4259	646	777.195
MER33	-0.27483481467097	0.126	21085	90	108.887
MIRb	0.350975227567038	0	44393	3153	2472.122
L1MB3	-1.033892541099	0	12565	109	223.182
MER53	0.0419391193599589	0.866	6031	66	64.109
MLT1A	-0.691019743433668	0	67237	66	106.552
MIRc	0.458281219796219	0	12718	1509	1098.33
AluJo	-0.141762494532616	0.036	1575	476	525.148
L1MB5	-1.20122724730083	0	53394	54	124.165
Alu	0.249572146027231	0.136	1683	96	80.75
L1PA6	-1.79788562287221	0	129556	39	135.607
L1P1	-2.31251996747495	0	110941	10	49.675
MLT1L	0.0340231490120243	0.828	40018	140	136.737
MLT1J2	0.00875481509815036	0.99	12119	80	79.516
AluJr	-0.242009804557236	0	122105	1122	1326.921
Charlie5	-0.174209725385044	0.712	42260	26	29.337
MLT1F2-int	-Inf	0.082	101596	0	3.877
MLT1F2	-0.490744487134293	0.02	3853	53	74.474
AluSx	-0.210201424703551	0	405	1284	1485.395
AluSx3	-0.299646037337381	0	2715	368	452.95
LTR16C	-0.267392892848398	0.188	383	65	78.236
ERVL-E-int	-0.133588339257113	0.502	6889	106	116.284
MamRep1527	-1.3124715621992	0.04	581	6	14.902
L1MA8	-1.77365114146534	0	229	44	150.444
L1ME3G	-0.503698965619121	0	1343	154	218.348
L1MA9	-1.32518359828274	0	199	88	220.497
LTR12F	-0.981852653289741	0.244	2082	4	7.9
MER45A	0.105492158152912	0.712	857	41	38.109
MER58A	-0.307820262012483	0.01	665	122	151.016
L1PA14	-1.20988406741861	0	161	21	48.577
AluYj4	0.111272056446772	0.718	502	35	32.402
L2	0.258425152581204	0	178	760	635.36
FLAM_A	-0.174874495765368	0.16	462	142	160.299
MER47A	-1.11031551230416	0.006	44	14	30.225
L1ME4c	-0.187754414004969	0.29	2913	95	108.204
AluSc	-0.264836648467779	0	176	372	446.958
L1PA4	-2.57720036634494	0	100	41	244.68
LTR89	-0.151622696425187	0.924	6900	11	12.219
L1MC	-0.713340807690063	0	6210	57	93.457
L1PA7	-2.36714079498608	0	1117	51	263.118
L1PA16	-1.67592217378814	0	4835	68	217.276
L1PA2	-2.5569779012317	0	2633	19	111.81
AluSz	-0.381344112518417	0	671	1085	1413.272
L1M2	-1.43243659696385	0	2360	46	124.155
L1PREC2	-2.77095821929262	0	1183	18	122.861
L1PB	-3.61582823523496	0	2347	2	24.519
Tigger5b	-1.11017230965965	0.026	727	14	30.222
AluSc5	-0.398527863635888	0.098	1016	37	48.772
Tigger5	-1.62128999253892	0.132	707	2	6.153
L1M5	-0.886718037833763	0	2162	287	530.653
L1M4	-1.22465773412074	0	1956	109	254.733
HAL1M8	-1.12615961213201	0.016	86	13	28.376
LTR103b_Mam	-0.181632661008114	0.932	498	6	6.805
MLT1H2	-0.336535829104635	0.19	1431	43	54.297
AluYk2	-0.371855894446775	0.032	1939	61	78.935
MER4D1	2.03358776315677	0	1157	81	19.784
MER4CL34	0.0694518807521453	0.928	307	12	11.436
L5	-0.0308657345138064	1	276	8	8.173
MLT1H	-0.438546910018625	0.008	113	88	119.261
AluY	-0.300671304553222	0	23	959	1181.217
MLT1I	-0.342416827113763	0.022	561	99	125.52
MamRep605	-0.140306040320468	0.694	408	36	39.677
LTR33	0.200605144340847	0.212	521	124	107.903
MSTB1	-0.774889358281681	0.004	3250	34	58.176
AluSq	-0.233660494046481	0.09	1942	124	145.801
MLT1C	-0.485647630941949	0.026	1476	56	78.412
AluJb	-0.215621098064227	0	1474	1183	1373.704
FAM	-0.139880638573827	0.618	550	43	47.378
AluSq2	-0.335178794695497	0	1251	489	616.89
L1ME3E	-0.235573899368581	0.424	543	48	56.514
LTR33B	-1.01435529297707	0.038	2509	9	18.18
MER65D	1.68269593163809	0	1620	18	5.607
MLT1D	0.243543920882672	0.028	5856	277	233.973
THE1C	-1.62772654895749	0	3087	39	120.52
L1MA5	-1.60117579827966	0	891	21	63.712
FLAM_C	-0.141785520807462	0.134	772	241	265.888
SVA_E	-0.066950243924627	1	1121	8	8.38
AluSg	-0.349270207633562	0	1506	405	515.936
MER1A	-0.972079914542563	0.002	1289	21	41.195
MER21C	-0.0962618530584036	0.712	1094	66	70.554
LTR41	-0.198808432050279	0.854	517	12	13.773
L1MB8	-0.741574847418796	0	986	128	214.016
Tigger12	0.140970153469714	0.822	1465	11	9.976
LTR37A	1.15540166990691	0	2095	51	22.896
AluSg4	-0.248330722580113	0.076	3743	119	141.352
MER11B	1.87782427665906	0	342	32	8.707
L1ME4b	-0.174116747807054	0.112	467	256	288.838
AluJr4	-0.294255694072067	0.028	620	115	141.019
U6	-0.0418659748102288	1	812	18	18.53
MER8	-0.733854899818833	0.09	266	13	21.62
Charlie29b	0.310343006005117	0.452	919	20	16.129
AluSx1	-0.244310191196136	0	2908	1085	1285.211
MSTD	-0.70612003212359	0.002	6037	56	91.359
AluSg7	-0.293814458678448	0.126	2609	57	69.875
AluSz6	-0.283486625509214	0	264	399	485.636
Charlie4z	0.271550783787299	0.128	3983	77	63.789
MLT2B3	-0.238499154921513	0.454	1465	34	40.112
MER31-int	0.32102669214583	0.554	58	18	14.409
MER92-int	-0.0322184174338991	1	4420	12	12.271
MER34A	0.87484486867771	0.008	1322	32	17.45
L1MC3	-0.695399989252622	0	1037	111	179.746
MSTA1	-0.0758748669751275	1	14	6	6.324
MER4A1	1.48490230615342	0	17	77	27.51
MER4E	2.08237729827372	0	1729	40	9.445
AluYc	0.37794937618903	0.022	66	98	75.414
MER4A	1.91434320993799	0	24	41	10.877
Charlie30a	-0.765534746362977	0.502	132	3	5.1
MER31B	2.00008015195096	0	102	72	17.999
L1MA4	-1.74033755690231	0	309	45	150.351
FRAM	0.0152185804455516	0.884	1348	223	220.66
MER112	0.605800515846232	0	5	75	49.283
Ricksha_0	-Inf	0.048	320	0	4.809
Tigger4b	0.236913421598352	0.404	38	34	28.851
Charlie20a	-1.73349896444643	0.038	6	3	9.976
L1MD3	-0.626238088072896	0.022	388	43	66.372
AluYf1	-0.579783559002519	0.134	172	16	23.914
L1MC4a	-0.643613796646262	0	435	80	124.979
MER39B	1.81484238658735	0	379	51	14.496
L1ME1	-1.0664414623829	0	6685	199	416.758
LTR9B	0.625591802240925	0.23	1117	13	8.426
MER5A	0.355366935494339	0	4138	483	377.547
MER4E1	1.08576352328222	0	9119	28	13.192
MLT1E3	0.046980664116809	0.964	831	25	24.199
LTR37B	0.2115772260936	0.584	211	27	23.317
MLT1O	0.210618511682655	0.326	85	66	57.035
MSTA	-1.77679583437856	0	39	70	239.865
MER103C	-0.279049345019438	0.1	103	81	98.285
LTR39	1.95313607468597	0	57	59	15.237
L1ME3B	-0.518269347525197	0.004	68	72	103.121
L1PA5	-1.85914837984426	0	58	61	221.304
L1ME3D	-1.20753980570827	0.002	40	23	53.117
L1P4	-1.8920472192325	0	38	13	48.251
L1MA2	-1.69310835168917	0	32	38	122.874
LTR22C2	-Inf	0.836	126	0	0.93
L1PA15-16	-0.478310328331322	0.288	43	18	25.076
L1ME3A	-0.768027749987598	0	30	117	199.244
L1PA8A	-2.35611250139942	0	63	9	46.079
L1PA8	-1.31597532175794	0	21	51	126.975
L1PA10	-1.22208736213469	0	77	50	116.642
L1MEd	-0.994114180196075	0	31	105	209.145
ERVL-int	-1.11782800382748	0.138	12	5	10.851
L1MA7	-1.33686733102918	0	145	45	113.671
L1M7	-0.582266953350512	0.14	125	25	37.43
HAL1b	-0.397451949709986	0.164	30	39	51.37
MLT1H1	-0.462412293063077	0.132	106	32	44.091
THE1B	-1.59119014930179	0	1166	91	274.181
THE1B-int	-3.23273749384733	0	82	8	75.204
MLT1H1-int	-0.343123519401852	0.914	51	4	5.074
LTR64	1.75308525952948	0.004	996	15	4.45
THE1D	-1.38419033132076	0	620	59	154.005
tRNA-Gln-CAA_	-Inf	1	659	0	0.367
tRNA-Ser-TCA(m)	-Inf	1	524	0	0.329
MER124	0.0990205173087369	0.93	682	9	8.403
L1PA11	-1.41423963480222	0	232	26	69.295
MER3	-0.0815831079582952	0.624	441	112	118.516
MER5A1	0.34939417113059	0.002	411	220	172.681
L1ME3	-0.711809527748465	0	393	70	114.65
L1MEg	-1.03911301869407	0	197	83	170.562
L1MC4	-0.586974391874742	0	424	193	289.904
LTR104_Mam	-0.225534722791694	0.606	834	19	22.215
BLACKJACK	-1.14757806058696	0.026	301	12	26.585
L1M3	-1.74670964729935	0	13	26	87.254
LTR7	1.00322009136441	0	279	61	30.432
MER67C	0.456815767229473	0.212	269	27	19.672
LTR67B	0.27120447981128	0.284	61	51	42.26
LTR79	0.0460334301073534	0.854	197	47	45.524
Charlie1b	-0.0738410018032477	0.87	4362	33	34.733
Charlie1a	-0.39040755482765	0.116	15391	55	72.092
Tigger3a	-0.302555271585971	0.172	25202	52	64.133
MER113A	-0.277139078634625	0.536	614	19	23.024
MER44B	0.959093545654153	0	281	50	25.719
Chap1a_Mam	-0.150745339665643	0.866	20741	14	15.542
MLT1C2	0.116288961704926	0.308	39	208	191.892
L1M8	-2.42780727796182	0	175	4	21.523
MER102c	0.729812067567169	0.002	53	57	34.37
L2d2	0.309055689297757	0	21741	718	579.548
Tigger7	0.829134881498872	0.006	4461	60	33.772
MER41D	1.12134004386926	0.07	2273	12	5.516
HAL1	-0.201438338711695	0.1	7554	231	265.614
MLT1A1	-0.845037238490395	0	590	45	80.834
LTR78	0.185990327298179	0.414	1483	66	58.017
SVA_D	-0.417920007811965	0.218	23	20	26.72
L1M4b	-0.337028453317843	0.268	235	46	58.105
UCON76	1.31563007098699	0.212	920	4	1.607
MLT1B	-0.596713943294721	0	240	138	208.693
L1MC1	-1.42307534105976	0	473	69	185.028
L2d	0.302955578068087	0	332	383	310.456
L1PA3	-2.50225785039652	0	361	42	237.96
Charlie19a	0.27628542933165	0.466	435	21	17.34
L1ME4a	-0.37775729978047	0	1129	259	336.524
LTR2C	0.534077760696063	0.57	17	5	3.453
L1MB4	-0.73315265782576	0	3	71	118.021
BSR/Beta	0.726036601105166	0.096	5	32	19.346
AluSc8	-0.285408137598993	0.002	6	200	243.751
MER101-int	-1.59196658710042	0.066	4	5	15.073
LOR1-int	-0.340733160587732	0.642	5	15	18.996
LTR57-int	-2.31556623031895	0.186	49	1	4.978
HERVK9-int	1.49388941511723	0.002	27	37	13.137
MER9a2	-0.360270622413742	0.916	10	3	3.851
MER102a	0.273615342321626	0.286	34	41	33.917
MER67A	-0.431355521573517	0.874	16	4	5.394
MER2	-0.988919579811376	0	34	53	105.189
HERV16-int	-0.725668456509435	0.136	122	15	24.805
X24_LINE	0.976862954726774	0.052	1930	12	6.097
L1MEc	-0.694205500540574	0	916	146	236.227
MER63B	0.234253108200145	0.464	322	32	27.204
MER4A1_	2.23026210736555	0	72	25	5.328
MLT1G1	-0.242087467388882	0.402	627	37	43.76
AluYa5	-0.425133742855572	0.094	349	33	44.309
L1MD	-1.23773057138452	0	367	44	103.764
LTR12C	-1.2317395935957	0	229	22	51.667
LTR13A	2.0183908600944	0	257	12	2.962
Tigger19b	0.0321305088888041	0.918	190	40	39.119
L1MEf	-1.24397367191931	0	284	64	151.584
L1M4a2	-0.418459837580991	0.406	114	20	26.73
MER49	0.779835169882086	0.032	132	30	17.473
L1ME2	-1.07029366682092	0	5931	79	165.889
MER50	1.07965224922037	0	124	70	33.12
AluSx4	-0.501924176137265	0	88	99	140.194
L1PB1	-0.969426815503908	0	248	112	219.303
MamRep1151	-0.572501664642034	0.362	327	10	14.871
MER41B	2.32835436404679	0	439	180	35.84
MER30	-0.344889900033814	0.196	258	37	46.992
Arthur1B	-0.428356822465183	0.308	286	20	26.914
LTR46	1.55780844921743	0.022	43	9	3.057
MER9a1	0.787119433655615	0.178	68	8	4.636
LTR13	0.339892833529422	0.552	440	10	7.901
LTR13_	1.42856588412349	0.366	81	2	0.743
MER54A	-3.23143240844797	0.016	449	1	9.392
MER68	-0.600824773454089	0.224	368	12	18.199
L3b	0.525762081752181	0	722	152	105.578
MER4B	2.20514586151151	0	65	102	22.12
MER4B-int	0.0148465799291127	0.984	2403	21	20.785
AluYe5	-0.47291307339897	0.324	507	11	15.267
LTR16B1	-0.161118701430937	0.836	137	13	14.536
AluSq4	-0.369233809665719	0.358	1398	15	19.375
AluYc3	0.606473967771645	0.248	141	10	6.568
AluYh3	0.629463699075859	0.19	393	12	7.757
MER20	-0.0539830474228882	0.72	254	181	187.901
hAT-1_Mam	0.298165822328545	0.498	188	21	17.079
MER63D	-0.345812677526861	0.538	100	15	19.063
MER66C	-0.804466642732778	0.424	279	4	6.986
AluYk3	-0.148738912737525	0.404	19	65	72.059
MER66-int	-2.48555563347727	0.034	60	2	11.201
7SLRNA	-0.96633817321799	0.05	725	8	15.631
AluYh9	0.279283757478869	0.94	1829	2	1.648
MER74B	-1.18802105141695	0.086	530	5	11.392
LTR5_Hs	3.09652837100579	0	267	89	10.405
LTR2B	3.20536858556304	0	790	41	4.445
Harlequin-int	1.58742567026865	0	538	34	11.314
LTR75	1.58483135258772	0.012	461	11	3.667
AluYa8	-2.06488285158485	0.178	576	1	4.184
LTR10A	2.49478655093095	0	164	24	4.258
HERV9N-int	-2.2654368960491	0.144	23	1	4.808
HERVIP10F-int	1.83533072400918	0.006	818	22	6.165
MER131	-0.754215614708755	0.192	895	7	11.807
HUERS-P1-int	0.944804345757875	0.088	852	16	8.312
LTR7B	1.06546634297705	0.02	382	22	10.512
L1M1	-1.68699668092885	0	834	49	157.773
Charlie22a	-0.167941754803618	0.856	686	11	12.358
MER65A	-0.664069045713663	0.198	1568	11	17.43
MER65-int	-0.817930181252806	0.292	1642	8	14.103
MER52A	-4.63957947979573	0	778	1	24.926
MER52C	-1.53231695933277	0.168	10162	2	5.785
MER83	0.534402759982559	0.416	9331	9	6.214
MER113	-0.0827707036354433	0.846	459	40	42.362
LTR26B	1.27142639744064	0.242	128	4	1.657
LTR42	0.762611100833206	0.27	213	7	4.126
MER4D	1.75223235081952	0	452	57	16.92
L1M4c	-1.73153083705416	0	7486	15	49.812
L1M4a1	-1.65726582456372	0.004	673	11	34.696
Tigger1a_Art	-Inf	0.296	589	0	3.335
MER65B	1.30876363568891	0.154	1090	6	2.422
AluYi6	-0.782688129900806	0.504	532	3	5.161
L1P5	-1.53522352681071	0.064	498	3	8.695
OldhAT1	-0.113510006652286	0.668	811	42	45.438
L1MC5	-0.478973875266493	0.002	694	125	174.219
ORSL-2b	-0.445196982381709	0.676	20797	6	8.169
AluYm1	-0.1513652812701	0.526	2713	50	55.531
Tigger1	-0.74395749872979	0	2113	110	184.224
Tigger16a	0.268599501437571	0.434	4399	24	19.923
Arthur1A	0.252684217664227	0.59	3723	15	12.59
L1MEb	-0.32335311303472	0.538	46104	17	21.271
Tigger15a	0.342883633797307	0.102	5437	69	54.404
X26_DNA	-0.422233000683048	0.55	740	8	10.72
Charlie15b	0.0862010350493038	0.832	3102	23	21.666
Tigger2	-1.04260747707454	0.002	1753	19	39.139
MER44A	-0.0951194532974701	0.876	4356	26	27.772
MER119	0.375301194036659	0.432	5240	18	13.877
X7A_LINE	0.936133795689936	0.004	7599	19	9.93
MER1B	-0.756079412586706	0.002	9329	38	64.178
Charlie1	-0.531443845980026	0.218	10977	16	23.126
LSU-rRNA_Hsa	-0.201006466056093	1	6355	4	4.598
LTR16E1	-0.890398050759407	0.02	4601	16	29.659
ERV3-16A3_I-int	-0.480547146303409	0.028	3535	66	92.088
ERV3-16A3_LTR	0.400514167743447	0.332	5653	17	12.879
MLT2D	0.00862747419745828	0.984	8860	53	52.684
L1MB2	-1.26826873719633	0	11543	47	113.21
Charlie2b	0.0247366783215062	0.908	17080	44	43.252
MER81	0.563507279974442	0.01	6361	58	39.246
MER89	0.261016045299488	0.546	9323	20	16.69
MER91B	0.0359710999979395	0.956	18216	16	15.606
MER31A	2.36211430824613	0	9583	85	16.533
MLT1A0	-0.79929898460727	0	10120	141	245.376
MSTB	-1.41016016838247	0	23879	39	103.649
LTR18B	-0.678672902847173	0.62	17029	3	4.802
Charlie8	0.0575648946965525	0.844	8093	52	49.966
MER46C	0.624753420037897	0.004	13334	49	31.778
LTR81B	0.73434489400707	0.046	6531	22	13.224
LTR40a	0.437300574992034	0.184	13567	33	24.371
LTR81	1.39744810252834	0.032	24233	10	3.796
MER58B	0.170766143290434	0.322	10189	89	79.065
MER74A	0.0897790228128215	0.866	14811	21	19.733
MER63A	-0.148861814350401	0.608	18323	36	39.913
LTR52	-2.67321719248624	0	7351	2	12.757
Kanga1	-0.867738351762688	0.29	2184	5	9.124
MLT-int	-0.708407983483596	0.578	3320	3	4.902
Charlie16	-0.903295412086837	0.096	8747	9	16.833
MLT2C1	1.03800632257974	0	7120	63	30.681
Tigger3c	0.375678480664971	0.234	11235	35	26.976
MER91A	-0.132832714195724	0.65	5553	36	39.472
MLT2B1	-0.146016755531233	0.626	7208	49	54.219
MER47B	-0.59569460683892	0.532	1016	5	7.556
L1MB7	-1.05136026300903	0	32075	147	304.655
AmnSINE2	0.873027143742235	0.046	13123	13	7.098
MamRTE1	0.196669622349392	0.188	7469	112	97.727
THE1A	-2.51769563064258	0	9350	9	51.54
MER45B	0.545034526365288	0.174	16176	24	16.449
LTR81C	-0.0908534304511135	1	8464	8	8.52
MLT1J	-0.00295571762865837	1	3352	177	177.363
Tigger2a	-1.07904119814431	0.002	14582	19	40.14
MER66B	-0.252259934239619	0.666	4406	14	16.675
LTR41C	0.437818643528133	0.458	4645	12	8.859
MER34C_	0.840001838462979	0.114	4641	14	7.821
MER58C	0.480625840906421	0.088	19078	39	27.95
LTR26	0.227692025041597	0.742	29875	9	7.686
BC200	0.455415700799564	0.386	25168	10	7.293
LTR40c	1.30598655101834	0.002	9612	18	7.28
MER34	0.876037034914546	0.032	3487	29	15.801
LTR19A	2.57669076275761	0	368	32	5.364
L1MCc	-0.734551389219608	0.044	1753	25	41.597
AmnSINE1	0.643856189774725	0.002	18334	43	27.52
MSTA-int	-2.89502557955792	0	17206	7	52.07
HERVL-int	0.0708773808158911	0.794	11747	51	48.555
LTR27C	-Inf	0.454	13699	0	1.555
Tigger2b_Pri	-1.36619630082049	0.008	1034	10	25.779
MER117	0.427837924285883	0.02	761	64	47.576
LTR106_Mam	0.770648720422495	0.158	3089	13	7.62
MLT1H-int	-0.778909424136373	0.312	5382	6	10.295
MER75	-1.59765035104811	0.162	2432	2	6.053
MLT2B4	-0.498682923872509	0.1	170	39	55.104
Tigger17c	-0.418639735959039	0.902	3334	3	4.01
Tigger17d	-Inf	0.062	1647	0	3.766
Charlie25	-0.171100052075542	0.894	3541	12	13.511
MER51A	-0.140719174241593	0.884	88	11	12.127
MER96	0.395717771420174	0.338	3933	18	13.682
LTR40b	0.662764652324789	0.052	592	21	13.265
MLT1E2	0.232596570515047	0.296	158	59	50.215
ERVL-B4-int	-0.843732656611305	0.008	107	32	57.43
MER107	0.422365734732669	0.47	162	5	3.731
Arthur1C	1.06454025219471	0.03	199	16	7.65
MER45C	-0.370215016241746	0.644	809	11	14.218
THE1C-int	-4.96324290431883	0	7337	1	31.195
MER121	-0.218402322356433	0.824	4243	9	10.471
L1PA12	-2.45037988007104	0	1835	5	27.328
AluYg6	-0.0487011961454757	1	9214	9	9.309
LTR16A1	0.0881843691677988	0.776	3079	34	31.984
MSTB-int	-1.05122292684979	0.062	8639	7	14.506
L1MDa	-1.59182899186261	0	1519	32	96.458
L1ME3Cz	-0.880906400256803	0	14511	94	173.104
L1ME2z	-0.694373717441738	0	4850	55	89
L1PA15	-2.37126972674378	0	5114	27	139.697
tRNA-Gly-GGA	0.89298175011788	0.602	11102	2	1.077
UCON16	-Inf	1	12283	0	0.405
Eulor10	-Inf	1	11650	0	0.442
L1MA10	-1.39211130876442	0	6196	24	62.991
X30_DNA	0.735249121577185	0.12	13418	14	8.41
L1MC2	-1.15399301926312	0	8382	38	84.561
MamTip2b	0.49817873457909	0.002	2467	104	73.632
UCON80_AMi	0.790234734025896	0.418	1911	4	2.313
L1ME3C	-0.554907141711115	0.13	13410	27	39.665
L1MEh	-0.0585243118408001	0.94	2963	35	36.449
L1MA5A	-1.56037869398816	0	3726	16	47.189
LTR10B2	1.58640591759082	0.118	7713	4	1.332
LTR21C	-Inf	1	2222	0	0.291
LTR62	-2.05519565424212	0.24	468	1	4.156
THE1D-int	-2.34109623795764	0	336	8	40.535
MER44C	1.03790757886519	0.004	8315	30	14.611
Charlie4a	-0.336177575767066	0.358	55157	27	34.085
MER34C2	0.699973923069921	0.214	949	12	7.387
MER39	1.39242562896461	0	42	105	39.997
AluYh3a3	-Inf	0.362	557	0	1.774
MADE2	0.0156450203633774	1	11	28	27.698
MSR1	-0.784085142734757	0.54	1749	3	5.166
Helitron3Na_Mam	0.0587780931205801	0.93	170012	13	12.481
LTR5B	1.77703419893882	0	93700	23	6.711
LTR45C	0.980226930959973	0.14	129292	10	5.069
Tigger3d	-0.0591574720301938	1	28368	7	7.293
LTR8A	1.35815202552818	0	53617	49	19.114
LTR38	1.34098882880185	0.054	46112	8	3.158
LTR38-int	-Inf	0.636	9843	0	1.403
HERVK13-int	2.47164301173714	0.022	6659	7	1.262
LTR3B_	-0.146655222119465	1	3332	3	3.321
MLT1E1	0.520884435807864	0.242	5094	18	12.545
LTR78B	-0.312006788899501	0.378	745	30	37.243
L1MB1	-1.38825843212235	0	2331	32	83.764
Tigger4a	-0.167504740778648	0.574	559	35	39.309
L1MD2	-1.14313215555577	0	1421	65	143.559
MER115	-0.0011536946163705	1	852	30	30.024
L1MEi	-0.73694339868715	0.004	1133	39	64.999
MER77	1.24442214233331	0	143	39	16.461
LTR3A	3.9996702788145	0	454	35	2.188
MER77B	0.645299606644393	0.082	104	25	15.984
LTR33C	-0.132642642539618	0.938	252	10	10.963
LTR85c	-0.415866810523215	0.48	1176	10	13.341
Kanga1a	0.159600856814927	0.8	528	11	9.848
Kanga1d	0.677110428875193	0.2	762	12	7.505
LTR105_Mam	-2.99620794626681	0.01	621	1	7.979
MLT2B2	-0.327358881697195	0.442	1986	21	26.349
LTR40A1	0.955417569103828	0.086	682	13	6.704
HERVL40-int	0.718534888759019	0.12	664	28	17.016
MER85	-0.305970520984386	0.722	427	8	9.89
MLT1J1	0.270841739652975	0.204	86	67	55.532
MER92B	0.508110264261531	0.296	54	14	9.844
LTR10E	-0.874206785877799	0.668	44	2	3.666
MER63C	-0.0536800854701041	1	67	11	11.417
LTR16E2	-0.0331195019569515	1	182	27	27.627
MLT1E1A	-0.738672734666755	0.018	27	25	41.716
L1PA13	-2.18338918234356	0	327	31	140.808
Kanga1b	0.654198133996184	0.392	82	7	4.448
MLT1F1	0.0225002540037128	0.948	171	40	39.381
L4_B_Mam	0.292782533301451	0.26	107	46	37.551
MamRep4096	0.283925803372922	0.512	539	17	13.963
L1ME5	-0.46515605242052	0.16	182	30	41.414
MER21B	0.488383135685485	0.054	293	51	36.354
L1P2	-1.93324214015652	0	450	8	30.553
LTR85a	0.479122611857538	0.138	131	29	20.805
Tigger19a	0.0608376515470185	0.84	791	41	39.307
HAL1ME	-0.751488925701604	0	557	51	85.86
LTR24C	1.53372427317467	0.012	178	13	4.49
L1MA1	-1.75388973842403	0	2781	21	70.826
MSTC	-1.18142064028014	0	502	17	38.556
AluYb8	-0.118474295574306	0.744	115	29	31.482
MER21A	2.00635612568496	0	653	101	25.139
X6a_DNA	-0.86327772449491	0.148	524	6	10.915
MSTB2	-1.45560434145263	0.006	48	7	19.199
MLT2A2	-1.51859437993981	0	210	17	48.707
MER48	-0.244278198578144	1	96	2	2.369
HERVH-int	-0.301120835331849	0.246	144	79	97.336
L1PA17	-1.62803122261304	0	368	22	68
L1PB4	-1.3406525800972	0	137	41	103.839
LTR53B	-1.20476675065461	0.694	311	1	2.305
MER61B	1.14241704461585	0.032	3080	11	4.983
L1ME3F	-0.351782498875942	0.218	4295	44	56.15
tRNA-Leu-TTA	4.02326977932285	0.02	2734	2	0.123
MLT1A0-int	-0.23221420566363	0.804	1849	11	12.921
LOR1a	-0.0619835161089573	1	702	10	10.439
LTR33A_	0.0994185764329662	0.8	1203	22	20.535
MER57B1	-0.0252650888235368	1	1681	12	12.212
AluYh7	-Inf	0.004	6765	0	5.14
LTR16A2	0.835180722965068	0	1137	39	21.86
LTR53	0.240783281430843	0.748	214	7	5.924
X17_LINE	0.540218679496759	0.19	314	15	10.315
MER90	-0.290929873665818	0.774	2540	7	8.564
LTR50	-0.116364756691785	0.804	2368	28	30.352
LTR1A2	-1.97171214591053	0.01	855	3	11.767
LTR89B	-0.04176864995163	1	198	8	8.235
MER11A	3.40845735085513	0	371	168	15.822
LTR81AB	-0.593114696484615	0.884	77	2	3.017
LTR1B1	0.687915738485246	0.468	229	4	2.483
MER61D	2.11091590140185	0	457	14	3.241
MER61A	0.312640647951166	0.546	287	12	9.662
Arthur1	0.281787133156257	0.412	140	35	28.79
X7B_LINE	0.76423690476733	0.054	367	17	10.009
LTR8	2.67077256150224	0	851	282	44.286
Eutr15	-0.904580434921317	0.344	349	4	7.488
L1MA6	-1.67899208109035	0	92	24	76.849
MamRep434	0.708334407912672	0.01	174	38	23.257
L1PB2	-1.46861589782775	0	64	16	44.281
L1P3	-1.6088370668053	0	72	17	51.851
EUTREP8	-0.538041453333663	0.888	65	2	2.904
CR1_Mam	0.470151296257984	0.186	306	27	19.491
MER45R	0.375945908889899	0.546	310	10	7.706
Tigger17a	-0.936402377725063	0.028	300	16	30.62
MamTip1	0.070124858042897	0.97	136	9	8.573
LTR101_Mam	0.222843333995499	0.622	234	16	13.71
MLT1G	0.0186692114440705	0.97	137	35	34.55
Tigger11a	-0.675364312749146	0.666	897	3	4.791
MER110	0.402905891710906	0.456	94	12	9.076
MLT1N2	-0.309758271424635	0.18	36	52	64.454
LTR66	-0.155749232677945	1	22	4	4.456
HERVL66-int	-Inf	0.644	109	0	1.567
MER54B	0.13764780046798	0.856	170	6	5.454
MER70A	-1.74006405884686	0.106	154	2	6.681
MLT1E	-0.457462964648552	0.578	156	8	10.985
L1MD1	-1.58001388568444	0	39	33	98.661
MamGypsy2-I	0.0596989891252116	0.896	17	28	26.865
LTR90B	-0.210388864445403	0.986	113	5	5.785
MER20B	-0.383392324683694	0.194	82	37	48.263
MamSINE1	0.207424150711499	0.25	118	73	63.224
LTR16D	-0.516239324619047	0.44	878	9	12.872
MLT1F	-0.291548735015951	0.292	203	43	52.63
LTR24	2.42623770442368	0	314	20	3.721
LTR24B	1.96497943385132	0	462	21	5.379
MER57A1	-0.526736571476264	0.372	377	9	12.966
LTR10C	0.000824632798038388	1	315	7	6.996
MLT1J-int	0.293106392135743	0.494	622	21	17.139
MADE1	-0.417211728038846	0.022	610	61	81.456
MLT2A1	-0.917755519056201	0.004	137	23	43.451
LTR48B	1.16893348939493	0	316	28	12.453
MER34-int	1.1061083274744	0.096	229	11	5.11
LTR49-int	-0.316676757187835	0.574	124	24	29.891
tRNA-Glu-GAA	1.56775321068893	0.166	322	3	1.012
MER70B	-0.703733543866134	0.37	233	7	11.401
MER121B	-Inf	0.926	151	0	0.78
LFSINE_Vert	0.17264549926688	0.556	119	28	24.842
Tigger9b	-1.61635769699669	0.076	272	3	9.198
UCON49	-0.231432408447965	1	222	1	1.174
Kanga2_a	-0.252173413202027	0.67	140	15	17.865
MamGypLTR1a	0.26361159929654	0.56	264	15	12.495
Tigger23a	-1.09265849173243	0.256	228	3	6.398
L1MEj	-0.315288990108636	0.522	730	23	28.618
L4_A_Mam	0.110052697569165	0.596	354	83	76.904
MamRep38	-0.648925559453121	0.078	313	15	23.52
L1PB3	-1.89527676635179	0	97	15	55.799
LTR23	1.97292046594372	0	149	38	9.68
ERV24_Prim-int	0.820106829466452	0.218	251	10	5.664
LTR23-int	-Inf	0.356	1235	0	2.441
MER34B	0.293182152660239	0.63	9406	10	8.161
LTR54	0.414716935997692	0.406	2229	18	13.503
MER34C	1.95517847875992	0.004	1779	9	2.321
MER75A	0.0262050703473939	1	1635	1	0.982
LTR16A	-0.287659681511553	0.262	944	41	50.047
L1M6	-0.0127899940551858	1	271	63	63.561
MER44D	1.5736535581037	0.002	117	23	7.727
MER34A1	1.31410859042806	0.002	95	23	9.25
L4_C_Mam	0.374919110236692	0.064	206	74	57.065
MamRep1879	0.149245018770273	0.724	505	18	16.231
MER94	-0.156621725535477	0.51	1395	46	51.275
X12_DNA	0.260727938450625	0.502	2029	18	15.024
LTR16B2	-0.610990737608651	0.17	2097	13	19.855
Zaphod3	-0.0847969426644334	1	258	13	13.787
MER58D	0.67472872920404	0.078	116	20	12.529
MamTip2	0.876365944216197	0	164	103	56.108
LTR33A	-0.501934466805165	0.218	236	18	25.49
MER41A	2.04308726905479	0	132	132	32.029
LTR8B	2.15140209571051	0	1297	96	21.609
MER5C	-0.0242251041492688	1	197	15	15.254
UCON63	-Inf	1	179	0	0.166
MLT1C2-int	1.50149381081132	0.008	90	16	5.651
Tigger13a	-0.820018451383311	0.034	276	21	37.074
LTR16D2	-0.297876155046095	1	107	3	3.688
ORSL	-0.960511710119024	0.128	2032	7	13.622
MARNA	0.194501165021082	0.468	580	40	34.955
MLT1G1-int	0.335699214659963	0.722	1142	5	3.962
LTR84b	0.586799827502047	0.136	610	22	14.648
LTR1C	0.168122758808327	1	1199	1	0.89
THE1A-int	-Inf	0	868	0	26.615
LTR91	0.0901561698174796	0.858	766	19	17.849
LTR41B	-1.03153635326805	0.232	338	5	10.221
LTR91A	-0.00786183774673185	1	470	28	28.153
AluSq10	-0.0707933875610015	0.984	182	17	17.855
X12_LINE	1.01275190740885	0.218	250	5	2.478
MER105	0.802494024453026	0.07	233	14	8.027
LTR19B	1.04139591601185	0.136	177	7	3.401
HERVIP10FH-int	0.597714408130004	0.344	448	10	6.608
Charlie16a	-0.0685561700324435	0.996	473	15	15.73
FordPrefect_a	-0.0940108071330137	1	260	3	3.202
MER11C	0.0760268388567608	0.924	82	15	14.23
LTR85b	0.0405477707546826	0.984	696	14	13.612
LTR71B	2.27276203808348	0	287	15	3.104
LTR16D1	-1.30275771563804	0.644	43	1	2.467
L1MA3	-1.47607440223198	0	175	54	150.223
X9_LINE	0.0297773998538264	1	122	7	6.857
Charlie18a	-0.402306384626893	0.298	105	21	27.754
MER51E	0.0198528041893217	1	1009	3	2.959
MER91C	0.745030705736675	0.01	1026	29	17.303
LTR86A1	-0.663800015531763	0.54	1584	4	6.337
U2	0.416705577512575	0.33	2333	15	11.237
LTR83	-3.12217572334094	0.01	25	1	8.707
LTR75_1	2.17229709233239	0.01	701	7	1.553
MER72	1.17803009726039	0.006	2597	22	9.723
L2-3_Crp	0.397097323653761	0.196	416	26	19.744
UCON88	-Inf	1	1109	0	0.361
Charlie32a	-Inf	0.156	176	0	2.758
MLT1D-int	0.397258086717609	0.552	516	10	7.593
MER52D	-1.36779039279605	0.08	354	4	10.323
L1M	-1.01738747752592	0.218	198	4	8.097
X15_LINE	0.245825115801571	0.922	1137	3	2.53
LTR12E	0.210062131019805	1	884	2	1.729
MamRep564	-0.539861888958033	0.5	425	6	8.723
LTR21B	-Inf	1	1050	0	0.453
HERVFH21-int	-Inf	0.364	282	0	2.389
LTR14B	1.57254706903044	0	387	14	4.707
AluYk4	-0.0150144089746255	1	76	13	13.136
Cheshire	-0.675138450511363	0.354	116	8	12.774
MamRep605b	0.638368564136294	0.016	306	41	26.34
LTR12	-1.90432352190472	0.006	469	3	11.23
MER101	-1.08406426478847	0.492	38	2	4.24
X7C_LINE	0.272297327162762	0.676	254	8	6.624
LTR36	1.05220438836746	0.058	200	13	6.269
MER126	-0.53605290024021	0.88	326	2	2.9
MER130	-Inf	0.252	384	0	1.977
UCON22	-Inf	1	477	0	0.408
MLT1M	0.365195548791531	0.256	435	33	25.62
LTR71A	-1.06626144226872	0.78	3787	1	2.094
U13_	-1.70221425101044	0.35	356	1	3.254
Penelope1_Vert	0.151016972394429	0.754	147	13	11.708
Tigger14a	0.077243960729475	0.944	329	15	14.218
Charlie7a	-0.531886138262902	0.264	163	11	15.904
MamRep137	-0.397411828597009	0.288	2427	21	27.66
Charlie29a	-0.745268069951674	0.284	162	7	11.734
Charlie17a	0.510673409119256	0.176	170	19	13.336
MER94B	0.082704650324637	0.99	251	7	6.61
Eulor2A	-Inf	0.918	161	0	0.771
UCON20	-Inf	1	163	0	0.556
CR1-3_Croc	0.717066036728501	0.026	229	24	14.6
LTR86A2	-1.82252621903883	0.342	311	1	3.537
MER102b	0.0692064131288971	0.822	130	37	35.267
X5B_LINE	0.334607228958109	1	204	1	0.793
X20_LINE	-Inf	0.328	207	0	1.805
U1	2.34107189268424	0	105	11	2.171
Mam_R4	0.763660460831626	0.142	4897	11	6.479
MLT2C2	1.14934914514448	0.004	3301	35	15.779
Ricksha_c	-0.527821022395033	0.44	4095	8	11.534
MLT1G3	-0.237563718317676	0.504	888	28	33.012
X9a_DNA	-0.12111015614454	1	332	7	7.613
CR1-16_AMi	-1.79742808215231	0.268	258	1	3.476
MER96B	-0.122461893165148	0.816	3504	22	23.949
LTR1F	-0.969380764941608	0.854	401	1	1.958
UCON57	-Inf	1	513	0	0.221
Charlie24	0.0858947628815282	0.882	336	15	14.133
MER75B	-Inf	0.614	853	0	1.342
5S	0.37717986681477	0.336	275	17	13.089
MER90a	0.622453713042501	0.112	1161	23	14.94
L1MA4A	-1.7777578515704	0	739	28	96.01
Tigger3b	0.0202383696010666	0.922	1049	86	84.802
tRNA-Glu-GAG_	1.66963282470815	0.142	1162	3	0.943
Zaphod	-0.880176133631199	0.078	736	15	27.609
MER84	3.49309344541931	0	702	48	4.263
MER84-int	2.30598655101834	0	1302	9	1.82
HY1	0.298672742587059	0.74	1893	6	4.878
MARE4	-1.70177082237904	0.33	1200	1	3.253
Charlie10	0.409810530863588	0.408	1186	18	13.549
LTR9D	0.457075292447432	0.348	554	13	9.47
SVA_F	-0.0496307677246006	1	308	14	14.49
Charlie26a	-0.924226599007903	0.388	302	3	5.693
Charlie21a	-0.366092363999662	0.75	285	7	9.022
MamGypLTR2c	-0.27893631467923	0.75	301	10	12.133
EuthAT-2	-2.21090832401278	0.016	718	3	13.889
LTR29	2.0086822430998	0	912	34	8.449
SVA_B	-1.31347805765333	0.038	1640	5	12.427
MamGypLTR1b	0.2065202394733	0.644	1044	16	13.866
Charlie10a	0.789611135554597	0.328	1101	6	3.471
Tigger16b	0.333798883207369	0.422	749	18	14.282
LTR86C	-0.147089572579133	1	1481	3	3.322
U5	0.438307278601691	0.77	1644	3	2.214
L2-2_Mam	0.268568467395281	0.738	850	7	5.811
Charlie2a	0.15016379125816	0.686	407	27	24.331
MER104	-0.204558102879155	0.618	536	21	24.199
SVA_A	-0.104815880892349	0.946	1592	14	15.055
Kanga11a	-0.131223624502958	0.966	2468	9	9.857
MER5C1	-0.202051973052272	0.924	491	6	6.902
Charlie23a	0.424775694880234	0.274	709	22	16.389
Tigger9a	-0.545474210840181	0.464	172	8	11.676
Charlie17	-0.37183761733042	0.88	755	5	6.47
L1MCb	-0.260075853245464	0.554	8005	24	28.741
SVA_C	0.0649174766813387	0.978	2711	9	8.604
X32_DNA	0.512925319948276	0.548	564	5	3.504
L1MCa	-0.784735015134621	0.002	695	58	99.921
MARE8	0.83071633888427	0.396	1103	4	2.249
MER51B	0.590911996342736	0.238	1224	13	8.631
HERV9-int	-0.356787726790702	0.696	1168	7	8.964
LTR47A	1.3952385567098	0	777	22	8.364
MER9a3	-0.285500861304657	0.842	879	6	7.313
LTR82A	1.08938103012921	0.004	1055	27	12.689
LTR21A	1.35353009227319	0.248	680	3	1.174
LTR77	-Inf	0.6	1350	0	1.348
LTR61	-Inf	0.314	724	0	2.118
MER106B	0.300609896340192	0.61	2302	11	8.931
LTR56	1.4976848300755	0	916	33	11.686
MER4C	2.03556874891605	0	1278	34	8.293
MER41E	0.887633476927437	0.216	2500	8	4.324
AluYe6	1.09541956507868	0.166	1314	5	2.34
HERVFH19-int	0.732164607902385	0.578	1507	3	1.806
MER110A	-1.30723420974433	0.174	709	3	7.424
AluYd8	-Inf	0.148	2167	0	2.609
MER11D	3.65308651582826	0	1282	49	3.895
Tigger10	0.313622203828773	0.442	2142	21	16.897
hAT-N1a_Mam	0.416412149255061	0.514	503	7	5.245
MamGypLTR3a	0.0807552739836075	0.924	804	16	15.129
Eutr10	0.371708549987622	0.478	3594	15	11.593
LTR26E	1.72642443438462	0.074	2391	5	1.511
MamRep488	1.50635266602479	0	9028	15	5.28
MLT2B5	1.78157012189411	0	49	15	4.363
Charlie7	-0.784643569310682	0.034	5945	27	46.512
Zaphod2	-0.669480371877426	0.408	774	6	9.543
LTR9	0.61747107555852	0.172	460	16	10.429
LTR60B	1.42953706897396	0.046	5279	8	2.97
LTR2	2.71926834753301	0	6841	74	11.237
MER57C1	-1.16221003631431	0.742	1176	1	2.238
MER21-int	1.16227807727844	0.006	836	31	13.851
AluYi6_4d	-Inf	1	81	0	0.502
Tigger4	-1.6667565918848	0.012	13	6	19.05
MER47C	-0.703809466526246	0.412	312	5	8.144
ORSL-2a	0.552508963495197	0.49	187	6	4.091
7SK	0.95823135004837	0.026	218	16	8.235
LTR1D1	-1.08542465625268	0.456	29	2	4.244
LTR51	1.95260121112459	0	3187	20	5.167
Kanga1c	-0.186659017202114	0.922	370	8	9.105
Zaphod5a	0.147202107181229	1	1253	1	0.903
X7D_LINE	0.739372091873301	0.864	269	1	0.599
MER106A	-1.44660913963714	0.096	3088	3	8.177
LTR84a	-0.00791308164326498	1	3205	8	8.044
UCON14	-Inf	0.786	3172	0	1.022
UCON70	-Inf	1	9080	0	0.629
UCON29	-0.373509015518007	1	2260	2	2.591
Charlie13a	-0.176322772640463	0.986	730	6	6.78
MLT2F	0.420259255385948	0.204	740	31	23.166
L2-1_AMi	0.682695931638085	0.082	834	17	10.591
UCON105	0.225792769977861	0.792	361	8	6.841
UCON81	2.15521264992094	0.162	802	2	0.449
UCON73	0.575615328461903	0.57	412	4	2.684
MamTip3	-0.384602457650755	0.548	633	10	13.055
Charlie4	-1.00705194251649	0.204	4569	5	10.049
LTR26C	1.65101224302573	0.014	3816	12	3.821
MER2B	-0.933635581697734	0.034	2109	12	22.921
EutTc1-N2	1.08237729827372	0.296	2559	4	1.889
X5a_DNA	0.173319324682142	0.922	4434	5	4.434
Charlie13b	0.63007492608828	0.394	1221	7	4.523
LTR16	0.130365444186607	0.632	992	40	36.544
LTR43B	-1.51954190457844	0.528	562	1	2.867
LTR103_Mam	-0.427427389084925	0.674	885	6	8.069
MamGypLTR4	0.12099135624439	0.938	267	9	8.276
LTR47B2	1.24605322791223	0.132	941	5	2.108
X1_DNA	-0.213947122608502	0.948	70	7	8.119
X33a_DNA	-Inf	0.936	48	0	0.789
Tigger22N1	0.194412725752939	0.71	765	14	12.235
HY3	0.0902908890736066	0.972	138	6	5.636
ERV24B_Prim-int	0.380285166846818	0.632	276	7	5.378
HSMAR1	-2.35642555908681	0.01	213	2	10.242
MER34B-int	1.83592888324586	0.002	125	27	7.563
LTR75B	1.34312231715649	0.102	181	6	2.365
MamRep1894	-1.88498857765124	0.054	1137	2	7.387
LTR27B	0.606034724339757	0.634	37	3	1.971
LTR1C1	-Inf	0.762	54	0	1.01
MER67B	0.624450790602132	0.38	41	9	5.838
X6b_DNA	0.0480053729108322	0.974	90	11	10.64
UCON34	0.740576847718585	0.344	822	6	3.591
U3	0.276951186168979	0.916	29	3	2.476
Eutr11	-0.236135408281455	0.92	3307	6	7.067
X4b_DNA	0.0181473467102592	1	5525	8	7.9
MER97c	-0.345396375391268	1	9338	2	2.541
MLT2E	-2.25035527176305	0.126	17280	1	4.758
LTR65	0.857259827883918	0.16	4240	10	5.52
HSMAR2	-1.19860844461917	0.008	1094	11	25.247
Tigger8	-0.118359725953057	0.98	2062	10	10.855
MER52-int	-1.42635422138787	0.186	2871	3	8.063
LTR22B1	1.59074485331516	0.034	5724	6	1.992
HERV4_I-int	-1.3704433048213	0.396	2101	2	5.171
Zaphod4a	0.368042074864279	0.678	11144	6	4.649
MER68-int	-1.20789285164133	0.512	4256	2	4.62
MER70C	0.24254998376871	0.876	255	4	3.381
LTR102_Mam	-0.113700499164728	1	1194	6	6.492
LTR10F	0.924871934028981	0.128	1379	11	5.794
MER6	-0.593456219351747	0.472	1525	7	10.562
U13	0.725788044854721	0.558	9845	3	1.814
Tigger6a	-0.809825996097451	0.366	1355	5	8.765
PRIMA4-int	-0.961993677420255	0.508	423	3	5.844
HERVK-int	1.49817873457909	0	1513	15	5.31
MER41G	0.460965297029246	0.804	804	2	1.453
L1HS	-2.72366776968084	0	668	4	26.422
LTR44	-0.423309237242387	1	641	2	2.682
LTR45B	0.437469719773587	0.548	206	7	5.169
MER57A-int	-1.24184018356467	0.026	685	11	26.015
LTR45	1.53254660657002	0.068	613	6	2.074
L1M3f	-0.260092585285347	0.824	254	9	10.778
LTR57	-1.6915341649192	0.36	3390	1	3.23
HERV3-int	-0.00834345852933489	1	1222	5	5.029
Tigger6	-1.43456151187261	0.614	3127	1	2.703
GSATII	-Inf	0.272	1776	0	2.891
HERVE-int	2.27494337133091	0	2640	29	5.992
LTR1C3	-Inf	1	2941	0	0.71
LTR7Y	1.56585367777345	0.008	863	9	3.04
HERV9NC-int	-1.16070510133152	0.248	488	3	6.707
LTR12D	-2.88498857765124	0.008	365	1	7.387
LOR1b	0.236907170983487	0.604	120	16	13.577
LTR88a	-0.719110409271625	0.326	2404	6	9.877
MER6B	-0.572404647390332	0.488	2176	5	7.435
LTR10B	1.98136582586095	0.054	1126	4	1.013
LTR14A	-Inf	0.358	657	0	1.694
UCON58	-Inf	0.198	3563	0	2.524
MamTip1b	0.487448015389598	0.484	1331	7	4.993
MER6C	-0.661749599810705	1	1235	1	1.582
LTR22A	2.71244327503214	0	661	14	2.136
Tigger18a	-0.435677079039438	0.492	2870	11	14.878
MST-int	0.0943923702749546	1	2639	3	2.81
AluYb9	-1.13224779829844	0.372	623	2	4.384
Ricksha	-0.925999418556223	0.534	791	3	5.7
Ricksha_a	-Inf	1	196	0	0.722
LTR80A	0.55397068625753	0.436	1428	7	4.768
Charlie31a	0.490986352512142	0.34	890	13	9.25
UCON35	1.70447287403334	0.016	2314	6	1.841
LTR86B1	0.247251408592866	0.828	416	4	3.37
UCON41	0.839314453608613	0.128	1788	11	6.148
MamGypLTR1c	0.674887752506421	0.096	1620	21	13.154
LTR82B	1.28702881942626	0	697	34	13.933
LTR88b	0.678231107831944	0.06	933	29	18.123
Helitron2Na_Mam	-1.25035527176305	0.272	1373	2	4.758
MLT1F-int	-2.70708299177171	0.046	457	1	6.53
LTR55	0.233334171618374	0.82	1595	6	5.104
X34_DNA	1.42533331489993	0.208	746	3	1.117
MER6A	-0.878024629901471	0.188	1092	7	12.865
MLT1I-int	-1.02105325205408	0.232	2591	5	10.147
LTR9A1	0.653128186055751	0.286	555	10	6.359
Tigger12c	-0.658249573207128	0.356	700	6	9.469
Tigger12A	-1.4529467973546	0.102	83	3	8.213
HERVL74-int	-2.36569253719753	0.272	621	1	5.154
UCON71_Crp	-Inf	0.154	955	0	2.806
MER135	0.192315356756893	0.762	725	10	8.752
tRNA-Thr-ACA	2.89969509420431	0.06	192	2	0.268
LTR32	2.01306771221569	0	171	59	14.617
CR1-1_Amn	0.529072742524873	1	242	1	0.693
X1_LINE	0.0938790470029001	1	501	1	0.937
LTR16B	-0.0515461195779269	1	1465	8	8.291
MER127	-Inf	0.16	399	0	2.391
UCON65	-Inf	1	664	0	0.341
X6B_LINE	0.580846392248924	0.198	6020	14	9.36
LTR10D	1.39719475367513	0.06	774	6	2.278
PRIMA4_LTR	1.77398478359701	0	438	15	4.386
MER57E2	0.115597447016313	1	1366	1	0.923
MamGypLTR1d	0.708396441969435	0.182	1976	14	8.568
CR1-L3A_Croc	0.59117946547115	0.492	1093	5	3.319
UCON78	0.012315322433239	1	1033	2	1.983
EUTREP2	0.282630154943096	0.632	1145	11	9.043
MER57F	-0.680474395327942	0.668	195	3	4.808
DNA1_Mam	-Inf	0.362	472	0	1.938
Charlie17b	-2.70796645477598	0.05	464	1	6.534
U7	0.588573754273535	0.54	512	4	2.66
MLT1J1-int	0.442712457721692	0.584	80	8	5.886
MER129	1.94341647163363	0.022	277	5	1.3
X6A_LINE	0.41888982477445	0.308	424	15	11.22
MERX	-Inf	0.024	13824	0	4.791
Tigger17	-Inf	1	7134	0	0.756
EUTREP16	0.416641384981433	0.614	2642	6	4.495
LTR4	3.15699882699804	0	1174	9	1.009
MER87	0.582800079570535	0.646	35585	3	2.003
LTR49	1.11491627841288	0	16237	39	18.007
MER51D	0.123433941248279	1	25480	2	1.836
tRNA-Asn-AAC	1.98850436116217	0.18	1374	2	0.504
PRIMA41-int	1.38062405968366	0.012	627	19	7.297
tRNA-His-CAY_	1.58640591759082	0.554	826	1	0.333
tRNA-Gly-GGG	1.54793176977619	0.566	1202	1	0.342
tRNA-Val-GTG	1.44222232860507	0.63	813	1	0.368
tRNA-Gln-CAG	2.15521264992094	0.016	435	4	0.898
LTR39-int	0.415037499278844	0.762	316	3	2.25
X9b_DNA	-0.768713657030485	0.432	269	4	6.815
MER57B2	0.0832504021907592	0.904	320	14	13.215
LTR54B	0.874140119720973	0.034	167	19	10.366
LTR76	1.3646325458416	0.076	3616	6	2.33
MamGypLTR2b	-0.718233746266593	0.326	2472	6	9.871
MER50C	1.97994234765875	0.054	904	4	1.014
tRNA-Met_	-Inf	1	1752	0	0.516
PABL_B	0.337946450953811	0.704	1092	6	4.747
LTR15	0.544140190613815	0.556	1485	5	3.429
LTR38B	1.27030740265295	0.098	211	7	2.902
HERV-Fc2_LTR	-Inf	1	700	0	0.049
MER61-int	0.457514109094292	0.284	525	25	18.206
LTR81A	-0.65382435886596	0.396	794	6	9.44
UCON44	-0.436517226689295	0.866	340	3	4.06
UCON47	-0.772307974958403	0.986	1486	1	1.708
UCON89	0.862496476250065	0.868	603	1	0.55
Chap1_Mam	-1.44360665147561	0.206	249	2	5.44
Helitron1Na_Mam	-0.341036917835067	0.964	481	3	3.8
Helitron1Nb_Mam	0.00868224309980077	1	498	4	3.976
Eutr18	-0.082118620473505	1	1703	7	7.41
X11_DNA	0.0375126715771904	1	1055	3	2.923
X23_DNA	-Inf	1	1529	0	0.729
UCON11	-Inf	1	402	0	0.486
MER41-int	0.926522490321032	0.008	475	48	25.254
LTR1F1	-Inf	0.098	165	0	3.17
X8_LINE	-Inf	0.17	1034	0	2.518
L2-1_Crp	-Inf	1	693	0	0.449
MER4D0	1.09902051730874	0.06	168	12	5.602
MER30B	-1.32365829102624	0.608	263	1	2.503
HUERS-P3-int	-0.0559528419996506	1	542	11	11.435
Eutr2B	-1.23603333200583	0.438	995	2	4.711
HERV35I-int	0.0629067515601919	0.972	279	9	8.616
U4	0.811810103707104	0.48	793	3	1.709
LTR37-int	-0.483450355708809	0.496	198	12	16.777
Charlie30b	-0.430820496519772	0.706	288	5	6.74
LTR28B	-1.9214363308063	0.216	1625	1	3.788
Charlie14a	-0.499527024215096	0.788	958	4	5.655
L1MEg2	0.179024583394838	0.778	234	10	8.833
LTR14	3.81040383101472	0	485	18	1.283
HERVK14C-int	1.96954620345829	0.03	92	6	1.532
MER66A	-0.993855479702099	0.574	124	2	3.983
MamGyp-int	0.152537523916392	0.838	728	9	8.097
MLT1A1-int	0.377277845204131	0.566	155	9	6.929
LTR46-int	-Inf	0.616	1373	0	1.46
L1M2a	-2.87282875953489	0.032	1318	1	7.325
MER4-int	-0.492964077963913	0.244	2006	30	42.22
L1P4e	-Inf	0.216	3748	0	2.739
Charlie9	-0.0529126728623207	1	516	14	14.523
LTR26D	0.518701058452435	0.638	105	4	2.792
UCON86	1.36401349625438	0.36	150	2	0.777
LTR107_Mam	0.312342046058164	0.698	277	6	4.832
UCON21	-Inf	1	156	0	0.283
Tigger20a	-0.148887632686206	0.912	364	14	15.522
Eulor1	-Inf	0.82	143	0	0.924
LTR7C	2.21617945057931	0.004	929	19	4.089
MER73	-0.828225360358884	0.68	166	2	3.551
L1PBa	-0.617223242545599	0.07	211	25	38.348
LTR06	0.882304957330245	0.592	113	2	1.085
LTR1E	-1.10802256251641	0.41	1436	2	4.311
LTR48	1.634369668043	0	789	36	11.596
hAT-N1_Mam	-0.387362540835995	1	727	2	2.616
MLT1E3-int	0.107803289534515	1	1265	1	0.928
PABL_A	-0.823137919298532	0.344	3694	4	7.077
LTR28C	-Inf	0.102	1476	0	3.34
MLT1K-int	1.09480316043744	0.266	1665	5	2.341
MER57-int	-2.67234990496445	0.004	1020	3	19.124
tRNA-Val-GTY	1.83650126771712	0.484	156	1	0.28
LTR47A2	1.91803115321372	0.008	832	13	3.44
UCON38	1.15714181674402	0.156	125	5	2.242
Arthur2	-0.211759833012119	0.806	226	10	11.581
Tigger21a	-0.971589535530062	0.904	4852	1	1.961
Eutr5	-0.612902890632582	0.712	634	3	4.588
MER50-int	1.15538177190002	0.034	141	19	8.53
X4a_DNA	-1.01149563883783	0.818	1291	1	2.016
PABL_B-int	-0.43900249007889	0.952	2245	3	4.067
LTR88c	0.175122505886643	0.732	280	13	11.514
Charlie10b	1.41263500906354	0.03	181	8	3.005
UCON4	0.938799843563263	0.404	211	3	1.565
hAT-5_Mam	-0.769912758265335	0.35	138	6	10.231
MER66D	-1.55040819321728	0.504	301	1	2.929
HY4	1.29247520910039	0.156	351	4	1.633
LTR87	-1.47629527018179	0.118	322	3	8.347
HERV1_LTRd	-Inf	1	595	0	0.232
Tigger3	0.513886338710197	0.216	39	21	14.707
LTR80B	0.609943807282484	0.332	56	9	5.897
MLT1E2-int	1.2584251525812	0.264	442	4	1.672
MLT1B-int	1.1426293773914	0.05	177613	15	6.794
Eutr16	1.09305021811669	0.038	12053	13	6.094
Zaphod5b	0.231074664436249	1	89786	1	0.852
MER57E1	0.443202753407257	0.526	228856	8	5.884
UCON33	-0.593592805864596	1	103104	1	1.509
MER41C	2.56244722809572	0	417	59	9.988
EUTREP7	0.951298803854524	0.258	267	6	3.103
UCON37	0.088500151138892	1	9313	2	1.881
MamRTE2	-Inf	1	448	0	0.541
MSTD-int	0.531807710246112	0.264	21288	16	11.067
Looper	-0.432531878738116	0.832	953	5	6.748
LTR22B2	1.03800632257975	0.684	6913	1	0.487
Eulor12	-Inf	1	462	0	0.626
LTR6A	1.46833158868485	0.014	18094	10	3.614
AluYk11	1.00940812741242	0.282	567	4	1.987
MamGypLTR3	-1.34236510432806	0.152	6716	3	7.607
MLT1F1-int	0.562062098611077	0.67	130	3	2.032
X2b_DNA	0.0431998819484232	1	16393	2	1.941
MER51C	-0.209141397838592	1	436	2	2.312
LTR35A	3.12658049656514	0	19733	10	1.145
MER97b	-Inf	0.418	598	0	2.207
MamGypsy2-LTR	-0.937193711170317	0.168	922	5	9.574
Eulor9A	-Inf	0.584	12	0	1.351
MLT1J2-int	-0.574343753920013	0.642	1065	5	7.445
MER34D	1.65653532384547	0.016	45	10	3.172
MER51-int	-0.292276927956856	0.92	3422	7	8.572
MER65C	0.328978432406512	0.586	84	10	7.961
UCON55	0.181803870978292	0.89	4091	5	4.408
LTR12B	-0.653977178636337	0.768	128	2	3.147
MamTip3B	0.234465253637023	0.682	2066	11	9.35
MER57D	0.557719964747416	0.404	74	8	5.435
U17	-Inf	1	4411	0	0.108
LTR35	3.35951127769552	0	530	14	1.364
MER50B	0.329159664118438	0.548	3329	11	8.756
LTR1D	-1.25005202530037	0.332	160	2	4.757
MSTA1-int	-Inf	1	6215	0	0.449
UCON19	-Inf	1	327	0	0.356
L1MDb	-0.628656961947134	0.412	2894	8	12.369
UCON7	-Inf	0.58	185	0	1.394
MLT1G-int	0.342512427043455	0.806	3680	3	2.366
LTR31	-0.633663696866632	0.85	299	2	3.103
L1M3c	-1.8425766307707	0.014	2818	4	14.346
HERVK22-int	2.23333417161837	0	246	36	7.656
LTR17	0.154718407010697	0.756	10252	13	11.678
MER83B	-0.6959938131099	1	836	1	1.62
PrimLTR79	0.387411593301282	0.872	3756	2	1.529
LTR27	-2.10601323762212	0.15	426	1	4.305
HERV30-int	0.530114023725536	0.774	4849	2	1.385
MER74C	-Inf	0.16	354	0	2.85
PABL_A-int	-0.199122642013601	1	11268	6	6.888
LTR1	0.243403649498285	0.858	829	4	3.379
MER99	-0.296702118599189	1	15494	3	3.685
UCON26	1.38332863955151	0.062	1457	6	2.3
FordPrefect	-0.185957135562275	0.962	5003	7	7.963
tRNA-Asp-GAY	1.23107466443625	0.7	476	1	0.426
L1M3e	-1.45338588036645	0.074	6991	4	10.954
SSU-rRNA_Hsa	-Inf	0.778	596	0	0.962
HUERS-P3b-int	0.60988264633367	0.334	17999	12	7.863
LTR6B	2.68465672090016	0	208	13	2.022
LTR38A1	2.29021923516002	0.002	12248	9	1.84
EUTREP15	1.42856588412349	0.084	112	6	2.229
HERVS71-int	1.05889368905357	0.142	2329	9	4.32
HERVK11-int	3.07675119245981	0	1	42	4.978
EUTREP14	-0.517695630642583	0.762	5816	3	4.295
LTR90A	1.17299399036102	0.064	74	10	4.435
THE1-int	-Inf	0.188	5156	0	2.545
L1M6B	-0.05067582031712	1	12	8	8.286
LTR86B2	-0.164357223852924	1	3849	3	3.362
X2a_DNA	0.41888982477445	0.574	3928	6	4.488
EUTREP4	-1.6959938131099	0.372	4532	1	3.24
UCON48	1.16942014652246	0.168	2229	5	2.223
LTR69	1.07248275380152	0.27	3363	4	1.902
LTR1F2	-0.944108799107955	0.848	4762	1	1.924
Tigger6b	-1.1479578813871	0.814	383	1	2.216
HY5	-Inf	1	2710	0	0.229
MER89-int	-1.56315813040281	0.138	1378	3	8.865
tRNA-Glu-GAG	-Inf	1	4584	0	0.166
tRNA-Thr-ACG_	-Inf	1	405	0	0.119
L1MEg1	-0.635522241459754	0.426	1946	8	12.428
UCON96	-Inf	1	445	0	0.18
LTR2752	-0.870660626679281	0.572	235	2	3.657
X24_DNA	0.328857623911978	0.706	20293	6	4.777
UCON1	0.15521264992094	0.996	3304	3	2.694
UCON84	-Inf	0.618	563	0	1.203
UCON12A	-Inf	1	29	0	0.25
Eulor2B	-Inf	1	8800	0	0.635
X21_LINE	0.878321443411748	0.84	902	1	0.544
tRNA-Ile-ATA	-Inf	1	4944	0	0.669
LTR1B0	0.618162916093953	0.75	231	2	1.303
LTR43	0.356077859959401	0.672	1621	7	5.469
UCON40	-1.449957483628	0.548	94	1	2.732
tRNA-Met	-Inf	1	3291	0	0.451
tRNA-Lys-AAG	0.547931769776189	1	210	1	0.684
MLT1N2-int	1.75633091903314	0.164	7813	3	0.888
MER70-int	-1.82700600963898	0.444	751	1	3.548
L1M3d	-1.84056394205016	0.13	4404	2	7.163
LTR5A	-2.14371993109492	0.132	1252	1	4.419
LTR34	1.80423246424478	0.002	376	12	3.436
L1M3de	-1.73573878191235	0.228	733	2	6.661
HERV17-int	0.701537184813979	0.144	544	24	14.758
UCON99	-Inf	1	459	0	0.559
MSTB1-int	0.578197718842734	0.526	393	5	3.349
L1PBb	-0.233888060174277	0.954	265	5	5.88
EuthAT-N1a	-Inf	1	1123	0	0.539
MER68C	0.0402298447885327	1	3386	2	1.945
LTR3B	1.65744525452268	0.16	349	3	0.951
MER76	0.461792957565335	0.404	443	12	8.713
CR1-12_AMi	-0.561692721398309	1	511	1	1.476
MER97a	-0.836732080459136	0.758	78	2	3.572
MLT1H2-int	-0.596776158967501	0.8	136	3	4.537
LTR47B4	-Inf	0.606	294	0	1.261
LTR19-int	0.332789087519129	0.78	431	4	3.176
tRNA-Ser-AGY	-Inf	1	386	0	0.152
UCON66	0.432454552356253	1	57	1	0.741
HERVIP10B3-int	1.37363874367955	0.048	118	12	4.631
Merlin1_HS	-Inf	1	1032	0	0.715
LTR108a_Mam	1.65896308216493	0.156	13	3	0.95
MSTC-int	-0.669480371877426	0.83	728	2	3.181
X10b_DNA	0.265344566520995	0.866	450	4	3.328
tRNA-Leu-TTA(m)	-Inf	1	650	0	0.279
MER83B-int	0.910501849160897	0.28	90	7	3.724
Eutr2	0.240134003723715	0.876	1230	3	2.54
UCON39	-Inf	0.668	839	0	1.134
UCON5	-Inf	0.556	540	0	1.255
MER61F	3.16795213672299	0	1491	19	2.114
LTR1A1	-Inf	0.012	704	0	5.22
UCON93	1.8520421186129	0.488	1023	1	0.277
GSAT	-Inf	0.286	155	0	2.002
MLT1-int	-0.606442228131608	0.914	200	2	3.045
MLT1A-int	1.38182400353031	0.016	4308	15	5.756
LTR72B	-0.93432777831537	0.938	1481	1	1.911
MLT1E1A-int	-Inf	0.738	22924	0	1.155
LTR27E	0.34098882880185	0.824	4277	4	3.158
L1P4b	1.10469737866669	0.228	10046	5	2.325
L1M2b	-0.607862902831235	0.926	1824	2	3.048
Eulor9B	-Inf	1	12935	0	0.278
L1M3a	-2.02307788812136	0.104	2667	2	8.129
L1P3b	-Inf	0.704	12353	0	1.202
CR1-11_Crp	1.98850436116217	0.446	1481	1	0.252
UCON31	-Inf	0.52	419	0	1.348
hAT-4b_Ther	0.51921787559602	0.654	910	4	2.791
MER97d	-Inf	0.44	748	0	1.802
LTR22C0	1.08926733809709	0.386	865	3	1.41
LTR68	1.26153478266022	0.044	3189	10	4.171
CR1-L3B_Croc	-Inf	1	1312	0	0.351
L1M2c	-0.174406418529749	0.996	4892	6	6.771
LTR12_	-0.552278690990436	0.51	1822	5	7.332
UCON6	-Inf	0.76	1342	0	1.034
CR1-13_AMi	2.22296961479919	0.012	57	5	1.071
PRIMAX-int	-Inf	1	2457	0	0.856
UCON28b	-Inf	0.896	94	0	0.822
LTR28	-Inf	0.284	347	0	2.088
L1MEa	0.0981966497492561	0.942	336	5	4.671
L1M2a1	-Inf	0.378	1273	0	2.05
MER132	-Inf	1	3637	0	0.392
X2_LINE	0.500898235932682	0.712	3685	3	2.12
Eulor4	1.43830727860169	0.528	315	1	0.369
UCON8	0.388355456626339	0.808	45	3	2.292
MARE6	1.81730770248381	0.016	2835	8	2.27
X22_DNA	-Inf	1	1378	0	0.279
MER125	0.401634794676355	0.886	173	2	1.514
Eulor6B	1.53951952995999	0.304	1102	2	0.688
MER68B	-0.948849996106511	0.428	580	3	5.791
UCON12	0.564904848379903	1	3391	1	0.676
UCON85	1.76121314041288	0.508	2191	1	0.295
MER123	-Inf	1	1166	0	0.506
MER95	-0.702214251010441	1	5480	1	1.627
Eulor6A	1.49817873457909	0.592	6456	1	0.354
UCON97	-Inf	1	2425	0	0.436
Eulor5A	1.07501335441685	0.354	696	3	1.424
UCON64	-Inf	1	1466	0	0.189
MARE11	-Inf	1	3595	0	0.141
MER61C	2.92139016530363	0	2565	29	3.828
HERVK14-int	1.62265702406889	0.008	545	19	6.17
AluYk12	-Inf	0.64	2854	0	1.146
MER92A	-0.795766947782392	1	256	1	1.736
MER61E	3.01778215368442	0	699	32	3.951
UCON69	-Inf	1	179	0	0.268
MER133A	-Inf	1	3017	0	0.527
UCON24	-Inf	1	959	0	0.195
tRNA-Arg-AGA	2.87478975244149	0.02	1043	3	0.409
LTR18A	-1.26483664846778	0.648	774	1	2.403
HERVL18-int	-Inf	0.024	41	0	7.649
MLT1O-int	2.75633091903314	0.256	11	1	0.148
UCON60	-Inf	1	34	0	0.392
MER72B	1.52165679609948	0.058	80	7	2.438
LTR47B3	1.04097178105631	0.322	40	3	1.458
Eulor9C	-Inf	0.706	21	0	1.061
L1M3b	-3.03878733050557	0.02	8	1	8.218
LTR1B	-0.717502786611249	0.636	2	3	4.933
LTR25-int	1.24759392878462	0.02	16	20	8.423
LTR9C	0.873027143742235	0.362	49	4	2.184
UCON80	-Inf	1	53	0	0.455
MARE10	-Inf	0.838	2	0	0.886
HUERS-P2-int	-1.06281249240502	0.556	48	2	4.178
MER92D	0.9862161845669	0.248	138	5	2.524
MER110-int	-2.3953370500727	0.16	23	1	5.261
MER83C	-0.938097561074093	0.898	34	1	1.916
L1P4a	-Inf	0.002	85	0	9.712
LTR53-int	-0.646469907726809	0.798	99	3	4.696
L1P4d	0.261880711217424	0.858	20	3	2.502
HERVP71A-int	-0.563320861782021	0.822	97	3	4.433
Charlie3	-1.37712374912949	0.292	109	2	5.195
Eulor3	-Inf	1	44	0	0.425
UCON101	0.402270203204966	0.77	37	3	2.27
MER101B	-1.63923216324928	0.492	1	1	3.115
Eulor6D	-Inf	0.864	53	0	0.886
HERVL32-int	1.81096617560998	0.1	65	6	1.71
LTR58	1.13447704086004	0.502	9	2	0.911
tRNA-Arg-CGY_	3.56775321068893	0	55	6	0.506
Eulor8	-0.648005179810493	1	2	1	1.567
Ricksha_b	-Inf	0.496	7	0	1.726
LTR22E	3.62174952165438	0	15	17	1.381
LTR73	-0.482332020747376	0.984	30	2	2.794
UCON25	0.878321443411748	0.844	12	1	0.544
MER57C2	-Inf	0.006	27	0	5.402
UCON28c	0.415037499278844	1	26	1	0.75
X13_LINE	0.869508373605439	0.46	51	3	1.642
Eulor6C	-Inf	1	73	0	0.236
LTR35B	-0.233888060174277	1	52	2	2.352
LTR22B	-Inf	0.432	47	0	1.622
L1PBa1	-0.582556003014061	0.488	45	6	8.985
tRNA-Phe-TTY	0.15521264992094	1	91	1	0.898
UCON2	-0.636914580355878	1	9	1	1.555
UCON51	-Inf	1	4	0	0.493
UCON15	-Inf	1	17	0	0.557
Tigger17b	-0.220329954879555	1	3	1	1.165
UCON27	-Inf	0.656	14	0	1.14
LTR27D	-0.814755482809874	0.71	1	2	3.518
UCON83	-Inf	1	4	0	0.539
Eulor2C	-Inf	1	31	0	0.443
UCON62	-Inf	1	7	0	0.28
Eulor11	-Inf	0.682	15	0	1.152
LTR5	-Inf	1	26	0	0.271
ALR/Alpha	-Inf	0	2	0	122.706
MLT1G3-int	-0.598841578133285	0.966	12	2	3.029
LTR19C	2.7385694798688	0	15	12	1.798
HERVH48-int	-0.469365053704844	1	12	2	2.769
LTR30	3.22957028990902	0	13	18	1.919
MER134	-Inf	0.758	37	0	0.951
LTR52-int	-Inf	0.372	6	0	2.146
UCON28a	-0.446785562143122	1	12	1	1.363
Eulor7	-Inf	1	43	0	0.129
MSTB2-int	-Inf	0.634	31	0	1.336
MER133B	-Inf	1	223	0	0.426
HERVKC4-int	3.12448203068115	0	179	9	1.032
HERVE_a-int	1.72958606380061	0.01	316	13	3.92
LTR70	-1.10097764772482	0.84	7	1	2.145
tRNA-Cys-TGY	0.56277226108709	0.778	9	2	1.354
LTR22	0.879648059634778	0.58	1111	2	1.087
UCON103	2.73696559416621	0.282	234	1	0.15
MER67D	0.691872155821259	0.12	161	20	12.381
MER87B	-Inf	0.236	214	0	2.552
Charlie11	1.14454177996439	0.392	1799	3	1.357
MER88	-Inf	0.62	250	0	1.333
LTR108e_Mam	0.522150008316135	0.686	34	3	2.089
MER92C	2.12763087523614	0.01	245	6	1.373
UCON9	-Inf	1	19	0	0.524
LTR10G	1.0067483352487	0.372	208	3	1.493
HERVI-int	1.86174721887623	0.042	14	7	1.926
LTR25	1.87249878078416	0.004	642	10	2.731
LTR60	2.2688167584278	0.168	45	2	0.415
LTR3	3.03741396164312	0	59	10	1.218
HERVK3-int	2.5025153686808	0	23	32	5.647
L1P	-0.641546029087524	1	100	1	1.56
hAT-16_Crp	-Inf	1	50	0	0.254
LTR108d_Mam	1.24297675349254	0.426	38	2	0.845
LTR18C	-Inf	0.874	33	0	0.874
MER83A-int	-Inf	0.582	33	0	1.512
tRNA-Leu-CTA_	-Inf	1	31	0	0.089
tRNA-Gln-CAA	3.38835545662634	0.032	138	2	0.191
LTR10B1	0.549338590990435	0.656	43	3	2.05
Charlie6	-0.231022726479888	1	29	3	3.521
LTR72	-0.0179219079972623	1	38	2	2.025
EuthAT-N1	1.72102405029718	0.154	31	3	0.91
tRNA-Met-i	3.10780328953451	0.002	22	4	0.464
MARE9	-Inf	1	50	0	0.171
SST1	-Inf	0.026	207	0	5.9
REP522	-0.529571107573895	0.98	102	2	2.887
tRNA-Lys-AAA	3.85725982788392	0	129	7	0.483
tRNA-Asn-AAT	-Inf	1	75	0	0.022
X1_LR	-Inf	1	68	0	0.164
MLT1E1-int	1.10159814000781	0.604	235	1	0.466
SATR1	-0.330443668229009	0.722	119	10	12.574
tRNA-Ala-GCY_	1.32012585225338	0.414	136	2	0.801
UCON23	-Inf	1	339	0	0.34
tRNA-Ser-TCY	4.21089678249862	0	173	3	0.162
MER76-int	-Inf	0.506	172	0	2.055
MLT1C-int	-0.733788168625182	1	208	1	1.663
tRNA-Ile-ATT	1.97709959788992	0.18	107	2	0.508
tRNA-Leu-CTG	5.02718482932623	0.002	138	3	0.092
tRNA-Gly-GGY	1.62593428177746	0.536	245	1	0.324
LTR14C	3.20733896308543	0	575	15	1.624
UCON18	1.69899774396719	0.506	360	1	0.308
UCON59	-Inf	1	154	0	0.462
LTR47B	0.902389203373578	0.738	194	1	0.535
tRNA-Pro-CCG	-Inf	1	109	0	0.042
tRNA-Pro-CCY	3.70839644196944	0.026	123	2	0.153
Eulor5B	-Inf	1	44	0	0.425
LTR38C	2.92869496592687	0	412	12	1.576
UCON94	1.68965987938785	0.486	15	1	0.31
HERV1_LTRa	2.54371951848927	0.104	22	2	0.343
MLT1L-int	1.2086721173841	0.316	236	3	1.298
L2-3_AMi	-Inf	1	45	0	0.123
tRNA-Tyr-TAC	3.66200353648498	0.002	96	5	0.395
Charlie7b_Mars	-Inf	1	38	0	0.682
UCON71	-Inf	1	16	0	0.175
LTR108c_Mam	1.00288827932483	0.738	24	1	0.499
LTR108b_Mam	0.641603738043346	0.846	14	1	0.641
ERVL47-int	-0.678071905112638	0.878	16	2	3.2
LTR59	1.8375321323847	0.06	32	5	1.399
Chompy-7_Croc	-Inf	1	64	0	0.197
MER136	-Inf	1	20	0	0.33
UCON17	-Inf	1	12	0	0.357
EutTc1-N1	-Inf	1	29	0	0.606
UCON61	-Inf	1	125	0	0.164
SATR2	-1.28826011495619	0.23	59	3	7.327
MER57E3	0.168122758808327	0.95	17	3	2.67
HSAT4	-1.39066768555967	0.652	282	1	2.622
Eulor6E	-Inf	1	259	0	0.332
U8	2.66200353648498	0.094	24	2	0.316
tRNA-Thr-ACY	2.82623293226329	0.264	141	1	0.141
L1P4c	-0.36737106564853	1	180	1	1.29
tRNA-Leu-TTG	1.77595972578207	0.514	207	1	0.292
HERVK11D-int	2.57489881737646	0.002	43	6	1.007
(GAATG)n	-Inf	0.246	228	0	1.953
UCON67	-Inf	1	40	0	0.218
tRNA-Val-GTA	3.8059129478837	0.032	49	2	0.143
tRNA-Leu-CTY	-Inf	1	109	0	0.295
HERV1_I-int	2.34373246520571	0.01	28	6	1.182
HSATI	-Inf	1	70	0	0.432
MER9B	3.64385618977472	0	6	6	0.48
EUTREP6	-Inf	1	33	0	0.13
MLT1E-int	-Inf	1	50	0	0.149
tRNA-Ser-TCA	-Inf	1	49	0	0.007
tRNA-Trp-TGG	3.05889368905357	0.23	19	1	0.12
UCON75	-Inf	1	27	0	0.283
tRNA-Ser-TCG	4.89969509420431	0.004	31	2	0.067
Tigger1a_Mars	-Inf	1	18	0	0.602
UCON100	-Inf	1	40	0	0.185
LTR43-int	-Inf	0.582	56	0	2.161
LSAU	-Inf	0.8	710	0	1.04
HERV1_LTRe	-Inf	1	83	0	0.323
HERV-Fc1_LTR1	-Inf	1	15	0	0.143
HERV-Fc1_LTR2	-Inf	1	308	0	0.035
HERV-Fc2-int	-Inf	1	267	0	0.166
HERV-Fc1-int	-Inf	1	1379	0	0.142
U14	-Inf	1	227	0	0.07
UCON56	-Inf	1	148	0	0.148
Chompy-6_Croc	-Inf	1	243	0	0.124
HERV1_LTRc	3.48681247962914	0	965	5	0.446
tRNA-Ala-GCA	1.32192809488736	0.684	188	1	0.4
HERV15-int	0.796694417854319	0.512	162	3	1.727
HERV-Fc1_LTR3	4.21089678249862	0.108	47	1	0.054
tRNA-Ala-GCY	4.68038206579984	0	25	5	0.195
UCON87	-Inf	1	60	0	0.067
tRNA-Pro-CCA	-Inf	1	457	0	0.091
HERV1_LTRb	3.93236128312464	0.008	568	2	0.131
UCON68	-Inf	1	971	0	0.123
GSATX	-Inf	0.826	420	0	1.099
CRP1	-Inf	1	192	0	0.054
tRNA-Tyr-TAT	-Inf	1	765	0	0.049
tRNA-Arg-CGA	3.35107444054688	0.192	327	1	0.098
Charlie12	-Inf	1	69	0	0.314
UCON92	-Inf	1	105	0	0.187
tRNA-Ala-GCG	3.47393118833241	0.172	182	1	0.09
LTR109A2	-Inf	1	708	0	0.33
CER	-Inf	0.068	429	0	3.215
HSAT5	-Inf	0.728	75	0	2.417
LTR22C	-Inf	1	1005	0	0.206
tRNA-Arg-AGG	3.49817873457909	0.032	1055	2	0.177
CR1-8_Crp	-Inf	1	987	0	0.061
SAR	2.74661576419993	0.268	891	1	0.149
tRNA-Thr-ACY_	2.9105018491609	0.254	937	1	0.133
tRNA-Leu-CTA	-Inf	1	940	0	0.016
tRNA-Arg-CGA_	-Inf	1	621	0	0.018
tRNA-Arg-CGG	-Inf	1	58	0	0.17
tRNA-Thr-ACG	-Inf	1	231	0	0.027
HSAT6	-Inf	1	670	0	0.136
tRNA-Ile-ATC	-Inf	1	702	0	0.047
(CATTC)n	-0.341416524478722	1	606	1	1.267
ACRO1	-Inf	0.958	2330	0	0.96
tRNA-SeC(e)-TGA	-Inf	1	875	0	0.033
D20S16	-Inf	0.608	1235	0	4.239
tRNA-His-CAY	-Inf	1	394	0	0.008
MLT1M-int	-Inf	1	80	0	0.019
tRNA-Ser-TCA_	4.608232280044	0.08	74	1	0.041
