	log.enrich	pval	total	real.overlap	random.mean
TAR1	0.971902393825041	0.196	64	6	3.059
L1MC5a	-0.602509607311373	0	35	346	525.351
MER5B	0.245224658906534	0.002	1317	808	681.697
MIR3	0.879398832553949	0	762	4425	2405.403
Charlie15a	0.503306551381232	0.002	1428	125	88.186
L2a	0.0519078420866506	0.046	86	5003	4826.193
L3	0.34477498987511	0	1700	1618	1274.063
Plat_L3	0.471137973440732	0	8195	129	93.06
MLT1K	0.453268652644965	0	121115	694	506.888
MIR	0.462975665701931	0	47320	6690	4853.517
L2b	0.813369451462129	0	117446	4564	2597.15
MIR1_Amn	1.27473512324895	0	12658	774	319.895
L2c	0.208063656888274	0	38726	4164	3604.768
AluSp	-0.815176084255512	0	4259	1086	1910.831
MER33	-0.243498801233305	0.028	21085	229	271.104
MIRb	0.740946489324545	0	44393	10419	6234.174
L1MB3	0.293075447226265	0.004	12565	661	539.482
MER53	0.313578245589529	0.016	6031	202	162.538
MLT1A	-0.146397835148488	0.15	67237	238	263.419
MIRc	0.748532179871921	0	12718	4669	2779.03
AluJo	-0.331817200236464	0	1575	1039	1307.683
L1MB5	0.172678437608774	0.132	53394	335	297.21
Alu	-0.723170981749173	0	1683	124	204.7
L1PA6	-1.47209280087965	0	129556	104	288.521
L1P1	-2.01232603311604	0	110941	28	112.961
MLT1L	-0.0597435731168952	0.53	40018	328	341.868
MLT1J2	-0.274985102978045	0.03	12119	163	197.227
AluJr	-0.412294561671743	0	122105	2469	3285.747
Charlie5	-0.0427243737481935	0.912	42260	70	72.104
MLT1F2-int	-0.932968241502754	0.304	101596	5	9.546
MLT1F2	-0.473471228229534	0	3853	130	180.498
AluSx	-0.454397760087242	0	405	2672	3661.203
AluSx3	-0.737812928622597	0	2715	672	1120.658
LTR16C	0.859927994270003	0	383	351	193.394
ERVL-E-int	-0.0816195802063576	0.56	6889	263	278.308
MamRep1527	-1.30275771563804	0	581	15	37.005
L1MA8	-1.61225772145121	0	229	117	357.704
L1ME3G	-0.556559386485891	0	1343	367	539.768
L1MA9	-1.74888228789591	0	199	156	524.313
LTR12F	-1.95880556363946	0.002	2082	5	19.437
MER45A	0.737266186945893	0	857	160	95.98
MER58A	-0.406015202007856	0	665	286	378.956
L1PA14	-1.61197234368156	0	161	36	110.041
AluYj4	-0.652889108850334	0	502	51	80.188
L2	-0.204926320542878	0	178	1361	1568.726
FLAM_A	-0.68148291048241	0	462	254	407.362
MER47A	-0.303763982999324	0.168	44	61	75.296
L1ME4c	-0.415414273406985	0	2913	201	268.07
AluSc	-0.664620546843667	0	176	694	1100.095
L1PA4	-2.30171891655358	0	100	107	527.558
LTR89	0.362528860115241	0.208	6900	40	31.112
L1MC	-0.827522862909884	0	6210	129	228.928
L1PA7	-1.6934330902087	0	1117	177	572.463
L1PA16	-1.92548345704439	0	4835	131	497.622
L1PA2	-4.0670363210131	0	2633	14	234.654
AluSz	-0.449897817826798	0	671	2549	3481.79
L1M2	-1.10222409172051	0	2360	137	294.119
L1PREC2	-1.80707500697767	0	1183	81	283.445
L1PB	-1.39568602085039	0	2347	22	57.885
Tigger5b	-0.646538873351665	0.014	727	49	76.705
AluSc5	-0.402034020967829	0.008	1016	92	121.566
Tigger5	-1.11112672557226	0.06	707	7	15.121
L1M5	-0.705558241784585	0	2162	802	1307.882
L1M4	-1.29307614674767	0	1956	250	612.625
HAL1M8	-0.755314904045098	0.012	86	41	69.208
LTR103b_Mam	0.0708823329235248	0.892	498	18	17.137
MLT1H2	-0.138298829334307	0.39	1431	122	134.274
AluYk2	-0.883762304795972	0	1939	105	193.744
MER4D1	-1.56059268700198	0	1157	16	47.196
MER4CL34	0.337521029576748	0.282	307	35	27.699
L5	0.0450769848453291	0.906	276	21	20.354
MLT1H	-0.194778772200097	0.054	113	257	294.149
AluY	-0.817940273860115	0	23	1642	2894.661
MLT1I	-0.24120260707089	0.01	561	267	315.588
MamRep605	-0.705495744768612	0	408	61	99.473
LTR33	0.229080748376521	0.022	521	314	267.898
MSTB1	-1.07176266930009	0	3250	68	142.936
AluSq	-0.600109129241889	0	1942	237	359.252
MLT1C	0.669911015036986	0	1476	308	193.592
AluJb	-0.486743443651941	0	1474	2426	3399.501
FAM	-0.979525420688256	0	550	60	118.309
AluSq2	-0.496746494981264	0	1251	1076	1518.266
L1ME3E	-0.419401409899885	0.03	543	102	136.412
LTR33B	-0.341922511346123	0.26	2509	36	45.628
MER65D	0.31747957864579	0.516	1620	17	13.642
MLT1D	0.174714662259525	0.014	5856	646	572.319
THE1C	-1.36738578094518	0	3087	114	294.123
L1MA5	-1.57731522077003	0	891	50	149.207
FLAM_C	-0.683236038902391	0	772	419	672.804
SVA_E	-2.01906136509343	0	1121	5	20.266
AluSg	-0.746229498823533	0	1506	754	1264.762
MER1A	0.103629436255495	0.512	1289	106	98.653
MER21C	-0.342597199036051	0.034	1094	134	169.917
LTR41	-0.542139592614665	0.138	517	23	33.491
L1MB8	-0.610195337999698	0	986	337	514.419
Tigger12	-1.19586295903611	0.004	1465	11	25.199
LTR37A	-0.128603941836694	0.636	2095	51	55.755
AluSg4	-0.645252922088995	0	3743	223	348.775
MER11B	-4.30655389949654	0	342	1	19.788
L1ME4b	-0.322805067726479	0.002	467	571	714.184
AluJr4	-1.05964198904499	0	620	169	352.266
U6	-1.53956208883595	0	812	16	46.513
MER8	-1.07094410391857	0	266	26	54.621
Charlie29b	-0.687705724509906	0.04	919	25	40.268
AluSx1	-0.248538033099543	0	2908	2659	3158.899
MSTD	-0.938528685950418	0	6037	117	224.239
AluSg7	-0.767976773533973	0	2609	100	170.288
AluSz6	-0.623621041380824	0	264	777	1197.153
Charlie4z	0.310855869134839	0.008	3983	202	162.845
MLT2B3	-0.878743846229647	0	1465	53	97.455
MER31-int	-1.38455995356175	0.012	58	13	33.942
MER92-int	-1.36340048295137	0.02	4420	11	28.302
MER34A	-0.373795828587312	0.238	1322	33	42.76
L1MC3	-0.96967614210181	0	1037	217	424.973
MSTA1	-0.510685778968203	0.334	14	11	15.672
MER4A1	-0.608938240935678	0.01	17	44	67.106
MER4E	-1.18643716894786	0.02	1729	10	22.759
AluYc	-0.909028047282909	0	66	100	187.778
MER4A	0.0569469195463647	0.88	24	27	25.955
Charlie30a	0.237183474018894	0.608	132	15	12.726
MER31B	-0.15717641141648	0.62	102	39	43.489
L1MA4	-1.80088670718573	0	309	102	355.403
FRAM	-0.357789380338619	0	1348	434	556.154
MER112	-0.515481618800257	0	5	87	124.364
Ricksha_0	-0.233765376808339	0.822	320	10	11.759
Tigger4b	-2.00713568693703	0	38	18	72.357
Charlie20a	-0.215537411987677	0.664	6	22	25.545
L1MD3	-0.655630192955903	0	388	102	160.681
AluYf1	-0.484469620126091	0.02	172	42	58.761
L1MC4a	-0.683048814430572	0	435	189	303.445
MER39B	-1.08690362615467	0.004	379	17	36.111
L1ME1	-0.963779331685235	0	6685	509	992.76
LTR9B	-1.03400436757658	0.02	1117	10	20.477
MER5A	0.251143286226629	0	4138	1142	959.543
MER4E1	-1.00885436438396	0.008	9119	16	32.197
MLT1E3	-0.160019044133219	0.55	831	53	59.217
LTR37B	-0.894952288641657	0	211	31	57.646
MLT1O	-0.0181694729804861	0.94	85	141	142.787
MSTA	-1.04972962307896	0	39	282	583.78
MER103C	0.205773495525463	0.018	103	285	247.116
LTR39	-0.0299064846485169	1	57	37	37.775
L1ME3B	-0.975794811720711	0	68	127	249.774
L1PA5	-1.85024711878778	0	58	134	483.153
L1ME3D	-1.26426951856962	0	40	54	129.711
L1P4	-2.27014267697788	0	38	24	115.769
L1MA2	-1.85217010059612	0	32	77	278.003
LTR22C2	-1.17376706773671	0.674	126	1	2.256
L1PA15-16	-2.22917771658466	0	43	12	56.264
L1ME3A	-0.39461377821029	0	30	369	485.084
L1PA8A	-1.89755596939825	0	63	27	100.597
L1PA8	-1.348563345949	0	21	113	287.764
L1PA10	-1.62232020287095	0	77	86	264.768
L1MEd	-0.848316903532688	0	31	283	509.513
ERVL-int	-1.15450760091725	0.02	12	12	26.713
L1MA7	-1.80337012230105	0	145	78	272.247
L1M7	-1.02499728565624	0	125	45	91.573
HAL1b	-0.702748458327861	0	30	78	126.953
MLT1H1	-0.189513310919957	0.278	106	95	108.336
THE1B	-1.54753819424892	0	1166	229	669.408
THE1B-int	-3.79602662613882	0	82	12	166.686
MLT1H1-int	-0.420916509202605	0.604	51	9	12.049
LTR64	0.281979880560101	0.608	996	13	10.692
THE1D	-1.35753093972835	0	620	147	376.682
tRNA-Gln-CAA_	0.232768962976124	1	659	1	0.851
tRNA-Ser-TCA(m)	1.24810786159569	0.438	524	2	0.842
MER124	0.458536430538114	0.14	682	29	21.104
L1PA11	-2.04228490897377	0	232	38	156.521
MER3	0.101435206466396	0.282	441	323	301.07
MER5A1	0.414529469729805	0	411	583	437.404
L1ME3	-0.250321436261307	0.044	393	233	277.147
L1MEg	-0.972160460870191	0	197	210	411.973
L1MC4	-0.78035879370637	0	424	414	711.069
LTR104_Mam	-0.393076192030389	0.136	834	42	55.154
BLACKJACK	-2.02027994399219	0	301	16	64.906
L1M3	-1.15330543940174	0	13	96	213.526
LTR7	-0.605711614639499	0.002	279	48	73.043
MER67C	-1.9041357488404	0	269	13	48.657
LTR67B	0.0199712819880717	0.844	61	107	105.529
LTR79	-0.208296540325497	0.214	197	99	114.377
Charlie1b	-0.568233432125523	0.008	4362	58	85.997
Charlie1a	-0.860995894405322	0	15391	96	174.364
Tigger3a	-0.627826535094462	0	25202	102	157.614
MER113A	0.511243806678969	0.008	614	81	56.831
MER44B	-1.26539073202366	0	281	26	62.502
Chap1a_Mam	-0.0468402542029725	0.93	20741	38	39.254
MLT1C2	0.950352289843642	0	39	905	468.343
L1M8	-1.11869195279181	0.004	175	24	52.116
MER102c	0.300049906314125	0.044	53	107	86.908
L2d2	0.0184289332876826	0.64	21741	1484	1465.164
Tigger7	-0.508437247394944	0.032	4461	59	83.928
MER41D	0.816248843690671	0.046	2273	24	13.63
HAL1	-0.526604233845152	0	7554	449	646.8
MLT1A1	-0.325683284115527	0.008	590	159	199.268
LTR78	-0.149219027036723	0.366	1483	129	143.057
SVA_D	-1.4810528612357	0	23	21	58.622
L1M4b	-2.09519656129197	0	235	32	136.731
UCON76	-0.999639281148042	0.478	920	2	3.999
MLT1B	0.36286787838362	0	240	661	514.005
L1MC1	-0.883890313798218	0	473	235	433.656
L2d	0.126270694830109	0.028	332	854	782.432
L1PA3	-3.22741592289713	0	361	54	505.758
Charlie19a	0.12979969947665	0.602	435	48	43.87
L1ME4a	-0.43546918523389	0	1129	619	837.105
LTR2C	0.824017726544712	0.116	17	15	8.473
L1MB4	-0.434444592997546	0	3	210	283.792
BSR/Beta	-4.46607238165902	0	5	2	44.203
AluSc8	-0.445994506438246	0	6	439	598.029
MER101-int	-2.57974333946164	0	4	6	35.87
LOR1-int	-3.48336436071335	0	5	4	44.736
LTR57-int	-2.56827537178828	0.008	49	2	11.862
HERVK9-int	-1.85289774367121	0	27	8	28.898
MER9a2	-1.23633953916837	0.098	10	4	9.424
MER102a	0.3083212112482	0.034	34	105	84.796
MER67A	-0.560932293287919	0.452	16	9	13.277
MER2	-1.09222407782644	0	34	122	260.107
HERV16-int	-0.00490659102258575	1	122	59	59.201
X24_LINE	-1.14283351116706	0.034	1930	7	15.457
L1MEc	-0.928339160558567	0	916	298	567.119
MER63B	0.529327680684379	0.004	322	98	67.902
MER4A1_	-0.0498630670634632	1	72	12	12.422
MLT1G1	0.0872135274550941	0.576	627	115	108.254
AluYa5	-1.77812970971763	0	349	32	109.754
L1MD	-1.00584479932783	0	367	126	253.023
LTR12C	-0.642369250245888	0	229	73	113.945
LTR13A	0.537214737450369	0.324	257	10	6.891
Tigger19b	-0.0641490216008289	0.722	190	94	98.274
L1MEf	-1.14148861799679	0	284	164	361.798
L1M4a2	-2.00755433613827	0	114	16	64.336
MER49	0.113410835081818	0.654	132	45	41.598
L1ME2	-1.00125553128907	0	5931	201	402.35
MER50	-1.01898104824497	0	124	39	79.033
AluSx4	-0.88567092285799	0	88	186	343.658
L1PB1	-2.09457389798005	0	248	116	495.436
MamRep1151	-0.670328036185346	0.056	327	23	36.603
MER41B	-1.02797969558351	0	439	42	85.645
MER30	-0.617248983088191	0	258	76	116.58
Arthur1B	-0.11096667406615	0.696	286	62	66.957
LTR46	-1.30548419195875	0.19	43	3	7.415
MER9a1	-1.91494715047958	0.004	68	3	11.313
LTR13	-1.81048423497776	0.006	440	5	17.538
LTR13_	-Inf	0.354	81	0	1.692
MER54A	-1.29474326556113	0.018	449	9	22.08
MER68	-0.206386756262905	0.504	368	39	44.998
L3b	0.633342273038623	0	722	414	266.898
MER4B	-1.02150706127506	0	65	26	52.781
MER4B-int	-2.16449375496853	0	2403	11	49.314
AluYe5	-1.2177347957692	0	507	16	37.213
LTR16B1	0.345686674838599	0.14	137	45	35.412
AluSq4	-1.26129009525938	0	1398	20	47.942
AluYc3	-0.556797246592743	0.234	141	11	16.181
AluYh3	-0.646009007331784	0.148	393	12	18.778
MER20	0.680758275413371	0	254	756	471.621
hAT-1_Mam	-0.268348837161777	0.432	188	35	42.155
MER63D	-0.37716127680103	0.206	100	37	48.055
MER66C	-0.92768579518411	0.078	279	9	17.12
AluYk3	-0.795807684733251	0	19	102	177.077
MER66-int	-1.38521012917473	0.036	60	10	26.121
7SLRNA	-0.319841659879588	0.272	725	31	38.694
AluYh9	0.300093067625124	0.764	1829	5	4.061
MER74B	0.103405220012566	0.754	530	30	27.925
LTR5_Hs	-0.567788796727716	0.134	267	16	23.716
LTR2B	-1.39245481576404	0.056	790	4	10.501
Harlequin-int	-1.60240936918799	0.002	538	8	24.292
LTR75	-0.809002774939086	0.33	461	5	8.76
AluYa8	-2.35656641288637	0.01	576	2	10.243
LTR10A	-3.30012372456901	0.002	164	1	9.85
HERV9N-int	-Inf	0	23	0	10.368
HERVIP10F-int	-2.77631458511622	0	818	2	13.702
MER131	0.276514248593314	0.298	895	36	29.721
HUERS-P1-int	-2.25368678273227	0	852	4	19.076
LTR7B	-0.554025386397208	0.17	382	17	24.959
L1M1	-2.20860129411611	0	834	78	360.537
Charlie22a	0.0852731375122433	0.806	686	33	31.106
MER65A	-0.228869985407653	0.468	1568	36	42.189
MER65-int	-0.550129765420726	0.258	1642	23	33.677
MER52A	-0.942970659740305	0	778	29	55.752
MER52C	-0.0602070533110614	1	10162	13	13.554
MER83	0.184231710360335	0.73	9331	17	14.962
MER113	0.810571604442612	0	459	186	106.049
LTR26B	-0.019346088804812	1	128	4	4.054
LTR42	0.938460254635346	0.022	213	19	9.914
MER4D	-0.545509513472923	0.106	452	28	40.867
L1M4c	-2.2788149256454	0	7486	24	116.467
L1M4a1	-0.671084296343696	0.008	673	52	82.798
Tigger1a_Art	-1.08898959256785	0.35	589	4	8.509
MER65B	-0.571434115876509	0.716	1090	4	5.944
AluYi6	-0.352193537745032	0.558	532	10	12.765
L1P5	-0.625738061908648	0.128	498	14	21.602
OldhAT1	0.249785270740467	0.05	811	139	116.902
L1MC5	-0.736476347431606	0	694	256	426.522
ORSL-2b	-0.022687390070286	1	20797	20	20.317
AluYm1	-0.922567885416743	0	2713	72	136.475
Tigger1	-1.19537143588118	0	2113	185	423.657
Tigger16a	-0.787518930242392	0	4399	29	50.057
Arthur1A	0.407942153731592	0.094	3723	43	32.409
L1MEb	-0.250713571787462	0.404	46104	44	52.351
Tigger15a	-0.328379061824568	0.028	5437	108	135.605
X26_DNA	-0.641165176963568	0.092	740	17	26.513
Charlie15b	-0.382522337048566	0.17	3102	42	54.752
Tigger2	-1.82156893670663	0	1753	26	91.901
MER44A	-1.054480167386	0	4356	33	68.54
MER119	-0.418335279407731	0.266	5240	26	34.746
X7A_LINE	0.154524286468888	0.662	7599	28	25.156
MER1B	-0.128383805065473	0.356	9329	146	159.588
Charlie1	-1.57454771886446	0	10977	19	56.59
LSU-rRNA_Hsa	0.155830691759158	0.778	6355	13	11.669
LTR16E1	0.741960595226248	0	4601	122	72.947
ERV3-16A3_I-int	-0.175978744545584	0.258	3535	193	218.038
ERV3-16A3_LTR	0.433994828562041	0.102	5653	43	31.829
MLT2D	-0.494860800770445	0.002	8860	92	129.645
L1MB2	-0.474857160210103	0.002	11543	196	272.397
Charlie2b	-1.07108962607857	0	17080	51	107.152
MER81	0.65501130953999	0	6361	156	99.071
MER89	0.417522822969173	0.094	9323	55	41.179
MER91B	0.82272911744843	0	18216	70	39.576
MER31A	-0.403849410240088	0.208	9583	30	39.691
MLT1A0	-0.436709162922651	0	10120	448	606.374
MSTB	-0.733645476440386	0	23879	152	252.751
LTR18B	-0.509822499678158	0.452	17029	8	11.391
Charlie8	0.318465132409961	0.02	8093	155	124.298
MER46C	0.0401755717467919	0.874	13334	82	79.748
LTR81B	-1.23213444984425	0.002	6531	14	32.888
LTR40a	-1.09319795996291	0	13567	28	59.737
LTR81	-0.375019566218202	0.754	24233	7	9.078
MER58B	-0.329962857275759	0.008	10189	158	198.603
MER74A	0.8236471871717	0	14811	85	48.026
MER63A	0.727969613496051	0	18323	166	100.223
LTR52	-0.804604311041569	0.018	7351	18	31.44
Kanga1	-0.950406200862164	0.052	2184	12	23.189
MLT-int	-0.279649578557086	0.744	3320	10	12.139
Charlie16	-0.510438159953824	0.112	8747	29	41.31
MLT2C1	-0.679740015747321	0.002	7120	47	75.287
Tigger3c	-0.332018809419884	0.18	11235	53	66.715
MER91A	0.885622169058577	0	5553	185	100.132
MLT2B1	-0.685529977277579	0	7208	82	131.88
MER47B	0.181305229293249	0.642	1016	21	18.52
L1MB7	-0.564833747806981	0	32075	493	729.254
AmnSINE2	0.238593139259699	0.526	13123	21	17.799
MamRTE1	-0.305649562222234	0.002	7469	200	247.195
THE1A	-1.93664793166089	0	9350	33	126.329
MER45B	0.636060269232702	0.012	16176	62	39.895
LTR81C	-0.151927160128846	0.834	8464	19	21.11
MLT1J	-0.0256884663854814	0.78	3352	433	440.779
Tigger2a	-0.910511282136096	0	14582	52	97.745
MER66B	0.540482381241018	0.016	4406	61	41.94
LTR41C	-0.281022279174379	0.58	4645	18	21.871
MER34C_	-1.43844494635984	0.01	4641	7	18.972
MER58C	-0.486840541189185	0.02	19078	51	71.47
LTR26	-0.893439877316117	0.102	29875	10	18.576
BC200	-1.04792609536882	0.022	25168	9	18.608
LTR40c	0.0828195282990488	0.842	9612	19	17.94
MER34	-0.0629058157576997	0.9	3487	37	38.649
LTR19A	-0.721482033271716	0.232	368	8	13.191
L1MCc	-1.56087316758807	0	1753	34	100.311
AmnSINE1	0.301326782835681	0.076	18334	87	70.601
MSTA-int	-2.40287098244037	0	17206	22	116.348
HERVL-int	-1.27768033454927	0	11747	43	104.253
LTR27C	-Inf	0.038	13699	0	3.855
Tigger2b_Pri	-0.974185117077051	0.002	1034	32	62.865
MER117	0.659388519286398	0	761	191	120.931
LTR106_Mam	-0.31776713851222	0.548	3089	15	18.696
MLT1H-int	-1.08910262101047	0.008	5382	12	25.529
MER75	-0.307525673102515	0.608	2432	12	14.851
MLT2B4	0.281849018521966	0.106	170	166	136.541
Tigger17c	0.0300298988406832	0.986	3334	10	9.794
Tigger17d	0.473622953091225	0.332	1647	13	9.362
Charlie25	0.0547889140144973	0.916	3541	34	32.733
MER51A	-0.47750464277955	0.19	88	21	29.239
MER96	0.952680393184139	0	3933	67	34.617
LTR40b	-0.779668906150226	0.022	592	19	32.618
MLT1E2	-0.191609876306864	0.262	158	107	122.198
ERVL-B4-int	-0.926544737624608	0	107	71	134.951
MER107	-0.456881228985943	0.896	162	7	9.608
Arthur1C	0.0837235541944844	0.884	199	21	19.816
MER45C	0.357221424882028	0.252	809	45	35.13
THE1C-int	-3.32242264841134	0	7337	7	70.024
MER121	0.499170391193381	0.062	4243	37	26.178
L1PA12	-1.94300704882617	0	1835	16	61.521
AluYg6	-1.96458346277686	0	9214	6	23.418
LTR16A1	0.631224725602272	0	3079	121	78.121
MSTB-int	-1.58027707115934	0	8639	11	32.893
L1MDa	-1.16663272837644	0	1519	101	226.732
L1ME3Cz	-0.902473983049219	0	14511	227	424.324
L1ME2z	-0.562736271776195	0	4850	147	217.129
L1PA15	-2.27478691194567	0	5114	65	314.552
tRNA-Gly-GGA	-0.412510571249805	1	11102	2	2.662
UCON16	0.924125133024872	0.55	12283	2	1.054
Eulor10	0.902389203373578	0.572	11650	2	1.07
L1MA10	-0.963951665490293	0	6196	79	154.101
X30_DNA	-0.467522952748281	0.27	13418	15	20.741
L1MC2	-0.381051107686826	0.01	8382	155	201.855
MamTip2b	0.36414502206777	0	2467	240	186.463
UCON80_AMi	0.77349147019132	0.144	1911	10	5.85
L1ME3C	-0.716376383912126	0	13410	60	98.583
L1MEh	-0.401967700576811	0.078	2963	68	89.849
L1MA5A	-1.48473107432163	0	3726	40	111.946
LTR10B2	-0.0885939232689885	1	7713	3	3.19
LTR21C	0.518701058452435	1	2222	1	0.698
LTR62	0.47450379998545	0.358	468	14	10.076
THE1D-int	-1.71572082657652	0	336	28	91.969
MER44C	-0.806117796035629	0.02	8315	20	34.97
Charlie4a	0.21494060030096	0.258	55157	98	84.435
MER34C2	-0.664482840364682	0.282	949	11	17.435
MER39	-0.251487315749346	0.196	42	83	98.806
AluYh3a3	0.138282789492707	0.996	557	5	4.543
MADE2	-0.192010850815912	0.31	11	62	70.826
MSR1	0.639916704086668	0.148	1749	20	12.835
Helitron3Na_Mam	-0.510455621661764	0.17	170012	22	31.339
LTR5B	0.21219608979599	0.596	93700	18	15.538
LTR45C	-0.0305715051079186	1	129292	12	12.257
Tigger3d	-1.00056093900705	0.038	28368	9	18.007
LTR8A	-1.25916939122524	0	53617	19	45.478
LTR38	-0.631337144127481	0.498	46112	5	7.745
LTR38-int	-1.81023743059073	0.434	9843	1	3.507
HERVK13-int	0.521804742060834	0.628	6659	4	2.786
LTR3B_	-0.973978560409665	0.3	3332	4	7.857
MLT1E1	-0.704312852561657	0.064	5094	19	30.958
LTR78B	0.373158761039712	0.028	745	122	94.195
L1MB1	-1.46172499150271	0	2331	72	198.315
Tigger4a	-1.48860314566322	0	559	35	98.216
L1MD2	-0.531507544809223	0	1421	237	342.569
MER115	0.0582413018171212	0.774	852	76	72.993
L1MEi	-1.3384934272946	0	1133	62	156.79
MER77	0.0598470037263004	0.886	143	41	39.334
LTR3A	-1.40217642497948	0.22	454	2	5.286
MER77B	-0.968901751936286	0.004	104	20	39.147
LTR33C	-0.511281594669977	0.186	252	19	27.081
LTR85c	0.427639453517275	0.1	1176	44	32.713
Kanga1a	-1.00593887651467	0.036	528	12	24.099
Kanga1d	-0.523060061795249	0.286	762	13	18.681
LTR105_Mam	-0.68997002548213	0.166	621	12	19.359
MLT2B2	-0.395896359600274	0.08	1986	50	65.788
LTR40A1	-0.370207210865335	0.532	682	13	16.803
HERVL40-int	-1.35021433796647	0.002	664	16	40.792
MER85	-0.729095908137105	0.048	427	15	24.864
MLT1J1	-0.445425513320953	0.004	86	102	138.895
MER92B	0.135025327730559	0.734	54	26	23.677
LTR10E	-0.131589484328135	0.996	44	8	8.764
MER63C	-0.992923773630107	0.04	67	14	27.863
LTR16E2	-0.230436255019937	0.248	182	58	68.045
MLT1E1A	-0.771219515964335	0	27	59	100.696
L1PA13	-2.14376018093215	0	327	73	322.596
Kanga1b	-0.629339965495272	0.388	82	7	10.828
MLT1F1	-0.077182888517532	0.712	171	91	96.001
L4_B_Mam	-0.410170508207031	0.038	107	70	93.019
MamRep4096	0.265425220331827	0.368	539	43	35.774
L1ME5	-0.264050232126469	0.18	182	84	100.871
MER21B	-0.344544473954711	0.126	293	68	86.343
L1P2	-1.25106981489883	0	450	28	66.645
LTR85a	0.135897554156013	0.578	131	58	52.786
Tigger19a	0.608989829714305	0	791	151	99.004
HAL1ME	-0.76708184345369	0	557	125	212.728
LTR24C	-1.46897423830468	0.08	178	4	11.073
L1MA1	-2.56281452608937	0	2781	27	159.532
MSTC	-0.0729670814004371	0.714	502	90	94.669
AluYb8	-0.923125984713047	0	115	41	77.745
MER21A	-1.01554514462463	0	653	30	60.65
X6a_DNA	0.503990044653563	0.064	524	39	27.501
MSTB2	-1.30613941797267	0	48	19	46.983
MLT2A2	-0.703294916955901	0	210	73	118.86
MER48	-2.57094860517333	0.054	96	1	5.942
HERVH-int	-0.128647968334595	0.51	144	201	219.747
L1PA17	-1.19058279843671	0	368	69	157.489
L1PB4	-1.61132585007669	0	137	80	244.426
LTR53B	0.342948036527995	0.666	311	7	5.519
MER61B	-1.27190370626328	0.054	3080	5	12.074
L1ME3F	-0.34594301006792	0.08	4295	108	137.266
tRNA-Leu-TTA	-Inf	1	2734	0	0.322
MLT1A0-int	-1.11707756243804	0.016	1849	14	30.367
LOR1a	-0.731530837054158	0.072	702	15	24.906
LTR33A_	0.461220638774202	0.022	1203	70	50.846
MER57B1	-0.838726393113129	0.028	1681	17	30.404
AluYh7	-0.376957114477728	0.5	6765	10	12.986
LTR16A2	0.755420684420927	0	1137	91	53.906
LTR53	-0.541415715819093	0.302	214	10	14.554
X17_LINE	-0.704097303655611	0.058	314	16	26.066
MER90	-1.05824721685466	0.024	2540	10	20.824
LTR50	-0.809366581748015	0.002	2368	43	75.355
LTR1A2	0.506301434866215	0.09	855	40	28.161
LTR89B	0.0269748249529895	0.97	198	21	20.611
MER11A	-5.14856809825616	0	371	1	35.471
LTR81AB	-1.34331306089078	0.156	77	3	7.612
LTR1B1	-0.93155699693994	0.43	229	3	5.722
MER61D	-Inf	0.002	457	0	7.748
MER61A	-2.55839009872547	0	287	4	23.562
Arthur1	-0.462308994129522	0.064	140	51	70.265
X7B_LINE	0.030279204014459	0.978	367	26	25.46
LTR8	-1.01254843495132	0	851	53	106.926
Eutr15	-0.370483161027973	0.492	349	14	18.099
L1MA6	-1.96606125552159	0	92	46	179.722
MamRep434	0.118751414467855	0.586	174	64	58.943
L1PB2	-1.72959837856428	0	64	31	102.807
L1P3	-1.09860964710107	0	72	56	119.923
EUTREP8	0.277922632600464	0.666	65	9	7.423
CR1_Mam	0.143950147788417	0.54	306	53	47.967
MER45R	0.0031165478373499	1	310	19	18.959
Tigger17a	-0.508857672025152	0.026	300	52	73.992
MamTip1	0.176182717795296	0.644	136	24	21.241
LTR101_Mam	-1.08295800139445	0.002	234	16	33.894
MLT1G	0.170308505565855	0.342	137	95	84.422
Tigger11a	-0.410220482981068	0.556	897	9	11.96
MER110	-1.30807605439562	0.004	94	9	22.285
MLT1N2	0.185690335578033	0.116	36	184	161.778
LTR66	-0.22362848741882	0.9	22	9	10.509
HERVL66-int	0.142417044615852	0.886	109	4	3.624
MER54B	-0.00851998627197438	1	170	13	13.077
MER70A	0.000901966294392579	1	154	16	15.99
MLT1E	-0.746366517102274	0.094	156	16	26.841
L1MD1	-0.569641613108003	0	39	155	230.044
MamGypsy2-I	-0.654697396738829	0.028	17	42	66.12
LTR90B	0.519784125928641	0.166	113	21	14.647
MER20B	-0.521825747895342	0.004	82	83	119.169
MamSINE1	-0.57489090034306	0	118	108	160.873
LTR16D	0.0805365244799769	0.818	878	34	32.154
MLT1F	-0.468630961829542	0.004	203	93	128.693
LTR24	-0.836570515417152	0.3	314	5	8.929
LTR24B	-1.13202839368378	0.094	462	6	13.15
MER57A1	-1.08083955196284	0.006	377	15	31.729
LTR10C	-0.589763486984977	0.228	315	11	16.555
MLT1J-int	-0.766722359211393	0.024	622	25	42.535
MADE1	-0.620110263221823	0	610	136	209.031
MLT2A1	-1.23628629041716	0	137	46	108.372
LTR48B	-0.750368298768694	0.058	316	18	30.28
MER34-int	-2.06453799798195	0.026	229	3	12.549
LTR49-int	-1.96565090935553	0	124	18	70.306
tRNA-Glu-GAA	-Inf	0.184	322	0	2.431
MER70B	-0.372445622554376	0.364	233	22	28.48
MER121B	0.0611496629939365	1	151	2	1.917
LFSINE_Vert	-0.425070700038187	0.04	119	47	63.104
Tigger9b	-0.0308817816648172	1	272	22	22.476
UCON49	0.755843604371896	0.344	222	5	2.961
Kanga2_a	-0.165043649483044	0.646	140	40	44.848
MamGypLTR1a	0.132475592368877	0.682	264	34	31.017
Tigger23a	0.109908144863031	0.824	228	17	15.753
L1MEj	-0.545103481031925	0.038	730	48	70.038
L4_A_Mam	-0.24832230227561	0.066	354	160	190.052
MamRep38	0.366042689501931	0.044	313	76	58.969
L1PB3	-1.68625398735475	0	97	40	128.728
LTR23	-1.42139537238546	0.008	149	9	24.106
ERV24_Prim-int	-0.277389698810864	0.798	251	11	13.332
LTR23-int	-Inf	0.042	1235	0	5.453
MER34B	-0.276943251324433	0.634	9406	16	19.386
LTR54	-0.852931025753013	0.028	2229	18	32.511
MER34C	-2.52180456172394	0.07	1779	1	5.743
MER75A	1.10221745533858	0.162	1635	5	2.329
LTR16A	-0.0360774978144988	0.808	944	121	124.064
L1M6	-0.925642588720692	0	271	83	157.661
MER44D	-0.945682607521406	0.094	117	10	19.261
MER34A1	-1.95518879132094	0	95	6	23.266
L4_C_Mam	-0.262822229196763	0.09	206	119	142.779
MamRep1879	0.469298387548018	0.02	505	57	41.172
MER94	-0.0574488858096208	0.69	1395	125	130.078
X12_DNA	-0.428716689397955	0.1	2029	28	37.689
LTR16B2	-0.168343507811196	0.56	2097	43	48.322
Zaphod3	-0.467133377361889	0.172	258	25	34.559
MER58D	-0.807721274279199	0.028	116	18	31.508
MamTip2	0.571999232195708	0	164	212	142.609
LTR33A	-0.0140378334002826	0.986	236	63	63.616
MER41A	-0.898678254238089	0	132	42	78.303
LTR8B	-2.08890481542425	0	1297	12	51.051
MER5C	-0.549688124750847	0.078	197	26	38.058
UCON63	1.37332724739401	0.614	179	1	0.386
MLT1C2-int	-1.44010174038751	0.036	90	5	13.567
Tigger13a	-0.695612097261427	0.002	276	56	90.696
LTR16D2	-0.599000334121439	0.464	107	6	9.088
ORSL	0.905848399549784	0	2032	64	34.158
MARNA	-0.0663270565969141	0.728	580	84	87.952
MLT1G1-int	-0.655199154392518	0.49	1142	6	9.449
LTR84b	0.330026739432055	0.24	610	46	36.594
LTR1C	1.75981653329424	0.026	1199	7	2.067
THE1A-int	-1.71733217605589	0	868	18	59.189
LTR91	-0.635730377511603	0.042	766	29	45.058
LTR41B	-0.10194233852699	0.864	338	23	24.684
LTR91A	-0.560964660097272	0.014	470	47	69.337
AluSq10	-1.06649107936286	0	182	21	43.981
X12_LINE	-0.294664856091242	0.878	250	5	6.133
MER105	0.124863342971165	0.756	233	22	20.176
LTR19B	-0.699196245148244	0.424	177	5	8.118
HERVIP10FH-int	0.813499442355505	0.032	448	27	15.363
Charlie16a	0.13646716870354	0.562	473	43	39.119
FordPrefect_a	0.458710451393643	0.428	260	11	8.004
MER11C	-1.68099940717571	0	82	10	32.065
LTR85b	0.467168443258398	0.072	696	47	33.999
LTR71B	0.547548329231503	0.346	287	11	7.526
LTR16D1	-Inf	0.018	43	0	6.073
L1MA3	-2.08824338267442	0	175	80	340.184
X9_LINE	0.246395463720005	0.492	122	21	17.703
Charlie18a	-0.134481735336262	0.536	105	63	69.155
MER51E	1.53592924596467	0.046	1009	21	7.242
MER91C	0.579823864858249	0.002	1026	66	44.157
LTR86A1	-0.829353470640228	0.136	1584	9	15.992
U2	-1.24458266097051	0.002	2333	12	28.434
LTR83	-0.819055009991062	0.118	25	12	21.171
LTR75_1	-0.343692069179019	1	701	3	3.807
MER72	-0.291169244930361	0.524	2597	19	23.249
L2-3_Crp	-0.0708862193272714	0.816	416	47	49.367
UCON88	2.78256246060632	0	1109	6	0.872
Charlie32a	0.48924057844783	0.408	176	10	7.124
MLT1D-int	-0.874836302650475	0.106	516	10	18.338
MER52D	-0.225891861690341	0.654	354	20	23.39
L1M	-1.35635512702973	0.006	198	8	20.483
X15_LINE	-0.370722275148167	0.742	1137	5	6.465
LTR12E	-Inf	0.04	884	0	3.911
MamRep564	0.970510132515908	0	425	43	21.944
LTR21B	-Inf	0.724	1050	0	1.034
HERVFH21-int	0.56810965171382	0.47	282	8	5.396
LTR14B	-1.19219416528334	0.06	387	5	11.425
AluYk4	-1.31369236836212	0	76	13	32.315
Cheshire	-1.48552050562493	0.002	116	11	30.802
MamRep605b	-0.588194013196926	0.006	306	44	66.148
LTR12	-4.72208344097156	0	469	1	26.393
MER101	-1.40789654874953	0.068	38	4	10.614
X7C_LINE	0.745405956966859	0.03	254	28	16.702
LTR36	-0.121015400961366	0.948	200	14	15.225
MER126	0.105667257722306	0.934	326	8	7.435
MER130	-0.308302620972327	0.898	384	4	4.953
UCON22	0.902389203373578	0.588	477	2	1.07
MLT1M	-0.0121216727122175	1	435	64	64.54
LTR71A	-0.326249700837456	0.894	3787	4	5.015
U13_	-0.44590323379265	0.566	356	6	8.173
Penelope1_Vert	-0.385779138786328	0.226	147	23	30.051
Tigger14a	-0.926838415432825	0.002	329	19	36.121
Charlie7a	-0.110489658528096	0.734	163	37	39.945
MamRep137	-0.385884209556404	0.068	2427	53	69.253
Charlie29a	-0.944358724624542	0.03	162	15	28.865
Charlie17a	0.171282912604984	0.482	170	38	33.746
MER94B	0.873709188449839	0	251	31	16.918
Eulor2A	-0.901494455047575	0.888	161	1	1.868
UCON20	-0.340277404766254	1	163	1	1.266
CR1-3_Croc	0.965149435348921	0	229	71	36.368
LTR86A2	-0.527904407942025	0.564	311	6	8.651
MER102b	0.735673962687752	0	130	147	88.279
X5B_LINE	0.595823493352923	0.63	204	3	1.985
X20_LINE	-0.532400085433499	0.75	207	3	4.339
U1	-0.428946344769483	0.734	105	4	5.385
Mam_R4	0.398552499210193	0.266	4897	21	15.931
MLT2C2	-0.812628906768803	0.022	3301	22	38.641
Ricksha_c	-0.589460739003825	0.128	4095	19	28.589
MLT1G3	-0.0232021153386966	0.948	888	80	81.297
X9a_DNA	-0.282662197172008	0.494	332	16	19.463
CR1-16_AMi	0.448442968170596	0.374	258	12	8.794
MER96B	0.129207878534966	0.562	3504	66	60.346
LTR1F	-0.156396616597665	1	401	4	4.458
UCON57	0.84684321193858	0.864	513	1	0.556
Charlie24	-0.839354979654648	0.024	336	20	35.785
MER75B	0.254117311097741	0.816	853	4	3.354
5S	-0.0736917214777387	0.934	275	32	33.677
MER90a	0.31738762164198	0.238	1161	46	36.916
L1MA4A	-2.36971643109832	0	739	43	222.241
Tigger3b	-1.97784377998686	0	1049	51	200.891
tRNA-Glu-GAG_	-1.26903314645524	0.584	1162	1	2.41
Zaphod	-1.58048110221916	0	736	23	68.786
MER84	-0.0511632525821146	1	702	10	10.361
MER84-int	1.28349191323125	0.056	1302	10	4.108
HY1	-3.63610254597701	0	1893	1	12.433
MARE4	0.380309554203297	0.456	1200	11	8.451
Charlie10	-0.37427977746012	0.34	1186	26	33.701
LTR9D	-0.436851628971812	0.27	554	17	23.012
SVA_F	-0.894354302230783	0.022	308	18	33.458
Charlie26a	-0.859472666851937	0.128	302	8	14.515
Charlie21a	-1.30041662783687	0.024	285	9	22.167
MamGypLTR2c	-0.442400687148192	0.266	301	22	29.895
EuthAT-2	-1.28112593290607	0.008	718	14	34.024
LTR29	-2.09389816258555	0	912	5	21.345
SVA_B	-1.63097489847799	0	1640	9	27.875
MamGypLTR1b	-0.0121269323502387	1	1044	34	34.287
Charlie10a	0.232091004767742	0.692	1101	10	8.514
Tigger16b	-0.538796385414865	0.066	749	25	36.319
LTR86C	0.0682749253478777	0.982	1481	9	8.584
U5	-0.888045067195018	0.39	1644	3	5.552
L2-2_Mam	0.27840860122462	0.496	850	18	14.841
Charlie2a	-1.1609201881811	0	407	27	60.372
MER104	-0.195347598322219	0.384	536	53	60.685
SVA_A	-1.18201686917687	0	1592	16	36.303
Kanga11a	-0.174696938887743	0.738	2468	22	24.832
MER5C1	-0.288316371343056	0.57	491	14	17.097
Charlie23a	-0.0305832754363493	0.952	709	40	40.857
Tigger9a	-1.41196851036013	0	172	11	29.271
Charlie17	-0.830255324167683	0.224	755	9	16.002
L1MCb	-1.91798330920024	0	8005	18	68.021
SVA_C	-1.94395882301334	0	2711	5	19.238
X32_DNA	-0.38120425352376	0.632	564	7	9.117
L1MCa	-1.65943090739982	0	695	74	233.76
MARE8	0.221190676126695	0.806	1103	7	6.005
MER51B	-0.629073465994951	0.158	1224	14	21.652
HERV9-int	-Inf	0	1168	0	18.886
LTR47A	-0.41106462270392	0.382	777	15	19.945
MER9a3	-3.15890248898941	0	879	2	17.863
LTR82A	-0.0502346682222551	0.944	1055	30	31.063
LTR21A	-0.506398831527454	0.938	680	2	2.841
LTR77	-1.64938552918152	0.354	1350	1	3.137
LTR61	-0.0157829972409276	1	724	5	5.055
MER106B	-0.017662814916893	1	2302	22	22.271
LTR56	-0.0220380164694943	1	916	28	28.431
MER4C	0.313369496050798	0.386	1278	25	20.119
MER41E	-0.412104044677569	0.62	2500	8	10.645
AluYe6	0.074506879059392	0.996	1314	6	5.698
HERVFH19-int	-2.0727918181067	0.282	1507	1	4.207
MER110A	-0.0936397095034584	0.936	709	17	18.14
AluYd8	-2.68616432606136	0.022	2167	1	6.436
MER11D	-3.17008529198643	0.004	1282	1	9.001
Tigger10	-0.857998298712449	0.008	2142	23	41.688
hAT-N1a_Mam	-0.37617923151752	0.578	503	10	12.979
MamGypLTR3a	-0.324541812839446	0.33	804	30	37.568
Eutr10	0.222479860049217	0.51	3594	33	28.284
LTR26E	-0.899948986189672	0.638	2391	2	3.732
MamRep488	0.947798155558585	0.004	9028	26	13.479
MLT2B5	-1.46021832866727	0.042	49	4	11.006
Charlie7	-0.59522724603728	0.004	5945	76	114.814
Zaphod2	0.172512148402421	0.632	774	27	23.957
LTR9	-1.48720048035581	0	460	9	25.231
LTR60B	-1.85678654628808	0.082	5279	2	7.244
LTR2	-1.29631056070809	0	6841	11	27.016
MER57C1	-2.46021832866727	0.064	1176	1	5.503
MER21-int	-0.35267161831847	0.418	836	26	33.2
AluYi6_4d	-0.327687364176047	1	81	1	1.255
Tigger4	-0.813398394675719	0.026	13	26	45.691
MER47C	-0.124258471560729	0.856	312	19	20.709
ORSL-2a	0.442502381996401	0.348	187	14	10.302
7SK	-0.365342597825771	0.362	218	16	20.611
LTR1D1	-0.187486245573739	0.846	29	9	10.249
LTR51	-0.651568384925592	0.314	3187	8	12.567
Kanga1c	-0.438668586030673	0.252	370	17	23.041
Zaphod5a	-Inf	0.27	1253	0	2.146
X7D_LINE	-0.590721770009841	1	269	1	1.506
MER106A	0.446077836220228	0.158	3088	28	20.553
LTR84a	0.0834323653669967	0.884	3205	21	19.82
UCON14	0.564904848379903	0.594	3172	4	2.704
UCON70	-0.70310069960416	1	9080	1	1.628
UCON29	0.459091022515881	0.428	2260	9	6.547
Charlie13a	-0.48155728070859	0.456	730	12	16.755
MLT2F	-0.740229179974065	0.01	740	34	56.795
L2-1_AMi	-0.135370693938436	0.766	834	24	26.361
UCON105	0.0371836647249347	0.948	361	18	17.542
UCON81	-0.0621217119077975	1	802	1	1.044
UCON73	0.238289215636656	0.724	412	8	6.782
MamTip3	-0.0767576812487212	0.882	633	31	32.694
Charlie4	-0.188631102106134	0.69	4569	22	25.073
LTR26C	-0.430361745641703	0.634	3816	7	9.433
MER2B	-1.20821757761349	0	2109	25	57.763
EutTc1-N2	-0.766383141001298	0.602	2559	3	5.103
X5a_DNA	-0.315630632034956	0.65	4434	9	11.201
Charlie13b	0.0819954814021256	0.934	1221	12	11.337
LTR16	0.180043354417628	0.276	992	102	90.033
LTR43B	1.05369334083816	0.036	562	15	7.226
LTR103_Mam	0.960721204648633	0.002	885	40	20.552
MamGypLTR4	-1.03365205249	0.054	267	10	20.472
LTR47B2	-0.759865996276285	0.528	941	3	5.08
X1_DNA	-1.29785170569574	0.032	70	8	19.669
X33a_DNA	-0.968643755964717	0.852	48	1	1.957
Tigger22N1	-0.606347466724573	0.102	765	20	30.448
HY3	-1.27639740560104	0.01	138	6	14.534
ERV24B_Prim-int	-Inf	0	276	0	12.849
HSMAR1	-1.00910825613038	0.016	213	12	24.152
MER34B-int	-3.22017515096923	0	125	2	18.638
LTR75B	-0.219586744573316	1	181	5	5.822
MamRep1894	0.00319264536833728	1	1137	19	18.958
LTR27B	-Inf	0.032	37	0	4.621
LTR1C1	0.354759487354735	0.83	54	3	2.346
MER67B	0.778122918922966	0.06	41	24	13.995
X6b_DNA	0.31114825613412	0.256	90	33	26.598
UCON34	0.122020227229335	0.88	822	10	9.189
U3	-0.0489336451979224	1	29	6	6.207
Eutr11	-0.11153216121894	0.932	3307	16	17.286
X4b_DNA	-0.699699684762009	0.104	5525	12	19.49
MER97c	-1.06396305873197	0.396	9338	3	6.272
MLT2E	-0.0445530852603155	1	17280	11	11.345
LTR65	-0.771991189220796	0.196	4240	8	13.661
HSMAR2	-2.5583166211711	0	1094	10	58.902
Tigger8	-0.420886574975531	0.302	2062	20	26.775
MER52-int	-1.32703032441022	0.05	2871	7	17.562
LTR22B1	-1.26993081009981	0.292	5724	2	4.823
HERV4_I-int	-1.53318954460032	0.11	2101	4	11.577
Zaphod4a	-0.175684270730997	0.934	11144	10	11.295
MER68-int	-0.924226599007903	0.316	4256	6	11.386
MER70C	-0.687060688339892	0.44	255	5	8.05
LTR102_Mam	-1.15685885588934	0.086	1194	7	15.608
LTR10F	-0.789520603600312	0.188	1379	8	13.828
MER6	-1.48215989224501	0.004	1525	9	25.143
U13	-Inf	0.01	9845	0	4.538
Tigger6a	-1.78555055173926	0	1355	6	20.685
PRIMA4-int	-1.46383167953965	0.048	423	5	13.792
HERVK-int	0.823677227359537	0.082	1513	19	10.735
MER41G	-0.817213924258327	0.718	804	2	3.524
L1HS	-2.76056693884051	0	668	8	54.213
LTR44	0.26231323859014	0.722	641	8	6.67
LTR45B	-1.30111935315076	0.054	206	5	12.321
MER57A-int	-2.75868219786664	0	685	9	60.91
LTR45	-1.34198574722862	0.308	613	2	5.07
L1M3f	-1.15339265743837	0.028	254	11	24.468
LTR57	-0.941481963868978	0.27	3390	4	7.682
HERV3-int	-0.629739622464694	0.506	1222	7	10.831
Tigger6	-1.15380533607904	0.326	3127	3	6.675
GSATII	2.37552748427142	0.002	1776	34	6.552
HERVE-int	0.027901228054493	1	2640	13	12.751
LTR1C3	1.15040098884855	0.29	2941	4	1.802
LTR7Y	0.423526234895169	0.436	863	10	7.456
HERV9NC-int	-2.21733413151342	0	488	3	13.951
LTR12D	-1.09195365844164	0.034	365	8	17.053
LOR1b	-1.34312351940185	0	120	13	32.981
LTR88a	0.480357457491845	0.118	2404	35	25.088
MER6B	-0.782179789647529	0.072	2176	11	18.917
LTR10B	-Inf	0.204	1126	0	2.47
LTR14A	-0.386994834693852	0.912	657	3	3.923
UCON58	0.9280085675121	0.064	3563	12	6.307
MamTip1b	0.563601226042073	0.128	1331	18	12.179
MER6C	0.0683169429401942	1	1235	4	3.815
LTR22A	-0.29484127140614	0.914	661	4	4.907
Tigger18a	-0.102519812533226	0.808	2870	34	36.504
MST-int	-1.77209679219569	0.088	2639	2	6.831
AluYb9	-0.843313913671353	0.172	623	6	10.765
Ricksha	-1.12465899041952	0.132	791	6	13.083
Ricksha_a	-Inf	0.548	196	0	1.615
LTR80A	-0.967291594194898	0.13	1428	6	11.731
Charlie31a	-0.33983417075341	0.46	890	18	22.781
UCON35	0.0898813815372524	1	2314	5	4.698
LTR86B1	-3.08593447251603	0.016	416	1	8.491
UCON41	-0.408530720337259	0.41	1788	12	15.928
MamGypLTR1c	0.150223086999764	0.632	1620	36	32.44
LTR82B	-1.62556805306555	0	697	11	33.942
LTR88b	-0.206018004020896	0.482	933	40	46.14
Helitron2Na_Mam	-2.01685284900734	0.008	1373	3	12.141
MLT1F-int	-1.67825223072263	0.018	457	5	16.002
LTR55	-1.02738999803151	0.13	1595	6	12.23
X34_DNA	-Inf	0.126	746	0	2.73
MER6A	-1.13252984092569	0.002	1092	14	30.694
MLT1I-int	-0.54276787460935	0.264	2591	17	24.765
LTR9A1	-0.589667623664507	0.302	555	10	15.049
Tigger12c	-0.875235661252087	0.044	700	13	23.846
Tigger12A	-0.778068365985334	0.12	83	12	20.578
HERVL74-int	-1.23351997877392	0.256	621	5	11.757
UCON71_Crp	-0.265436896049098	0.842	955	6	7.212
MER135	-2.87296005686305	0	725	3	21.977
tRNA-Thr-ACA	0.63262893435147	0.976	192	1	0.645
LTR32	0.206545616650137	0.45	171	41	35.531
CR1-1_Amn	-0.874206785877799	0.916	242	1	1.833
X1_LINE	-0.277389698810864	1	501	2	2.424
LTR16B	-0.186007461021632	0.696	1465	18	20.477
MER127	0.0249813065613275	1	399	6	5.897
UCON65	-Inf	0.812	664	0	0.898
X6B_LINE	0.0160791407908414	1	6020	24	23.734
LTR10D	0.174892808964776	0.874	774	6	5.315
PRIMA4_LTR	-0.0686020273786716	1	438	10	10.487
MER57E2	-0.164142648848306	1	1366	2	2.241
MamGypLTR1d	0.0779014571923163	0.852	1976	23	21.791
CR1-L3A_Croc	-0.53953107147415	0.45	1093	6	8.721
UCON78	-0.293958979028694	0.936	1033	4	4.904
EUTREP2	0.724553747274122	0.01	1145	38	22.997
MER57F	-0.945607703181372	0.182	195	6	11.556
DNA1_Mam	0.0849763362992817	0.974	472	5	4.714
Charlie17b	-0.264605717498565	0.734	464	13	15.617
U7	0.119174563470678	0.92	512	7	6.445
MLT1J1-int	-1.55993226353387	0.034	80	5	14.742
MER129	-0.810648747782646	0.624	277	2	3.508
X6A_LINE	0.0885512842456649	0.796	424	30	28.214
MERX	-1.60229058486114	0.034	13824	4	12.145
Tigger17	0.218430455184026	0.966	7134	2	1.719
EUTREP16	-0.745882688902259	0.254	2642	7	11.739
LTR4	-Inf	0.186	1174	0	2.557
MER87	-0.296016822533222	0.976	35585	4	4.911
LTR49	-1.44999048780395	0	16237	16	43.713
MER51D	1.2837473479063	0.032	25480	11	4.518
tRNA-Asn-AAC	-Inf	0.606	1374	0	1.141
PRIMA41-int	-1.29622664161777	0.082	627	7	17.191
tRNA-His-CAY_	0.169744675832317	1	826	1	0.889
tRNA-Gly-GGG	2.14720210718123	0.038	1202	4	0.903
tRNA-Val-GTG	1.08467032398699	0.506	813	2	0.943
tRNA-Gln-CAG	0.911179966701415	0.322	435	4	2.127
LTR39-int	-1.41278152533848	0.328	316	2	5.325
X9b_DNA	-1.28772556984381	0.026	269	7	17.09
MER57B2	-1.1336073626637	0.008	320	15	32.911
LTR54B	-1.31944452293234	0	167	10	24.957
LTR76	-Inf	0.018	3616	0	5.377
MamGypLTR2b	-0.151268443497467	0.75	2472	22	24.432
MER50C	-Inf	0.24	904	0	2.613
tRNA-Met_	-Inf	0.618	1752	0	1.187
PABL_B	-0.0682643163998832	1	1092	11	11.533
LTR15	-0.99891757275836	0.23	1485	4	7.994
LTR38B	-0.801158656093699	0.426	211	4	6.97
HERV-Fc2_LTR	-Inf	1	700	0	0.109
MER61-int	-2.58619856680353	0	525	7	42.036
LTR81A	-0.657731456828462	0.136	794	15	23.664
UCON44	0.246395463720005	0.658	340	12	10.116
UCON47	1.4167872812288	0.01	1486	11	4.12
UCON89	1.58857375427353	0.106	603	4	1.33
Chap1_Mam	0.130681305171095	0.82	249	15	13.701
Helitron1Na_Mam	-0.423616585995336	0.632	481	7	9.389
Helitron1Nb_Mam	-0.513418554888266	0.53	498	7	9.992
Eutr18	0.82941452173424	0.002	1703	33	18.571
X11_DNA	0.290611325131425	0.62	1055	9	7.358
X23_DNA	-0.815575428862572	0.932	1529	1	1.76
UCON11	0.591831629291894	0.786	402	2	1.327
MER41-int	-4.3013681529738	0	475	3	59.151
LTR1F1	-0.0823133030243555	1	165	7	7.411
X8_LINE	-0.327917257418648	0.792	1034	5	6.276
L2-1_Crp	-Inf	0.67	693	0	1.157
MER4D0	-1.4425454561053	0.03	168	5	13.59
MER30B	0.955489303934208	0.06	263	12	6.188
HUERS-P3-int	-1.28327528286513	0.046	542	11	26.773
Eutr2B	-0.383804116222208	0.642	995	9	11.743
HERV35I-int	-2.3547342399706	0.004	279	4	20.46
U4	-Inf	0.038	793	0	4.339
LTR37-int	-3.77641987211068	0	198	3	41.109
Charlie30b	-0.636830234421106	0.196	288	11	17.104
LTR28B	-1.14420956118307	0.146	1625	4	8.841
Charlie14a	-0.834306702962908	0.196	958	8	14.264
L1MEg2	-2.87990177131498	0	234	3	22.083
LTR14	-1.51399597936701	0.464	485	1	2.856
HERVK14C-int	-Inf	0.172	92	0	3.405
MER66A	1.04915836245085	0.006	124	20	9.665
MamGyp-int	-0.514861682987882	0.378	728	14	20.004
MLT1A1-int	-0.836103670301027	0.184	155	9	16.067
LTR46-int	0.998352147118518	0.238	1373	7	3.504
L1M2a	-2.07227733547151	0.002	1318	4	16.822
MER4-int	-2.44799053887118	0	2006	18	98.218
L1P4e	-1.70796645477598	0.17	3748	2	6.534
Charlie9	-0.72385638257226	0.042	516	22	36.335
LTR26D	0.381448089590398	0.568	105	9	6.909
UCON86	0.63486740654747	0.612	150	3	1.932
LTR107_Mam	-0.579421542763519	0.398	277	8	11.954
UCON21	-Inf	0.848	156	0	0.8
Tigger20a	-0.629659699927392	0.07	364	25	38.68
Eulor1	0.789611135554597	0.414	143	4	2.314
LTR7C	-3.32163952702144	0	929	1	9.998
MER73	-1.51987733704702	0.09	166	3	8.603
L1PBa	-1.60983937127401	0	211	28	85.461
LTR06	-0.522055749160964	0.892	113	2	2.872
LTR1E	-0.541727224333485	0.416	1436	7	10.19
LTR48	-0.610451411638485	0.13	789	19	29.008
hAT-N1_Mam	-0.169925001442312	0.972	727	6	6.75
MLT1E3-int	1.22027801879293	0.186	1265	5	2.146
PABL_A	-0.472487771462744	0.354	3694	12	16.65
LTR28C	-2.93035887611242	0.012	1476	1	7.623
MLT1K-int	-0.935585467385421	0.45	1665	3	5.738
MER57-int	-1.86367419636317	0	1020	12	43.672
tRNA-Val-GTY	-Inf	0.954	156	0	0.761
LTR47A2	-0.0614306004977481	1	832	8	8.348
UCON38	0.324248577090429	0.642	125	7	5.591
Arthur2	-0.386961402215063	0.316	226	22	28.768
Tigger21a	-0.732920382108257	0.678	4852	3	4.986
Eutr5	-0.0751280659710189	0.998	634	11	11.588
MER50-int	-1.69250159257424	0.014	141	6	19.393
X4a_DNA	-1.31846146516758	0.232	1291	2	4.988
PABL_B-int	-0.350335591524449	0.81	2245	7	8.924
LTR88c	-0.681874002573217	0.08	280	18	28.876
Charlie10b	-0.35501626421955	0.73	181	6	7.674
UCON4	-1.93054811924785	0.21	211	1	3.812
hAT-5_Mam	-0.661236540223435	0.118	138	16	25.303
MER66D	-1.86274892579353	0.078	301	2	7.274
HY4	-Inf	0.02	351	0	4.364
LTR87	-1.19499755706346	0.024	322	9	20.605
HERV1_LTRd	-Inf	1	595	0	0.462
Tigger3	-1.1400014848768	0.004	39	16	35.261
LTR80B	-2.8626497544554	0	56	2	14.547
MLT1E2-int	0.280685112655481	0.786	442	5	4.116
MLT1B-int	-0.756083908497432	0.248	177613	10	16.889
Eutr16	0.692280050699926	0.08	12053	24	14.853
Zaphod5b	-0.0433445048771693	1	89786	2	2.061
MER57E1	-0.871350840634026	0.116	228856	8	14.635
UCON33	0.484792180964179	0.598	103104	5	3.573
MER41C	-0.599317793698226	0.182	417	16	24.24
EUTREP7	-1.35143987700391	0.188	267	3	7.655
UCON37	0.924125133024872	0.098	9313	9	4.743
MamRTE2	-Inf	0.56	448	0	1.361
MSTD-int	-3.08587783516041	0	21288	3	25.472
Looper	-3.99738274263174	0	953	1	15.971
LTR22B2	-0.255802836602718	1	6913	1	1.194
Eulor12	-0.605968358841458	1	462	1	1.522
LTR6A	-0.569653110605738	0.42	18094	6	8.905
AluYk11	-1.28658548326394	0.248	567	2	4.879
MamGypLTR3	0.0975018772624892	0.848	6716	20	18.693
MLT1F1-int	-1.35529823334795	0.348	130	2	5.117
X2b_DNA	-0.356988891792477	0.852	16393	4	5.123
MER51C	-1.54151483946068	0.222	436	2	5.822
LTR35A	-0.454702328163688	1	19733	2	2.741
MER97b	-0.0775164697020952	1	598	5	5.276
MamGypsy2-LTR	-0.714926858410005	0.068	922	15	24.621
Eulor9A	0.243403649498285	0.848	12	4	3.379
MLT1J2-int	-0.850079295805798	0.144	1065	10	18.026
MER34D	-0.111222132446014	1	45	7	7.561
MER51-int	-2.7992945749546	0.002	3422	3	20.883
MER65C	-0.212294670588979	0.678	84	17	19.695
UCON55	-1.13592881552641	0.074	4091	5	10.988
LTR12B	-0.720497370482346	0.436	128	4	6.591
MamTip3B	-0.0751903141552191	0.968	2066	22	23.177
MER57D	-Inf	0	74	0	13.332
U17	-Inf	1	4411	0	0.264
LTR35	-1.82537860389293	0.402	530	1	3.544
MER50B	-0.915607812709627	0.05	3329	11	20.75
LTR1D	-0.815165514087578	0.188	160	6	10.557
MSTA1-int	0.00723156923107573	1	6215	1	0.995
UCON19	0.227692025041597	1	327	1	0.854
L1MDb	-1.71672268788815	0.002	2894	9	29.582
UCON7	1.05246741989414	0.126	185	7	3.375
MLT1G-int	-0.197362184149163	0.996	3680	5	5.733
LTR31	-0.947292110892725	0.282	299	4	7.713
L1M3c	-3.09714723952507	0	2818	4	34.229
HERVK22-int	-1.47733193732164	0.034	246	6	16.706
LTR17	-0.623086478298814	0.068	10252	18	27.723
MER83B	-0.44325300640928	0.89	836	3	4.079
PrimLTR79	-0.969380764941608	0.57	3756	2	3.916
LTR27	-3.33098856304375	0	426	1	10.063
HERV30-int	-Inf	0.198	4849	0	3.072
MER74C	-0.466339987979475	0.646	354	5	6.908
PABL_A-int	-2.96125288405821	0	11268	2	15.576
LTR1	-0.371837617330421	0.706	829	6	7.764
MER99	-1.1926676198763	0.222	15494	4	9.143
UCON26	-1.4743062402884	0.148	1457	2	5.557
FordPrefect	-0.940279530051691	0.098	5003	10	19.189
tRNA-Asp-GAY	-Inf	0.774	476	0	0.953
L1M3e	-3.09991232808383	0	6991	3	25.721
SSU-rRNA_Hsa	-0.222186307322112	1	596	2	2.333
HUERS-P3b-int	-Inf	0	17999	0	17.699
LTR6B	0.258425152581204	0.78	208	6	5.016
LTR38A1	-2.1554254317472	0.15	12248	1	4.455
EUTREP15	-0.208891775026153	0.994	112	5	5.779
HERVS71-int	0.449427630959967	0.462	2329	12	8.788
HERVK11-int	-3.39848719001897	0.02	1	1	10.545
EUTREP14	0.140560464658149	0.836	5816	12	10.886
LTR90A	-0.937093248439808	0.172	74	6	11.488
THE1-int	-Inf	0.004	5156	0	5.929
L1M6B	-0.443889505126337	0.374	12	15	20.404
LTR86B2	-2.02059109477325	0.046	3849	2	8.115
X2a_DNA	0.811852313073566	0.04	3928	20	11.393
EUTREP4	0.75789840338701	0.106	4532	14	8.279
UCON48	-1.44466706684191	0.252	2229	2	5.444
LTR69	-1.12598165385472	0.474	3363	2	4.365
LTR1F2	-2.21816118709516	0.108	4762	1	4.653
Tigger6b	-Inf	0.024	383	0	5.395
HY5	-Inf	1	2710	0	0.57
MER89-int	-0.413526386796893	0.458	1378	16	21.311
tRNA-Glu-GAG	2.1456053222469	0.148	4584	2	0.452
tRNA-Thr-ACG_	-Inf	1	405	0	0.291
L1MEg1	-1.10237018743871	0.026	1946	14	30.059
UCON96	-Inf	1	445	0	0.475
LTR2752	-1.4943302665517	0.066	235	3	8.452
X24_DNA	0.483272879775327	0.23	20293	17	12.161
UCON1	-0.39088775955001	0.71	3304	5	6.556
UCON84	0.377069649079823	0.752	563	4	3.08
UCON12A	1.74178261046398	0.252	29	2	0.598
Eulor2B	-Inf	0.424	8800	0	1.558
X21_LINE	0.609332314440332	0.74	902	2	1.311
tRNA-Ile-ATA	-Inf	0.346	4944	0	1.697
LTR1B0	-0.0276259059775613	1	231	3	3.058
LTR43	-0.950415088638986	0.146	1621	7	13.527
UCON40	-0.476122419880152	0.648	94	5	6.955
tRNA-Met	-0.159629185821228	1	3291	1	1.117
tRNA-Lys-AAG	-0.901494455047575	0.852	210	1	1.868
MLT1N2-int	-0.0517201164473277	1	7813	2	2.073
MER70-int	-1.04823618565285	0.35	751	4	8.272
L1M3d	-4.04971788436005	0	4404	1	16.561
LTR5A	1.76106495130681	0	1252	33	9.736
LTR34	0.180240998144578	0.788	376	9	7.943
L1M3de	-3.93508252331866	0	733	1	15.296
HERV17-int	-0.0326779340153155	1	544	33	33.756
UCON99	-0.542010355536609	1	459	1	1.456
MSTB1-int	-1.33856703700115	0.234	393	3	7.587
L1PBb	-1.68032435684402	0.036	265	4	12.82
EuthAT-N1a	-0.459431618637297	1	1123	1	1.375
MER68C	-0.636605287817253	0.672	3386	3	4.664
LTR3B	0.430508908041284	0.758	349	3	2.226
MER76	-0.0657790853618697	0.976	443	20	20.933
CR1-12_AMi	1.25497785096274	0.03	511	9	3.771
MER97a	0.278233633661385	0.654	78	10	8.246
MLT1H2-int	-1.86036693013812	0.036	136	3	10.893
LTR47B4	-0.610227589544693	0.852	294	2	3.053
LTR19-int	-Inf	0.01	431	0	7.111
tRNA-Ser-AGY	1.38082178394093	0.644	386	1	0.384
UCON66	0.731365994518644	0.546	57	3	1.807
HERVIP10B3-int	-2.32826202860941	0.034	118	2	10.044
Merlin1_HS	0.904188075228695	0.494	1032	3	1.603
LTR108a_Mam	-Inf	0.254	13	0	2.295
MSTC-int	-0.866314561377047	0.386	728	4	7.292
X10b_DNA	-0.754631000244242	0.304	450	5	8.436
tRNA-Leu-TTA(m)	-Inf	1	650	0	0.699
MER83B-int	-0.110029092799367	1	90	8	8.634
Eutr2	-1.09558690799772	0.354	1230	3	6.411
UCON39	-0.570948605173327	0.85	839	2	2.971
UCON5	-1.74243744537627	0.302	540	1	3.346
MER61F	0.0264989281834011	1	1491	5	4.909
LTR1A1	-1.00743473447678	0.126	704	6	12.062
UCON93	-Inf	0.98	1023	0	0.707
GSAT	-0.882838655767251	0.57	155	2	3.688
MLT1-int	0.258808695064093	0.742	200	9	7.522
MLT1A-int	-0.204558102879155	0.868	4308	12	13.828
LTR72B	0.0368218438261089	1	1481	5	4.874
MLT1E1A-int	0.199255376063222	0.97	22924	3	2.613
LTR27E	-2.89782125965936	0.032	4277	1	7.453
L1P4b	-Inf	0.034	10046	0	5.036
L1M2b	-1.82273014794452	0.112	1824	2	7.075
Eulor9B	-Inf	0.942	12935	0	0.791
L1M3a	-Inf	0	2667	0	19.458
L1P3b	-Inf	0.152	12353	0	2.898
CR1-11_Crp	-Inf	1	1481	0	0.684
UCON31	-0.12300395405482	1	419	3	3.267
hAT-4b_Ther	-1.16263972955379	0.326	910	3	6.716
MER97d	-2.01185340574379	0.324	748	1	4.033
LTR22C0	-Inf	0.09	865	0	3.42
LTR68	-3.33870964512076	0.004	3189	1	10.117
CR1-L3B_Croc	-Inf	0.746	1312	0	0.957
L1M2c	-1.64975339940494	0.03	4892	5	15.689
LTR12_	-2.14420956118307	0	1822	4	17.682
UCON6	0.160577829183059	1	1342	3	2.684
CR1-13_AMi	-1.49774008860909	0.43	57	1	2.824
PRIMAX-int	-Inf	0.47	2457	0	2.186
UCON28b	0.901041519911831	0.336	94	4	2.142
LTR28	-1.25972443557391	0.344	347	2	4.789
L1MEa	-1.13027195451886	0.192	336	5	10.945
L1M2a1	-Inf	0.048	1273	0	4.746
MER132	-0.0143552929770701	1	3637	1	1.01
X2_LINE	-0.393690764187454	0.792	3685	4	5.255
Eulor4	-Inf	0.818	315	0	0.974
UCON8	0.0591441786871327	1	45	6	5.759
MARE6	-1.42680147161338	0.256	2835	2	5.377
X22_DNA	0.639354797539784	0.982	1378	1	0.642
MER125	1.11247472925841	0.072	173	8	3.7
Eulor6B	1.22095044716254	0.206	1102	4	1.716
MER68B	-0.469781806806865	0.428	580	10	13.849
UCON12	-Inf	0.386	3391	0	1.618
UCON85	0.386468347082073	1	2191	1	0.765
MER123	1.89646879012201	0.032	1166	5	1.343
MER95	-1.98039095606147	0.284	5480	1	3.946
Eulor6A	0.270555993166337	1	6456	1	0.829
UCON97	-0.173767067736706	1	2425	1	1.128
Eulor5A	-1.80322703643493	0.31	696	1	3.49
UCON64	-Inf	1	1466	0	0.444
MARE11	-Inf	1	3595	0	0.337
MER61C	-3.22373144513811	0.002	2565	1	9.342
HERVK14-int	0.259745418452907	0.63	545	17	14.199
AluYk12	-Inf	0.122	2854	0	2.913
MER92A	-2.16960436691696	0.166	256	1	4.499
MER61E	-Inf	0	699	0	9.693
UCON69	-Inf	0.964	179	0	0.765
MER133A	-0.515005916433729	1	3017	1	1.429
UCON24	-Inf	1	959	0	0.592
tRNA-Arg-AGA	-0.00863030514344	1	1043	1	1.006
LTR18A	-2.53331415656679	0.078	774	1	5.789
HERVL18-int	-3.14216833862222	0.008	41	2	17.657
MLT1O-int	-Inf	1	11	0	0.338
UCON60	-0.137503523749935	1	34	1	1.1
MER72B	-0.605494333852509	0.662	80	4	6.086
LTR47B3	-0.765110361879585	0.882	40	2	3.399
Eulor9C	-0.502839758255932	0.938	21	2	2.834
L1M3b	-Inf	0	8	0	19.081
LTR1B	-1.18637377746594	0.122	2	5	11.379
LTR25-int	-3.24130631813494	0	16	2	18.913
LTR9C	-Inf	0.022	49	0	5.093
UCON80	-0.254594043033141	1	53	1	1.193
MARE10	-0.155749232677945	1	2	2	2.228
HUERS-P2-int	0.191146952116301	0.766	48	11	9.635
MER92D	-0.109026176498367	1	138	6	6.471
MER110-int	-1.01709048614194	0.19	23	6	12.143
MER83C	0.649664408475551	0.37	34	7	4.462
L1P4a	-2.13448382151079	0	85	5	21.954
LTR53-int	-0.693956827186056	0.466	99	7	11.324
L1P4d	-1.53530648561242	0.234	20	2	5.797
HERVP71A-int	-1.31614574229336	0.176	97	4	9.96
Charlie3	-0.0212428122213341	1	109	12	12.178
Eulor3	-Inf	0.742	44	0	1.057
UCON101	-0.49467161164755	0.676	37	4	5.636
MER101B	-0.687777377396305	0.458	1	5	8.054
Eulor6D	-1.12895322038601	0.734	53	1	2.187
HERVL32-int	-1.06970216663007	0.728	65	2	4.198
LTR58	-Inf	0.37	9	0	2.202
tRNA-Arg-CGY_	-Inf	0.6	55	0	1.206
Eulor8	0.0207062895542707	1	2	4	3.943
Ricksha_b	0.0547668768651015	1	7	4	3.851
LTR22E	-Inf	0.084	15	0	3.394
LTR73	0.0513991525066441	1	30	7	6.755
UCON25	-0.397255345594427	1	12	1	1.317
MER57C2	-1.78010008447995	0.008	27	4	13.738
UCON28c	1.0702090022814	0.24	26	4	1.905
X13_LINE	-0.0250287944915225	1	51	4	4.07
Eulor6C	0.849440323424619	0.848	73	1	0.555
LTR35B	-2.59598097896562	0.076	52	1	6.046
LTR22B	-Inf	0.026	47	0	3.908
L1PBa1	-1.30085587126876	0.018	45	8	19.71
tRNA-Phe-TTY	-1.24671210053186	0.666	91	1	2.373
UCON2	-0.925619712002935	0.526	9	2	3.799
UCON51	-Inf	0.62	4	0	1.229
UCON15	-0.502839758255932	1	17	1	1.417
Tigger17b	-1.53903470297075	0.522	3	1	2.906
UCON27	-1.52306006179525	0.464	14	1	2.874
LTR27D	-Inf	0	1	0	8.099
UCON83	-Inf	0.518	4	0	1.319
Eulor2C	-0.136191386287144	1	31	1	1.099
UCON62	-Inf	1	7	0	0.636
Eulor11	-0.463099267348104	0.936	15	2	2.757
LTR5	-Inf	1	26	0	0.677
ALR/Alpha	-4.99779670566792	0	2	6	191.707
MLT1G3-int	-0.562083642696159	0.63	12	5	7.382
LTR19C	0.241611534520648	0.836	15	5	4.229
HERVH48-int	-2.55090066464752	0.088	12	1	5.86
LTR30	-2.19786539135374	0.13	13	1	4.588
MER134	0.247536836438468	0.924	37	3	2.527
LTR52-int	-0.0103501881695671	1	6	5	5.036
UCON28a	0.469929257774916	0.56	12	5	3.61
Eulor7	-Inf	1	43	0	0.342
MSTB2-int	-1.61917821605907	0.538	31	1	3.072
MER133B	-Inf	0.724	223	0	1.112
HERVKC4-int	-Inf	0.314	179	0	2.313
HERVE_a-int	-0.297317209224958	0.838	316	7	8.602
LTR70	-2.33714017995587	0.172	7	1	5.053
tRNA-Cys-TGY	-1.87302570104647	0.258	9	1	3.663
LTR22	-0.358396261956654	1	1111	2	2.564
UCON103	-Inf	1	234	0	0.384
MER67D	-1.48720567847948	0	161	11	30.838
MER87B	-0.0297473433940521	1	214	6	6.125
Charlie11	0.60779250103103	0.55	1799	5	3.281
MER88	-0.163928041924759	1	250	3	3.361
LTR108e_Mam	-1.33571191032046	0.306	34	2	5.048
MER92C	0.480760051338713	0.62	245	5	3.583
UCON9	0.67116353577046	0.71	19	2	1.256
LTR10G	-Inf	0.068	208	0	3.545
HERVI-int	0.315809633503983	0.746	14	5	4.017
LTR25	-Inf	0.01	642	0	6.499
LTR60	-Inf	0.788	45	0	1.06
LTR3	-0.499782120147312	0.93	59	2	2.828
HERVK3-int	-1.29607557495289	0.158	23	5	12.278
L1P	-0.490227813434063	0.812	100	3	4.214
hAT-16_Crp	-Inf	1	50	0	0.637
LTR108d_Mam	-1.04614178164472	0.792	38	1	2.065
LTR18C	-1.13619138628714	0.784	33	1	2.198
MER83A-int	-1.79035501371084	0.45	33	1	3.459
tRNA-Leu-CTA_	-Inf	1	31	0	0.204
tRNA-Gln-CAA	-Inf	1	138	0	0.616
LTR10B1	-Inf	0.018	43	0	5.095
Charlie6	-0.0874628412503394	1	29	8	8.5
LTR72	-0.265436896049098	0.996	38	4	4.808
EuthAT-N1	-1.17376706773671	0.716	31	1	2.256
tRNA-Met-i	-0.230203013366421	1	22	1	1.173
MARE9	-Inf	1	50	0	0.537
SST1	0.924015634710457	0.044	207	25	13.176
REP522	2.39202891262064	0	102	35	6.668
tRNA-Lys-AAA	-Inf	0.51	129	0	1.335
tRNA-Asn-AAT	-Inf	1	75	0	0.026
X1_LR	-Inf	1	68	0	0.414
MLT1E1-int	0.828793172581858	0.628	235	2	1.126
SATR1	2.17600287605702	0	119	125	27.661
tRNA-Ala-GCY_	-Inf	0.29	136	0	1.985
UCON23	-Inf	0.876	339	0	0.82
tRNA-Ser-TCY	-Inf	1	173	0	0.375
MER76-int	-2.27142567609293	0.264	172	1	4.828
MLT1C-int	0.548986757056027	0.532	208	6	4.101
tRNA-Ile-ATT	-0.468843942974638	1	107	1	1.384
tRNA-Leu-CTG	-Inf	1	138	0	0.297
tRNA-Gly-GGY	0.189351252217354	1	245	1	0.877
LTR14C	-0.940354711533293	0.524	575	2	3.838
UCON18	0.214240225572989	1	360	1	0.862
UCON59	1.67461358534023	0.076	154	4	1.253
LTR47B	-0.411426245726465	1	194	1	1.33
tRNA-Pro-CCG	-Inf	1	109	0	0.095
tRNA-Pro-CCY	-Inf	1	123	0	0.469
Eulor5B	0.799621202015974	0.638	44	2	1.149
LTR38C	-0.978195629681652	0.604	412	2	3.94
UCON94	-Inf	0.96	15	0	0.816
HERV1_LTRa	-Inf	0.902	22	0	0.839
MLT1L-int	-0.706641057309408	0.832	236	2	3.264
L2-3_AMi	1.61705613043101	0.552	45	1	0.326
tRNA-Tyr-TAC	-Inf	0.78	96	0	0.986
Charlie7b_Mars	-0.6915341649192	1	38	1	1.615
UCON71	-Inf	1	16	0	0.429
LTR108c_Mam	-Inf	0.688	24	0	1.318
LTR108b_Mam	-Inf	0.592	14	0	1.51
ERVL47-int	-Inf	0.026	16	0	7.159
LTR59	0.530322370182811	0.566	32	5	3.462
Chompy-7_Croc	1.08008791132269	0.764	64	1	0.473
MER136	0.438307278601691	1	20	1	0.738
UCON17	-Inf	0.796	12	0	0.912
EutTc1-N1	-Inf	0.586	29	0	1.6
UCON61	1.23786383009889	0.71	125	1	0.424
SATR2	1.89186223319784	0	59	61	16.437
MER57E3	-Inf	0.032	17	0	6.555
HSAT4	-Inf	0.052	282	0	5.318
Eulor6E	-Inf	0.786	259	0	0.939
U8	-Inf	0.928	24	0	0.825
tRNA-Thr-ACY	-Inf	1	141	0	0.447
L1P4c	0.359841845036719	0.726	180	4	3.117
tRNA-Leu-TTG	-Inf	1	207	0	0.659
HERVK11D-int	-Inf	0.32	43	0	2.135
(GAATG)n	-1.63876894441695	0.324	228	1	3.114
UCON67	0.988504361162171	0.802	40	1	0.504
tRNA-Val-GTA	-Inf	1	49	0	0.338
tRNA-Leu-CTY	-Inf	0.982	109	0	0.701
HERV1_I-int	-Inf	0.296	28	0	2.462
HSATI	1.02180437031835	0.554	70	2	0.985
MER9B	-Inf	0.62	6	0	1.203
EUTREP6	-Inf	1	33	0	0.353
MLT1E-int	1.59074485331516	0.48	50	1	0.332
tRNA-Ser-TCA	-Inf	1	49	0	0.027
tRNA-Trp-TGG	1.38835545662634	0.646	19	1	0.382
UCON75	2.92576860581421	0.002	27	5	0.658
tRNA-Ser-TCG	-Inf	1	31	0	0.194
Tigger1a_Mars	-Inf	0.616	18	0	1.473
UCON100	-Inf	1	40	0	0.54
LTR43-int	-Inf	0.15	56	0	5.143
LSAU	1.28396024468834	0.16	710	6	2.464
HERV1_LTRe	-Inf	0.91	83	0	0.805
HERV-Fc1_LTR1	-Inf	1	15	0	0.364
HERV-Fc1_LTR2	-Inf	1	308	0	0.103
HERV-Fc2-int	-Inf	1	267	0	0.356
HERV-Fc1-int	-Inf	1	1379	0	0.299
U14	-Inf	1	227	0	0.18
UCON56	1.42662547355406	0.518	148	1	0.372
Chompy-6_Croc	1.38835545662634	0.62	243	1	0.382
HERV1_LTRc	-Inf	0.704	965	0	1.09
tRNA-Ala-GCA	-Inf	0.6	188	0	1.135
HERV15-int	-1.76723103702388	0.47	162	1	3.404
HERV-Fc1_LTR3	-Inf	1	47	0	0.165
tRNA-Ala-GCY	-Inf	1	25	0	0.42
UCON87	-Inf	1	60	0	0.158
tRNA-Pro-CCA	-Inf	1	457	0	0.243
HERV1_LTRb	-Inf	1	568	0	0.305
UCON68	-Inf	1	971	0	0.3
GSATX	-1.13553486976119	0.864	420	1	2.197
CRP1	-Inf	1	192	0	0.179
tRNA-Tyr-TAT	-Inf	1	765	0	0.166
tRNA-Arg-CGA	-Inf	1	327	0	0.21
Charlie12	-Inf	1	69	0	0.713
UCON92	-Inf	1	105	0	0.507
tRNA-Ala-GCG	-Inf	1	182	0	0.283
LTR109A2	-Inf	1	708	0	0.78
CER	1.07983375910837	0.018	429	12	5.677
HSAT5	-Inf	0.242	75	0	5.811
LTR22C	-Inf	1	1005	0	0.541
tRNA-Arg-AGG	-Inf	1	1055	0	0.498
CR1-8_Crp	-Inf	1	987	0	0.136
SAR	-Inf	1	891	0	0.259
tRNA-Thr-ACY_	-Inf	1	937	0	0.305
tRNA-Leu-CTA	4.13289427049734	0.112	940	1	0.057
tRNA-Arg-CGA_	-Inf	1	621	0	0.055
tRNA-Arg-CGG	-Inf	1	58	0	0.404
tRNA-Thr-ACG	-Inf	1	231	0	0.053
HSAT6	-Inf	1	670	0	0.292
tRNA-Ile-ATC	-Inf	1	702	0	0.084
(CATTC)n	-Inf	0.31	606	0	2.192
ACRO1	3.15031671681716	0	2330	19	2.14
tRNA-SeC(e)-TGA	-Inf	1	875	0	0.078
D20S16	3.0229938238819	0	1235	85	10.457
tRNA-His-CAY	-Inf	1	394	0	0.025
MLT1M-int	-Inf	1	80	0	0.034
tRNA-Ser-TCA_	-Inf	1	74	0	0.113
