	log.enrich	pval	total	real.overlap	random.mean
TAR1	2.41158902050316	0	64	39	7.33
L1MC5a	-0.55465944645989	0	35	887	1302.845
MER5B	-0.386156852865377	0	1317	1295	1692.445
MIR3	-0.350499420306931	0	762	4686	5974.659
Charlie15a	-0.504551058176483	0	1428	154	218.477
L2a	-0.496613937322286	0	86	8461	11937.61
L3	-0.497058616440129	0	1700	2239	3159.975
Plat_L3	-0.540830873193209	0	8195	158	229.86
MLT1K	0.351307639771429	0	121115	1602	1255.765
MIR	-0.494023788779742	0	47320	8559	12054.217
L2b	-0.193958024693281	0	117446	5630	6440.144
MIR1_Amn	-0.140404211656018	0.006	12658	720	793.594
L2c	-0.537922844416305	0	38726	6149	8927.614
AluSp	-0.410560030016486	0	4259	3555	4725.312
MER33	-0.637407445575488	0	21085	431	670.434
MIRb	-0.365772631371065	0	44393	12001	15464.147
L1MB3	0.244771648136641	0.002	12565	1580	1333.44
MER53	-0.290976468348825	0	6031	329	402.521
MLT1A	0.0704356633667156	0.264	67237	685	652.36
MIRc	-0.406054009760035	0	12718	5210	6903.545
AluJo	-0.648082605065851	0	1575	2069	3242.297
L1MB5	0.128372356138621	0.072	53394	803	734.635
Alu	0.220133967766109	0	1683	595	510.799
L1PA6	0.598756093680876	0	129556	1037	684.755
L1P1	0.77093354586941	0	110941	472	276.61
MLT1L	0.0548554281793809	0.34	40018	880	847.168
MLT1J2	0.0774134150929398	0.268	12119	515	488.094
AluJr	-0.650310970143975	0	122105	5183	8134.752
Charlie5	-0.428126387350508	0.018	42260	134	180.295
MLT1F2-int	0.440385825992472	0.222	101596	32	23.582
MLT1F2	0.376079595237673	0	3853	577	444.595
AluSx	-0.435928086051491	0	405	6697	9059.573
AluSx3	-0.431667181088134	0	2715	2056	2773.115
LTR16C	0.256462018352976	0.002	383	571	478.006
ERVL-E-int	-0.0518051389589376	0.552	6889	663	687.24
MamRep1527	-0.921468068732468	0	581	48	90.914
L1MA8	-0.539791555377538	0	229	602	875.165
L1ME3G	-0.799369790500234	0	1343	766	1333.101
L1MA9	-0.50960656107063	0	199	908	1292.685
LTR12F	2.2066247682423	0	2082	217	47.011
MER45A	-0.358111872015261	0	857	186	238.405
MER58A	-0.365804191871041	0	665	727	936.812
L1PA14	-0.136169865891537	0.182	161	244	268.152
AluYj4	0.0676335009873366	0.496	502	208	198.474
L2	-0.468047329494755	0	178	2805	3879.977
FLAM_A	-0.797439453192521	0	462	584	1015
MER47A	-0.648824190471596	0	44	118	185.011
L1ME4c	-0.988455437897842	0	2913	335	664.66
AluSc	-0.258481352431028	0	176	2271	2716.613
L1PA4	0.532284107332763	0	100	1823	1260.53
LTR89	-0.301228887012344	0.162	6900	62	76.396
L1MC	-0.311510780455962	0	6210	455	564.658
L1PA7	-0.00235970508244362	0.992	1117	1369	1371.241
L1PA16	-0.46800645163701	0	4835	879	1215.83
L1PA2	0.387384338197812	0	2633	727	555.802
AluSz	-0.554498002709302	0	671	5863	8610.739
L1M2	0.039183761530548	0.566	2360	740	720.172
L1PREC2	0.123884220603023	0.066	1183	754	691.956
L1PB	-0.0396978836088274	0.806	2347	138	141.85
Tigger5b	-0.479763148415472	0	727	136	189.654
AluSc5	-0.341773520936061	0	1016	236	299.086
Tigger5	-0.209219396110764	0.48	707	32	36.994
L1M5	-0.528660717398073	0	2162	2243	3235.728
L1M4	0.115104488665878	0.014	1956	1639	1513.314
HAL1M8	-0.296987860198057	0.068	86	137	168.315
LTR103b_Mam	-0.660161268126355	0.018	498	27	42.667
MLT1H2	0.402323648044021	0	1431	440	332.921
AluYk2	0.0959645560792664	0.144	1939	512	479.051
MER4D1	0.553583718945783	0	1157	172	117.188
MER4CL34	0.828216722248187	0	307	120	67.587
L5	-0.999278472082541	0	276	25	49.975
MLT1H	0.394684274192751	0	113	953	724.905
AluY	-0.0358004166772936	0.044	23	6985	7160.501
MLT1I	0.115869066357677	0.038	561	846	780.711
MamRep605	-0.758462726056464	0	408	147	248.678
LTR33	-0.0991515232482927	0.138	521	621	665.18
MSTB1	0.112368577592619	0.178	3250	382	353.376
AluSq	-0.388327323798745	0	1942	680	890.035
MLT1C	0.483469965548817	0	1476	670	479.221
AluJb	-0.602872920438334	0	1474	5540	8413.808
FAM	-0.88425112457954	0	550	160	295.329
AluSq2	-0.449576667074132	0	1251	2746	3750.046
L1ME3E	-0.83692866959875	0	543	189	337.6
LTR33B	-0.425101182623542	0.012	2509	84	112.784
MER65D	-0.240576018984508	0.506	1620	28	33.081
MLT1D	0.316846701257304	0	5856	1754	1408.151
THE1C	1.13457707405234	0	3087	1599	728.294
L1MA5	-0.315447933962747	0.004	891	294	365.853
FLAM_C	-0.710470404276349	0	772	1022	1672.337
SVA_E	-0.124040372950607	0.636	1121	46	50.13
AluSg	-0.417564309904261	0	1506	2344	3130.812
MER1A	0.275089032329088	0.002	1289	293	242.135
MER21C	0.51791109159886	0	1094	599	418.331
LTR41	0.048828617466926	0.788	517	86	83.138
L1MB8	-0.374819764570461	0	986	980	1270.744
Tigger12	-0.664249432332967	0.002	1465	39	61.805
LTR37A	0.156204053081846	0.256	2095	154	138.197
AluSg4	-0.531997359617773	0	3743	597	863.22
MER11B	2.64394696622793	0	342	298	47.677
L1ME4b	-0.883532568611374	0	467	957	1765.557
AluJr4	-0.804472436653862	0	620	499	871.507
U6	-0.680024233056604	0	812	72	115.356
MER8	-0.757012575646688	0	266	80	135.199
Charlie29b	-0.858523599675141	0	919	55	99.725
AluSx1	-0.479224283282967	0	2908	5605	7813.336
MSTD	-0.165450452625489	0.02	6037	494	554.029
AluSg7	-0.55530490552906	0	2609	288	423.21
AluSz6	-0.600792771371999	0	264	1952	2960.305
Charlie4z	-0.616569606878088	0	3983	262	401.705
MLT2B3	-0.227178782540125	0.05	1465	206	241.132
MER31-int	-0.0992994661663795	0.73	58	79	84.629
MER92-int	0.177799094322388	0.526	4420	79	69.84
MER34A	0.843776216650924	0	1322	191	106.422
L1MC3	-0.437153303201378	0	1037	773	1046.588
MSTA1	0.24267985684265	0.34	14	46	38.878
MER4A1	1.11694159339062	0	17	356	164.141
MER4E	0.972910894679986	0	1729	109	55.533
AluYc	-0.117204430296011	0.112	66	431	467.476
MER4A	1.06820769974544	0	24	135	64.383
Charlie30a	-0.898265269168786	0.01	132	17	31.685
MER31B	0.493066728102327	0	102	152	107.998
L1MA4	-0.670386328362826	0	309	547	870.55
FRAM	-0.503045046271145	0	1348	972	1377.52
MER112	-0.873639798357537	0	5	168	307.823
Ricksha_0	-0.338294182183152	0.42	320	23	29.078
Tigger4b	-1.24143879941471	0	38	76	179.69
Charlie20a	-0.528675980386995	0.042	6	43	62.032
L1MD3	-0.281083400332485	0	388	327	397.34
AluYf1	0.146834987744353	0.22	172	161	145.42
L1MC4a	-0.37415654862542	0	435	576	746.543
MER39B	0.523067523252959	0	379	128	89.074
L1ME1	-0.39248114239461	0	6685	1863	2445.465
LTR9B	0.646655266378984	0.002	1117	79	50.462
MER5A	-0.450978769026503	0	4138	1745	2385.358
MER4E1	0.990854984966734	0	9119	156	78.496
MLT1E3	-0.0170814730337612	0.968	831	145	146.727
LTR37B	-0.333626373663848	0.04	211	113	142.4
MLT1O	-0.0760581741962436	0.382	85	336	354.189
MSTA	0.901702934450489	0	39	2691	1440.37
MER103C	-0.433321859762032	0	103	454	613.054
LTR39	1.08054392545424	0	57	194	91.733
L1ME3B	-0.613628059809778	0	68	401	613.571
L1PA5	0.48154712786724	0	58	1616	1157.394
L1ME3D	-0.776756059779504	0	40	186	318.669
L1P4	-0.15336879692	0.138	38	257	285.826
L1MA2	-0.646571122123456	0	32	431	674.706
LTR22C2	0.841662972832899	0.098	126	10	5.58
L1PA15-16	0.47475836702319	0	43	189	136.002
L1ME3A	-0.465052672499927	0	30	862	1189.877
L1PA8A	-0.213041365727423	0.064	63	209	242.258
L1PA8	-0.206700891253186	0	21	607	700.506
L1PA10	-0.0963878078379597	0.134	77	600	641.456
L1MEd	-0.0342502463431848	0.572	31	1224	1253.406
ERVL-int	-0.81840840972556	0	12	37	65.248
L1MA7	-0.625202446560853	0	145	433	667.871
L1M7	-0.180921895828857	0.206	125	199	225.588
HAL1b	-0.312651289943263	0.006	30	251	311.739
MLT1H1	0.339972789247269	0	106	338	267.039
THE1B	1.61381986132178	0	1166	5058	1652.611
THE1B-int	2.04213819668102	0	82	1660	403.054
MLT1H1-int	0.528975917354307	0.094	51	43	29.801
LTR64	0.863781823464842	0	996	49	26.926
THE1D	0.91545189348958	0	620	1755	930.462
tRNA-Gln-CAA_	0.889636756639582	0.35	659	4	2.159
tRNA-Ser-TCA(m)	1.76121314041288	0	524	7	2.065
MER124	-0.285505449161093	0.224	682	43	52.41
L1PA11	-0.308529151973706	0	232	306	378.964
MER3	-0.599812196058103	0	441	493	747.151
MER5A1	-0.473742247234339	0	411	785	1090.135
L1ME3	-0.408913375306316	0	393	515	683.758
L1MEg	0.119363624972049	0.064	197	1100	1012.653
L1MC4	-0.569945411518042	0	424	1181	1753.156
LTR104_Mam	-0.0729776674824102	0.674	834	131	137.797
BLACKJACK	-0.971033172170727	0	301	82	160.74
L1M3	0.148373476939095	0.056	13	584	526.924
LTR7	1.29592343629088	0	279	443	180.423
MER67C	0.308939546805476	0.03	269	149	120.278
LTR67B	0.333603641976327	0	61	328	260.285
LTR79	-0.483750662553039	0	197	203	283.87
Charlie1b	-0.813457402555534	0	4362	122	214.405
Charlie1a	-0.638721942891383	0	15391	276	429.718
Tigger3a	-0.785026436068121	0	25202	226	389.426
MER113A	-0.468489682590767	0.004	614	103	142.517
MER44B	-0.537772137009457	0.002	281	107	155.335
Chap1a_Mam	-0.858349452552864	0	20741	54	97.9
MLT1C2	0.588940769150796	0	39	1744	1159.465
L1M8	-0.193929406370542	0.328	175	112	128.114
MER102c	-0.465632957805614	0	53	156	215.424
L2d2	-0.674652721958642	0	21741	2273	3628.191
Tigger7	-0.388388846917612	0.002	4461	159	208.12
MER41D	1.35000496945987	0	2273	86	33.737
HAL1	-0.116700155004065	0.022	7554	1472	1596.019
MLT1A1	-0.158751231306826	0.034	590	440	491.181
LTR78	-0.308838759230924	0	1483	283	350.555
SVA_D	1.1574807455973	0	23	319	143.006
L1M4b	0.442054691073711	0	235	456	335.655
UCON76	-2.2910141014173	0.01	920	2	9.788
MLT1B	0.279124393180426	0	240	1549	1276.517
L1MC1	-0.55389534462319	0	473	725	1064.332
L2d	-0.623215310965053	0	332	1259	1939.243
L1PA3	0.467572621960146	0	361	1669	1206.988
Charlie19a	-0.79985043491533	0	435	63	109.678
L1ME4a	-1.00021569452791	0	1129	1040	2080.311
LTR2C	2.16725151351288	0	17	93	20.705
L1MB4	-0.0620579625144523	0.418	3	672	701.537
BSR/Beta	1.43052222545165	0	5	292	108.331
AluSc8	-0.277775388337494	0	6	1222	1481.46
MER101-int	1.23676767971005	0	4	211	89.532
LOR1-int	2.0185989859246	0	5	440	108.591
LTR57-int	0.566195850739778	0.068	49	43	29.042
HERVK9-int	2.71294056497921	0	27	451	68.786
MER9a2	2.96970998787589	0	10	184	23.488
MER102a	-0.386769568392006	0.004	34	160	209.194
MER67A	1.0880838490033	0.004	16	70	32.927
MER2	-0.936245129620249	0	34	338	646.777
HERV16-int	-0.0659070733208828	0.754	122	140	146.544
X24_LINE	-0.931985556414248	0	1930	20	38.158
L1MEc	-0.0199995363160444	0.758	916	1371	1390.138
MER63B	-0.149752431821297	0.25	322	153	169.735
MER4A1_	0.716275735399021	0.006	72	51	31.042
MLT1G1	0.262608401789313	0.006	627	321	267.579
AluYa5	-0.196814189356483	0.032	349	237	271.641
L1MD	-0.365109450604814	0	367	484	623.382
LTR12C	2.33853263388849	0	229	1396	276.005
LTR13A	0.648023823989954	0.038	257	26	16.592
Tigger19b	-0.760046175010622	0	190	145	245.564
L1MEf	0.0382507828174482	0.588	284	915	891.059
L1M4a2	-0.00284605704958968	1	114	158	158.312
MER49	0.524830392183863	0	132	147	102.171
L1ME2	-0.466262734155514	0	5931	711	982.265
MER50	0.552356774796351	0	124	285	194.343
AluSx4	-0.391536561319551	0	88	647	848.728
L1PB1	-0.147448233074295	0.006	248	1086	1202.863
MamRep1151	-0.782740871934493	0	327	53	91.181
MER41B	0.747996727567337	0	439	356	211.973
MER30	-0.46874370778962	0	258	208	287.852
Arthur1B	-0.340479006829511	0.018	286	130	164.603
LTR46	0.618953997454394	0.09	43	28	18.232
MER9a1	2.84822068885506	0	68	196	27.218
LTR13	1.31745190498699	0	440	107	42.933
LTR13_	0.598369533415259	0.406	81	6	3.963
MER54A	0.687150039833735	0	449	88	54.655
MER68	0.286252056196332	0.05	368	135	110.704
L3b	-0.483168816170946	0	722	475	663.96
MER4B	0.887993474309833	0	65	241	130.228
MER4B-int	1.33909244012033	0	2403	312	123.324
AluYe5	-0.0986295107466707	0.528	507	86	92.085
LTR16B1	0.159176533186557	0.336	137	97	86.867
AluSq4	-0.380960783289889	0.008	1398	91	118.501
AluYc3	-0.150992853291108	0.574	141	36	39.972
AluYh3	0.200482836077616	0.342	393	54	46.994
MER20	-0.104848176255938	0.024	254	1086	1167.864
hAT-1_Mam	-0.971235269219283	0	188	54	105.868
MER63D	-0.332977718953167	0.048	100	95	119.663
MER66C	0.41472838345988	0.064	279	56	42.009
AluYk3	-0.0573991074885473	0.4	19	420	437.047
MER66-int	1.15997230356468	0	60	142	63.548
7SLRNA	-1.0264459803038	0	725	47	95.739
AluYh9	0.125435500440845	0.812	1829	11	10.084
MER74B	0.075686617436135	0.734	530	73	69.269
LTR5_Hs	0.799430970730886	0	267	99	56.883
LTR2B	0.961395256229601	0	790	50	25.678
Harlequin-int	1.50872486996988	0	538	166	58.336
LTR75	0.439285045525521	0.16	461	30	22.125
AluYa8	0.274772512274279	0.324	576	31	25.624
LTR10A	2.92449916535167	0	164	183	24.104
HERV9N-int	2.30757280191029	0	23	121	24.442
HERVIP10F-int	2.32317540741936	0	818	162	32.372
MER131	-1.06704861732079	0	895	35	73.33
HUERS-P1-int	1.77090278059047	0	852	158	46.298
LTR7B	1.63684474080949	0	382	195	62.704
L1M1	-0.518895249607893	0	834	611	875.476
Charlie22a	-0.619103073735508	0.002	686	50	76.796
MER65A	0.318479258516146	0.048	1568	129	103.447
MER65-int	0.529090091054397	0.018	1642	120	83.159
MER52A	1.56563064676744	0	778	400	135.132
MER52C	1.58605586571543	0	10162	99	32.975
MER83	0.979981328354521	0	9331	73	37.01
MER113	-0.17243257369903	0.132	459	233	262.581
LTR26B	1.36387067637198	0	128	26	10.102
LTR42	0.211703111338022	0.492	213	29	25.042
MER4D	1.06789642949589	0	452	214	102.081
L1M4c	0.624654680207335	0	7486	440	285.373
L1M4a1	0.0529304126504563	0.73	673	211	203.399
Tigger1a_Art	-0.714778106747747	0.222	589	13	21.336
MER65B	-0.195347598322219	0.79	1090	13	14.885
AluYi6	0.329438526599424	0.156	532	39	31.038
L1P5	-0.15008214745725	0.536	498	49	54.372
OldhAT1	-0.455956515021279	0	811	211	289.427
L1MC5	-0.643927789997029	0	694	677	1057.865
ORSL-2b	-0.90034982229879	0.004	20797	27	50.396
AluYm1	-0.152980641902283	0.086	2713	302	335.783
Tigger1	-0.33181316259454	0	2113	823	1035.823
Tigger16a	-0.933363452651262	0	4399	65	124.132
Arthur1A	0.0203765766267777	0.91	3723	81	79.864
L1MEb	0.110064304329252	0.502	46104	139	128.79
Tigger15a	-0.945701868008839	0	5437	175	337.072
X26_DNA	-0.915285963942201	0.002	740	35	66.008
Charlie15b	-0.875607732813374	0	3102	73	133.939
Tigger2	-0.475789464641912	0	1753	162	225.29
MER44A	-1.01069460079624	0	4356	84	169.25
MER119	-0.820168540163051	0.002	5240	49	86.515
X7A_LINE	-0.420926699436072	0.036	7599	47	62.923
MER1B	-0.139259771845738	0.088	9329	356	392.077
Charlie1	-1.22085616396088	0	10977	60	139.851
LSU-rRNA_Hsa	0.234714876449461	0.412	6355	34	28.895
LTR16E1	-0.0502634953458792	0.686	4601	174	180.169
ERV3-16A3_I-int	-0.08876868871256	0.358	3535	502	533.858
ERV3-16A3_LTR	-0.021151680634288	0.99	5653	78	79.152
MLT2D	-0.328154296462786	0.002	8860	256	321.384
L1MB2	0.331795021944312	0	11543	846	672.187
Charlie2b	-0.877869648829857	0	17080	144	264.623
MER81	0.0768661233545874	0.414	6361	261	247.458
MER89	0.637592258304322	0	9323	158	101.56
MER91B	-0.49546127212935	0.008	18216	70	98.684
MER31A	0.304210590466616	0.04	9583	122	98.806
MLT1A0	-0.0153680902342373	0.754	10120	1486	1501.914
MSTB	0.710488780914298	0	23879	1026	627.002
LTR18B	0.61921901470966	0.018	17029	43	27.994
Charlie8	-0.378031899129033	0	8093	236	306.698
MER46C	-0.538465128722512	0	13334	136	197.53
LTR81B	-0.447067793286173	0.036	6531	60	81.796
LTR40a	-0.414529187624743	0.004	13567	110	146.615
LTR81	-0.701770822379045	0.088	24233	14	22.771
MER58B	-0.561663280264638	0	10189	332	490.022
MER74A	0.569118695185239	0	14811	176	118.629
MER63A	-0.0133097354672012	0.926	18323	246	248.28
LTR52	-0.0194662475353948	0.952	7351	77	78.046
Kanga1	-0.94335876267781	0	2184	30	57.69
MLT-int	0.10828919268851	0.752	3320	32	29.686
Charlie16	-1.01839204310384	0	8747	50	101.283
MLT2C1	0.0667434049903898	0.636	7120	196	187.139
Tigger3c	0.0619459639963068	0.662	11235	173	165.729
MER91A	-0.369786349121105	0	5553	192	248.095
MLT2B1	-0.257010618206024	0.01	7208	272	325.04
MER47B	-0.918767849325147	0	1016	24	45.372
L1MB7	-0.293978296266682	0	32075	1462	1792.436
AmnSINE2	-0.899594582948617	0.002	13123	24	44.773
MamRTE1	-0.860985123423003	0	7469	338	613.902
THE1A	1.37486022570221	0	9350	805	310.4
MER45B	0.0128371818495368	0.996	16176	99	98.123
LTR81C	-0.34806656044918	0.148	8464	41	52.187
MLT1J	0.347895483123019	0	3352	1386	1089.021
Tigger2a	-0.32009211499026	0.004	14582	195	243.44
MER66B	0.266910252700237	0.07	4406	123	102.225
LTR41C	-0.24435762974479	0.366	4645	46	54.49
MER34C_	1.27627667142075	0	4641	114	47.066
MER58C	-0.669361875868178	0	19078	111	176.531
LTR26	2.47319693550485	0	29875	251	45.203
BC200	-0.291882690282744	0.218	25168	38	46.521
LTR40c	-0.0400687068844986	0.966	9612	43	44.211
MER34	0.179832386263005	0.32	3487	108	95.343
LTR19A	2.57224705295463	0	368	190	31.947
L1MCc	0.137073973350299	0.3	1753	271	246.437
AmnSINE1	-0.505510918780018	0	18334	123	174.614
MSTA-int	1.55834053269732	0	17206	833	282.838
HERVL-int	0.479897323044115	0	11747	349	250.243
LTR27C	2.60715236069868	0	13699	57	9.355
Tigger2b_Pri	-0.49770293399621	0	1034	110	155.316
MER117	-0.124895956572009	0.152	761	275	299.868
LTR106_Mam	-0.740711733399101	0.01	3089	28	46.788
MLT1H-int	-0.0335457635058307	0.986	5382	61	62.435
MER75	0.125732671725546	0.638	2432	39	35.745
MLT2B4	0.157660988649261	0.134	170	375	336.179
Tigger17c	-0.0615808702741385	0.956	3334	23	24.003
Tigger17d	-0.382452069652556	0.342	1647	18	23.464
Charlie25	-0.155929090686342	0.542	3541	72	80.218
MER51A	1.44272246209071	0	88	196	72.103
MER96	0.0774591815780047	0.65	3933	91	86.243
LTR40b	-0.33199618642956	0.072	592	65	81.819
MLT1E2	-0.228958200406909	0.024	158	257	301.201
ERVL-B4-int	-0.114156576389793	0.334	107	304	329.032
MER107	1.28328244573724	0.068	162	57	23.419
Arthur1C	-0.27953072572999	0.274	199	40	48.552
MER45C	-0.0624380139091094	0.822	809	83	86.671
THE1C-int	1.94433028739158	0	7337	656	170.452
MER121	-0.25895436428675	0.198	4243	54	64.617
L1PA12	0.231469181245892	0.094	1835	176	149.911
AluYg6	0.264973041121056	0.12	9214	70	58.255
LTR16A1	0.041966574236769	0.686	3079	200	194.266
MSTB-int	1.29918627742976	0	8639	197	80.052
L1MDa	-0.152719079934298	0.118	1519	501	556.943
L1ME3Cz	-0.630227349988068	0	14511	675	1044.771
L1ME2z	-0.457213376419059	0	4850	391	536.799
L1PA15	-0.583457029661554	0	5114	512	767.199
tRNA-Gly-GGA	-0.455228571117139	0.634	11102	5	6.855
UCON16	-1.35839626195665	0.54	12283	1	2.564
Eulor10	0.201465556565791	0.992	11650	3	2.609
L1MA10	-0.803568318726619	0	6196	218	380.5
X30_DNA	-0.458299107322544	0.05	13418	38	52.209
L1MC2	-0.103504937633842	0.23	8382	460	494.215
MamTip2b	-0.39317366483908	0	2467	351	460.961
UCON80_AMi	0.052695419347942	0.942	1911	15	14.462
L1ME3C	-0.637699409902187	0	13410	156	242.712
L1MEh	-0.208374190135614	0.134	2963	192	221.834
L1MA5A	-0.338704363589928	0.002	3726	216	273.158
LTR10B2	3.02905575540858	0	7713	65	7.963
LTR21C	0.839940351683892	0.46	2222	3	1.676
LTR62	0.814738237674548	0.004	468	43	24.446
THE1D-int	1.7066078933703	0	336	735	225.189
MER44C	-0.0556866403837072	0.82	8315	82	85.227
Charlie4a	-0.573711722904389	0	55157	138	205.392
MER34C2	1.42037423177946	0	949	117	43.713
MER39	-0.147362694355143	0.226	42	221	244.767
AluYh3a3	-0.317561347906224	0.632	557	9	11.216
MADE2	-0.477461128392041	0	11	127	176.821
MSR1	-0.885872909226269	0.026	1749	17	31.414
Helitron3Na_Mam	-0.829812666519345	0	170012	44	78.208
LTR5B	1.24791749476281	0	93700	90	37.895
LTR45C	0.98374141513621	0	129292	60	30.34
Tigger3d	-0.902105746065649	0.002	28368	24	44.851
LTR8A	1.59809168261567	0	53617	338	111.646
LTR38	0.229843695896645	0.532	46112	22	18.76
LTR38-int	1.30757280191029	0.004	9843	21	8.484
HERVK13-int	1.74112479677029	0.002	6659	22	6.581
LTR3B_	1.61488132215892	0	3332	61	19.916
MLT1E1	0.0755200076409777	0.718	5094	80	75.92
LTR78B	0.0399763590956014	0.762	745	237	230.523
L1MB1	-0.54021625210306	0	2331	336	488.608
Tigger4a	-1.34983114341839	0	559	96	244.687
L1MD2	-0.423802811371945	0	1421	632	847.802
MER115	-0.294125940597827	0.026	852	148	181.469
L1MEi	-0.123007675366972	0.232	1133	356	387.685
MER77	0.793282363113516	0	143	168	96.941
LTR3A	1.52822901184939	0	454	37	12.828
MER77B	0.899514663349565	0	104	179	95.956
LTR33C	0.0666827097608622	0.742	252	71	67.793
LTR85c	0.0715481430777193	0.692	1176	86	81.839
Kanga1a	-0.701591015180739	0.01	528	37	60.173
Kanga1d	-0.651193321948777	0.026	762	30	47.114
LTR105_Mam	-0.222804561045261	0.414	621	41	47.847
MLT2B2	-0.182029742763892	0.204	1986	142	161.096
LTR40A1	-0.553500938947323	0.094	682	28	41.094
HERVL40-int	0.166615306588238	0.474	664	115	102.457
MER85	-0.773222743213978	0	427	36	61.527
MLT1J1	-0.0863728123985575	0.346	86	324	343.99
MER92B	1.11931447473888	0	54	128	58.92
LTR10E	2.97902740171027	0	44	171	21.688
MER63C	-0.559034198232878	0.022	67	46	67.771
LTR16E2	-0.143639369966865	0.274	182	154	170.122
MLT1E1A	0.261131304150783	0.012	27	300	250.33
L1PA13	-0.541886035393308	0	327	542	789.084
Kanga1b	-1.18507363787676	0.004	82	12	27.285
MLT1F1	0.45250613020486	0	171	325	237.501
L4_B_Mam	-0.548311751171987	0	107	158	231.055
MamRep4096	-0.511598622070853	0.016	539	62	88.389
L1ME5	-0.337231483118541	0.008	182	197	248.876
MER21B	0.546162751724651	0	293	311	212.985
L1P2	0.815857037675258	0	450	282	160.196
LTR85a	-0.258262065390814	0.104	131	108	129.172
Tigger19a	-0.496071458546751	0	791	174	245.404
HAL1ME	-0.443293011742059	0	557	389	528.925
LTR24C	1.09453160807322	0	178	59	27.629
L1MA1	-1.19103865527303	0	2781	170	388.139
MSTC	-0.0803995387845165	0.502	502	222	234.723
AluYb8	0.0660441069421709	0.51	115	201	192.006
MER21A	-0.441684454026222	0.002	653	111	150.759
X6a_DNA	-0.367476568229357	0.072	524	53	68.375
MSTB2	0.0422834683359226	0.792	48	120	116.534
MLT2A2	0.0117802544014435	0.952	210	295	292.601
MER48	1.026303016309	0.002	96	30	14.729
HERVH-int	1.42853613669093	0	144	1436	533.485
L1PA17	-0.328147114033631	0	368	310	389.174
L1PB4	-0.721418807239849	0	137	365	601.813
LTR53B	0.274861936649739	0.52	311	17	14.051
MER61B	0.540091536195285	0.034	3080	44	30.26
L1ME3F	-0.499632697040127	0	4295	239	337.911
tRNA-Leu-TTA	1.35107444054688	0.394	2734	2	0.784
MLT1A0-int	0.434479280598846	0.018	1849	102	75.476
LOR1a	2.06301621308221	0	702	257	61.504
LTR33A_	-0.277493705566473	0.068	1203	103	124.845
MER57B1	0.38196483500235	0.016	1681	97	74.437
AluYh7	0.650544132154846	0.008	6765	50	31.852
LTR16A2	0.158646966948986	0.246	1137	148	132.588
LTR53	0.283627607271224	0.238	214	44	36.147
X17_LINE	-0.630960111009091	0.004	314	42	65.041
MER90	-0.336380934581424	0.2	2540	41	51.766
LTR50	-0.0749490874790679	0.584	2368	176	185.385
LTR1A2	0.530755995640278	0.01	855	99	68.527
LTR89B	-0.374705660875778	0.154	198	40	51.863
MER11A	3.03928838525275	0	371	712	86.609
LTR81AB	-1.22210900697431	0.018	77	8	18.663
LTR1B1	-0.0121088992257626	1	229	14	14.118
MER61D	2.15446560400486	0	457	86	19.317
MER61A	1.22394828164816	0	287	137	58.651
Arthur1	-0.422081590506675	0.012	140	128	171.502
X7B_LINE	-0.699004846448365	0	367	39	63.312
LTR8	1.66442516831279	0	851	834	263.102
Eutr15	-0.752114230600655	0.004	349	27	45.475
L1MA6	-0.890227689346342	0	92	239	442.979
MamRep434	-0.436645539507512	0.002	174	108	146.173
L1PB2	-0.202416283689151	0.086	64	218	250.836
L1P3	0.14317362281392	0.108	72	320	289.768
EUTREP8	-1.20312283198418	0.018	65	8	18.419
CR1_Mam	-0.896707788825398	0	306	64	119.156
MER45R	-0.346056061454307	0.206	310	37	47.03
Tigger17a	-0.235902080466793	0.064	300	154	181.357
MamTip1	-0.500002707287513	0.034	136	37	52.326
LTR101_Mam	-0.30600484389831	0.138	234	68	84.067
MLT1G	0.532953962007036	0	137	304	210.106
Tigger11a	-0.712913654324939	0.066	897	18	29.504
MER110	-0.606126332566324	0.02	94	36	54.798
MLT1N2	0.0924122139648245	0.24	36	427	400.506
LTR66	1.296416012454	0	22	66	26.871
HERVL66-int	2.13874699674278	0	109	39	8.856
MER54B	0.648282996073692	0.016	170	51	32.54
MER70A	0.517504929086779	0.024	154	57	39.819
MLT1E	0.0129561268268649	0.976	156	67	66.401
L1MD1	-0.247787129387198	0.004	39	476	565.195
MamGypsy2-I	-0.481158806040812	0.004	17	118	164.712
LTR90B	-1.28857512247204	0	113	15	36.643
MER20B	-0.721058545609784	0	82	179	295.062
MamSINE1	-1.08297068024794	0	118	188	398.258
LTR16D	-0.0368865047086288	0.932	878	78	80.02
MLT1F	0.436864472629442	0	203	432	319.135
LTR24	0.819406538410636	0.012	314	40	22.667
LTR24B	-0.692159346176777	0.076	462	20	32.314
MER57A1	0.832392551785918	0	377	139	78.062
LTR10C	2.03650804857838	0	315	166	40.463
MLT1J-int	0.0710905168980315	0.696	622	110	104.711
MADE1	-0.694654597290255	0	610	322	521.156
MLT2A1	-0.106569863169454	0.378	137	248	267.013
LTR48B	0.105221032374445	0.594	316	80	74.373
MER34-int	0.58320724452372	0.078	229	46	30.704
LTR49-int	1.05640785086687	0	124	360	173.098
tRNA-Glu-GAA	0.954557029238833	0.05	322	12	6.192
MER70B	-0.216162222780702	0.348	233	61	70.86
MER121B	-0.682573297347578	0.546	151	3	4.815
LFSINE_Vert	-1.15883556833691	0	119	70	156.294
Tigger9b	-0.994864149402387	0	272	28	55.801
UCON49	-0.865720900423239	0.272	222	4	7.289
Kanga2_a	-1.14482952083881	0	140	50	110.56
MamGypLTR1a	-0.218978378506936	0.288	264	66	76.818
Tigger23a	-0.729661525875295	0.01	228	24	39.798
L1MEj	-0.505782665245661	0	730	122	173.227
L4_A_Mam	-0.721080445455612	0	354	286	471.447
MamRep38	-0.708894004897563	0	313	89	145.475
L1PB3	-0.607504417895448	0	97	206	313.866
LTR23	0.489431190509662	0.012	149	85	60.546
ERV24_Prim-int	0.214284269933203	0.524	251	38	32.755
LTR23-int	0.771027430239839	0.094	1235	23	13.478
MER34B	0.356009785427693	0.116	9406	62	48.442
LTR54	0.461564744277952	0.006	2229	111	80.608
MER34C	0.837532132384696	0.016	1779	25	13.99
MER75A	-0.00144197417390659	1	1635	6	6.006
LTR16A	-0.242939682995051	0.014	944	259	306.501
L1M6	-0.683445908282313	0	271	242	388.645
MER44D	-0.546647560466183	0.056	117	32	46.742
MER34A1	0.218668475093451	0.33	95	67	57.577
L4_C_Mam	-0.880026672547502	0	206	193	355.199
MamRep1879	-0.371908179602252	0.014	505	79	102.231
MER94	-0.459583414539518	0	1395	235	323.159
X12_DNA	-0.900691017858795	0	2029	50	93.348
LTR16B2	-0.335086033132125	0.022	2097	95	119.838
Zaphod3	-0.449773065447574	0.036	258	63	86.047
MER58D	-0.6418419361834	0	116	50	78.016
MamTip2	-0.330216618834825	0	164	282	354.531
LTR33A	-0.0856003955839923	0.526	236	147	155.986
MER41A	0.730242768524482	0	132	324	195.308
LTR8B	2.11578961457025	0	1297	545	125.742
MER5C	-0.867394701970499	0	197	52	94.867
UCON63	-Inf	0.804	179	0	0.924
MLT1C2-int	-0.239267095794658	0.568	90	28	33.051
Tigger13a	-0.804244227710231	0	276	130	227.01
LTR16D2	-0.235565837840809	0.612	107	19	22.37
ORSL	-0.380405517471564	0.058	2032	65	84.611
MARNA	-0.802902910367812	0	580	125	218.076
MLT1G1-int	0.177881725270655	0.622	1142	26	22.984
LTR84b	-0.0963412376041023	0.634	610	85	90.87
LTR1C	0.411469527226917	0.604	1199	7	5.263
THE1A-int	1.62808619485264	0	868	439	142.024
LTR91	-0.634360931696581	0	766	72	111.762
LTR41B	-0.0997145229023934	0.718	338	57	61.079
LTR91A	-0.492113722297485	0.002	470	123	173
AluSq10	-0.488198576420296	0	182	78	109.41
X12_LINE	-0.927232775125704	0.048	250	8	15.213
MER105	-1.16948775487406	0	233	22	49.485
LTR19B	1.50283363314262	0	177	57	20.113
HERVIP10FH-int	1.97749136843975	0	448	145	36.82
Charlie16a	-0.429437429406979	0.004	473	72	96.963
FordPrefect_a	0.5823034291221	0.08	260	29	19.369
MER11C	2.44124716787943	0	82	426	78.437
LTR85b	-0.456366669673706	0.018	696	61	83.697
LTR71B	1.47547335314082	0	287	52	18.7
LTR16D1	-0.594739622332686	0.304	43	10	15.102
L1MA3	-0.631197081407086	0	175	532	823.988
X9_LINE	-0.208155793281627	0.4	122	38	43.898
Charlie18a	-0.580670220835352	0	105	114	170.492
MER51E	1.50446855674071	0.002	1009	50	17.623
MER91C	-0.586226775128619	0	1026	73	109.596
LTR86A1	-1.29979413729573	0	1584	16	39.391
U2	-1.10977589689969	0	2333	33	71.218
LTR83	-0.329676689665855	0.252	25	41	51.526
LTR75_1	1.53393849769669	0	701	27	9.324
MER72	1.13752184380328	0	2597	126	57.272
L2-3_Crp	-0.537012009096591	0	416	84	121.881
UCON88	1.88830092780258	0	1109	8	2.161
Charlie32a	-0.825785627464792	0.08	176	10	17.725
MLT1D-int	0.583208647127437	0.026	516	67	44.721
MER52D	1.4572072650191	0	354	157	57.179
L1M	-0.0572345193417843	0.85	198	49	50.983
X15_LINE	-1.99539406494219	0	1137	4	15.949
LTR12E	2.10913644383319	0	884	42	9.735
MamRep564	-0.18319535234427	0.44	425	48	54.499
LTR21B	1.25555182950259	0.072	1050	6	2.513
HERVFH21-int	2.02570620355276	0	282	53	13.016
LTR14B	2.29458938629685	0	387	138	28.128
AluYk4	-0.292437454386929	0.106	76	65	79.606
Cheshire	-0.510388738880134	0.046	116	53	75.495
MamRep605b	-0.576042735685265	0	306	110	163.983
LTR12	2.56584868230066	0	469	380	64.178
MER101	1.1834245899377	0	38	59	25.978
X7C_LINE	-1.21066593282361	0	254	18	41.66
LTR36	0.263111351621214	0.324	200	45	37.498
MER126	-1.63118190712933	0.002	326	6	18.586
MER130	-1.07587486697513	0.078	384	6	12.648
UCON22	-0.333996118196453	1	477	2	2.521
MLT1M	0.0497962936873716	0.674	435	165	159.402
LTR71A	-0.308244364393713	0.632	3787	10	12.382
U13_	-0.244314021018234	0.588	356	17	20.137
Penelope1_Vert	-0.849110753123897	0	147	41	73.857
Tigger14a	-0.887671482424319	0	329	48	88.809
Charlie7a	-0.979893641452001	0	163	50	98.616
MamRep137	-0.542354597015509	0	2427	118	171.849
Charlie29a	-0.989381253198857	0	162	36	71.472
Charlie17a	-0.608878043182989	0	170	55	83.879
MER94B	-0.176978237345885	0.48	251	37	41.829
Eulor2A	-1.20758054618695	0.29	161	2	4.619
UCON20	-0.0346852662097191	1	163	3	3.073
CR1-3_Croc	-0.377829749097604	0.02	229	70	90.957
LTR86A2	-1.80907139464663	0	311	6	21.025
MER102b	-0.2500190598873	0.03	130	184	218.817
X5B_LINE	1.01362547391503	0.064	204	10	4.953
X20_LINE	-1.1219437335104	0.072	207	5	10.882
U1	-0.0401640896891619	1	105	13	13.367
Mam_R4	-0.544027367450174	0.062	4897	27	39.367
MLT2C2	-0.486277855797564	0.022	3301	69	96.657
Ricksha_c	-0.220553249291181	0.304	4095	61	71.076
MLT1G3	0.395140924930376	0	888	265	201.51
X9a_DNA	-0.88950349540279	0.002	332	26	48.166
CR1-16_AMi	-0.430486005075717	0.264	258	16	21.563
MER96B	-0.432940151958541	0.004	3504	111	149.848
LTR1F	1.16100790670626	0	401	25	11.18
UCON57	0.49817873457909	0.844	513	2	1.416
Charlie24	-0.516210400432455	0.018	336	62	88.672
MER75B	0.42240088769233	0.434	853	11	8.208
5S	0.227192205354903	0.18	275	98	83.721
MER90a	0.00971933252760309	0.97	1161	91	90.389
L1MA4A	-0.482350651982344	0	739	388	542.043
Tigger3b	-1.22249111339609	0	1049	213	497.034
tRNA-Glu-GAG_	0.44099773381048	0.494	1162	8	5.893
Zaphod	-1.21668766428049	0	736	72	167.337
MER84	0.642391696186151	0.034	702	40	25.626
MER84-int	1.44138249446422	0.004	1302	28	10.31
HY1	-0.559783131389678	0.068	1893	21	30.955
MARE4	-0.0788147484160333	0.898	1200	20	21.123
Charlie10	-0.619856407162757	0.008	1186	54	82.983
LTR9D	1.02786351398804	0	554	117	57.381
SVA_F	1.07952056331719	0	308	172	81.388
Charlie26a	-0.990269140067723	0.004	302	18	35.758
Charlie21a	-1.60367579384023	0	285	18	54.705
MamGypLTR2c	-0.423543945835395	0.064	301	55	73.767
EuthAT-2	-1.49791036834265	0	718	30	84.73
LTR29	0.706511797624492	0	912	85	52.088
SVA_B	1.23792684226465	0	1640	162	68.685
MamGypLTR1b	-0.284040263954096	0.132	1044	70	85.232
Charlie10a	-0.925239905487411	0.034	1101	11	20.889
Tigger16b	-1.21359852749628	0	749	39	90.447
LTR86C	-0.391492789980722	0.394	1481	16	20.988
U5	-1.790772037862	0.002	1644	4	13.84
L2-2_Mam	-0.0393723887239321	0.972	850	36	36.996
Charlie2a	-0.66377579595087	0	407	94	148.917
MER104	-1.06560103194481	0	536	72	150.699
SVA_A	1.10564125245813	0	1592	194	90.151
Kanga11a	-0.858800143082111	0	2468	34	61.66
MER5C1	-0.600133797702384	0.03	491	28	42.444
Charlie23a	-0.527690649417042	0.004	709	71	102.355
Tigger9a	-1.59106100933413	0	172	24	72.305
Charlie17	-1.12752323014034	0.002	755	18	39.327
L1MCb	-0.399763189544943	0.016	8005	127	167.55
SVA_C	1.46535604157023	0	2711	130	47.079
X32_DNA	-0.69032130646955	0.104	564	14	22.591
L1MCa	0.0296563103312229	0.728	695	589	577.016
MARE8	-0.880783464573534	0.084	1103	8	14.731
MER51B	0.574072515759211	0	1224	78	52.394
HERV9-int	2.00241466215701	0	1168	177	44.176
LTR47A	0.864012831285692	0	777	90	49.448
MER9a3	2.96611101890443	0	879	345	44.15
LTR82A	-0.0957181720473913	0.676	1055	72	76.939
LTR21A	1.59385210207369	0	680	21	6.957
LTR77	2.0134070326941	0	1350	32	7.926
LTR61	1.40803904313774	0	724	34	12.812
MER106B	-0.809414444235898	0	2302	32	56.08
LTR56	0.473747182842604	0.008	916	98	70.569
MER4C	0.581058862984724	0.004	1278	74	49.467
MER41E	0.657223267287146	0.01	2500	41	25.998
AluYe6	0.642217694378971	0.036	1314	22	14.096
HERVFH19-int	1.74249235369711	0	1507	34	10.161
MER110A	0.0972832218195357	0.722	709	48	44.87
AluYd8	0.348316819367891	0.344	2167	20	15.71
MER11D	2.55123116983494	0	1282	128	21.838
Tigger10	-0.818947591197174	0	2142	59	104.083
hAT-N1a_Mam	-1.01965744103695	0.004	503	16	32.439
MamGypLTR3a	0.274134223456591	0.104	804	112	92.618
Eutr10	-0.147856153477478	0.588	3594	64	70.907
LTR26E	1.56696143467384	0	2391	27	9.113
MamRep488	-0.162124082306662	0.616	9028	30	33.568
MLT2B5	-0.148337602217487	0.718	49	24	26.599
Charlie7	-0.836193459941067	0	5945	159	283.868
Zaphod2	-0.307355659966297	0.258	774	48	59.397
LTR9	1.10243011743566	0	460	134	62.408
LTR60B	0.712882364211819	0.042	5279	30	18.303
LTR2	1.83176789147648	0	6841	238	66.859
MER57C1	0.345133192417696	0.43	1176	17	13.383
MER21-int	0.423526234895169	0.05	836	110	82.016
AluYi6_4d	-0.0561210519909089	1	81	3	3.119
Tigger4	-1.00144197417391	0	13	56	112.112
MER47C	-0.184809238528292	0.434	312	45	51.15
ORSL-2a	-0.307733825170297	0.424	187	21	25.993
7SK	-0.464385690361489	0.056	218	37	51.05
LTR1D1	1.0632352362388	0	29	52	24.885
LTR51	0.557916176767215	0.034	3187	46	31.247
Kanga1c	-0.966455926705431	0	370	29	56.667
Zaphod5a	-Inf	0.008	1253	0	5.602
X7D_LINE	-0.934705200172562	0.518	269	2	3.823
MER106A	-0.575597082497478	0.018	3088	34	50.67
LTR84a	-0.371309404832687	0.184	3205	38	49.154
UCON14	-0.735738781912347	0.412	3172	4	6.661
UCON70	-0.423667804422284	0.872	9080	3	4.024
UCON29	-1.22553936152589	0.01	2260	7	16.369
Charlie13a	-1.17515196985757	0.006	730	18	40.647
MLT2F	-0.145464362919394	0.34	740	127	140.473
L2-1_AMi	-0.419153607751076	0.032	834	49	65.52
UCON105	-1.00131094515235	0	361	22	44.04
UCON81	-Inf	0.116	802	0	2.656
UCON73	-1.27475152988414	0.01	412	7	16.937
MamTip3	0.0313651259573415	0.884	633	83	81.215
Charlie4	-0.435953201596973	0.088	4569	46	62.229
LTR26C	1.20322987439995	0	3816	53	23.018
MER2B	-0.895453712608608	0	2109	77	143.235
EutTc1-N2	-0.33925142745084	0.58	2559	10	12.651
X5a_DNA	-1.36803176830153	0	4434	11	28.393
Charlie13b	-0.0816931115989047	0.898	1221	27	28.573
LTR16	0.0103950042785945	0.952	992	223	221.399
LTR43B	0.386222384240988	0.302	562	23	17.598
LTR103_Mam	0.386637241374105	0.052	885	67	51.249
MamGypLTR4	-0.946414160801591	0	267	26	50.104
LTR47B2	0.494673615392053	0.214	941	18	12.775
X1_DNA	-1.08433052929247	0	70	23	48.769
X33a_DNA	-1.26183165875214	0.298	48	2	4.796
Tigger22N1	-1.07258223621702	0	765	36	75.715
HY3	-0.994619949363619	0.002	138	18	35.866
ERV24B_Prim-int	0.0130899994404439	0.972	276	31	30.72
HSMAR1	0.122623831451359	0.6	213	64	58.785
MER34B-int	0.163457997939148	0.648	125	51	45.537
LTR75B	-0.843380920709794	0.108	181	8	14.354
MamRep1894	-1.03344981540121	0	1137	23	47.079
LTR27B	2.35221706879053	0	37	58	11.359
LTR1C1	2.28504802918622	0	54	28	5.745
MER67B	-0.00830247578546756	1	41	35	35.202
X6b_DNA	-0.557102339046864	0.006	90	45	66.209
UCON34	-0.916604029104338	0.016	822	12	22.652
U3	-0.478948279442992	0.316	29	11	15.331
Eutr11	-0.102288592877168	0.796	3307	40	42.939
X4b_DNA	-1.14297775055069	0	5525	22	48.584
MER97c	-1.17084070762405	0.064	9338	7	15.76
MLT2E	-0.763936413513286	0.052	17280	17	28.868
LTR65	-1.16203812317768	0.004	4240	15	33.566
HSMAR2	0.321738803398778	0.012	1094	181	144.819
Tigger8	-0.833628616266713	0.002	2062	37	65.94
MER52-int	1.91790765771131	0	2871	163	43.136
LTR22B1	1.6112900045596	0	5724	36	11.783
HERV4_I-int	1.86739784933268	0	2101	104	28.503
Zaphod4a	-1.23552284226522	0.01	11144	12	28.256
MER68-int	-0.135508602885006	0.804	4256	25	27.462
MER70C	-0.237707671125707	0.616	255	17	20.045
LTR102_Mam	-0.573784663692682	0.108	1194	26	38.699
LTR10F	2.03734579181848	0	1379	139	33.862
MER6	-0.503233074363266	0.054	1525	44	62.365
U13	-0.497356885709619	0.426	9845	8	11.293
Tigger6a	-0.637757768597816	0.036	1355	33	51.345
PRIMA4-int	0.433753107836263	0.142	423	45	33.315
HERVK-int	1.2459538843338	0	1513	62	26.141
MER41G	0.622513139456023	0.254	804	13	8.444
L1HS	0.333181701860437	0.008	668	162	128.593
LTR44	1.19446858150207	0	641	38	16.604
LTR45B	0.883445127337605	0	206	56	30.356
MER57A-int	1.00654996815969	0	685	302	150.316
LTR45	0.661432962998849	0.096	613	20	12.645
L1M3f	0.124243761668582	0.588	254	66	60.554
LTR57	0.379695118486647	0.258	3390	25	19.215
HERV3-int	1.90421534812	0	1222	99	26.449
Tigger6	-0.0422941262061696	1	3127	16	16.476
GSATII	2.33448594821819	0	1776	75	14.87
HERVE-int	1.71192486468951	0	2640	99	30.22
LTR1C3	1.55639334852439	0.004	2941	13	4.42
LTR7Y	0.980970274343408	0	863	36	18.239
HERV9NC-int	2.03647024975837	0	488	133	32.42
LTR12D	2.48638400903294	0	365	234	41.758
LOR1b	1.81849101396317	0	120	288	81.653
LTR88a	-0.0388506433343927	0.892	2404	61	62.665
MER6B	-0.307919310829498	0.254	2176	38	47.041
LTR10B	2.76237801333922	0	1126	42	6.19
LTR14A	2.14798257516937	0	657	43	9.702
UCON58	-0.823749360308273	0.108	3563	9	15.93
MamTip1b	-0.862725591974322	0.014	1331	17	30.914
MER6C	0.227692025041597	0.708	1235	11	9.394
LTR22A	1.848141183273	0	661	44	12.221
Tigger18a	-0.227440937263812	0.286	2870	78	91.319
MST-int	0.895014111175183	0	2639	31	16.67
AluYb9	-0.000908077697940972	1	623	27	27.017
Ricksha	-0.65412998222075	0.078	791	21	33.047
Ricksha_a	-0.0257375614136083	1	196	4	4.072
LTR80A	-1.68601487818834	0	1428	9	28.959
Charlie31a	-0.490955140022179	0.042	890	40	56.215
UCON35	-0.51790555352995	0.382	2314	8	11.455
LTR86B1	-0.498216821225428	0.252	416	15	21.187
UCON41	-0.656853281875372	0.016	1788	25	39.416
MamGypLTR1c	0.133530808441793	0.46	1620	87	79.309
LTR82B	-0.333250239041453	0.148	697	66	83.15
LTR88b	-0.541908725087419	0	933	78	113.56
Helitron2Na_Mam	-1.71628369691635	0	1373	9	29.573
MLT1F-int	0.659906408482162	0.012	457	62	39.241
LTR55	-0.160298738660019	0.666	1595	27	30.173
X34_DNA	-2.79181407116183	0.012	746	1	6.925
MER6A	-0.667929960953368	0.004	1092	48	76.262
MLT1I-int	0.418842783183208	0.046	2591	82	61.338
LTR9A1	0.962853700901738	0	555	73	37.452
Tigger12c	-0.456084835315567	0.054	700	43	58.988
Tigger12A	-1.17084468768654	0	83	23	51.783
HERVL74-int	0.457395249739242	0.246	621	40	29.132
UCON71_Crp	-0.284829959655509	0.53	955	15	18.274
MER135	-1.25645936507913	0	725	23	54.949
tRNA-Thr-ACA	-Inf	0.3	192	0	1.765
LTR32	0.285827421497039	0.122	171	107	87.769
CR1-1_Amn	-0.133563525741106	1	242	4	4.388
X1_LINE	-0.254594043033141	0.894	501	5	5.965
LTR16B	-0.0422154956790376	0.914	1465	49	50.455
MER127	-0.690739893319267	0.146	399	9	14.527
UCON65	-0.157690513582053	1	664	2	2.231
X6B_LINE	-0.59491597475058	0.002	6020	39	58.905
LTR10D	1.37806191195704	0	774	34	13.081
PRIMA4_LTR	0.959598484715793	0	438	50	25.71
MER57E2	0.598369533415259	0.386	1366	8	5.284
MamGypLTR1d	-0.186770265641184	0.514	1976	47	53.496
CR1-L3A_Croc	-0.979260447547788	0.008	1093	11	21.686
UCON78	-1.04369446122598	0.074	1033	6	12.369
EUTREP2	-0.478094212953683	0.038	1145	41	57.109
MER57F	0.230128716484944	0.446	195	34	28.987
DNA1_Mam	0.0204623850666417	1	472	12	11.831
Charlie17b	-0.348081304224899	0.346	464	30	38.186
U7	-1.04062946104854	0.03	512	8	16.457
MLT1J1-int	-0.293999556031352	0.474	80	29	35.555
MER129	0.0404771144850657	1	277	9	8.751
X6A_LINE	-0.968008807507746	0	424	36	70.421
MERX	-0.589667623664507	0.106	13824	20	30.098
Tigger17	0.863808613712856	0.206	7134	8	4.396
EUTREP16	-0.671394027964829	0.07	2642	18	28.667
LTR4	2.77878576986083	0	1174	42	6.12
MER87	0.870627051621747	0.032	35585	22	12.032
LTR49	0.374475666732455	0.012	16237	140	107.994
MER51D	0.19607356752882	0.694	25480	13	11.348
tRNA-Asn-AAC	-1.52707033551266	0.4	1374	1	2.882
PRIMA41-int	1.06013792806203	0	627	87	41.724
tRNA-His-CAY_	1.67708296753875	0.012	826	7	2.189
tRNA-Gly-GGG	0.819215608921301	0.37	1202	4	2.267
tRNA-Val-GTG	-1.17248751551013	0.652	813	1	2.254
tRNA-Gln-CAG	-0.408983529430738	0.776	435	4	5.311
LTR39-int	0.634227488576948	0.144	316	21	13.53
X9b_DNA	-1.31205008293262	0	269	17	42.21
MER57B2	0.472938524481757	0.004	320	113	81.416
LTR54B	0.262371698182136	0.188	167	74	61.695
LTR76	2.46038055204635	0	3616	73	13.264
MamGypLTR2b	-0.211282610994263	0.348	2472	53	61.359
MER50C	1.16604011262614	0.028	904	14	6.239
tRNA-Met_	-Inf	0.092	1752	0	3.067
PABL_B	0.981806094337436	0	1092	55	27.849
LTR15	0.795196432281908	0.008	1485	34	19.593
LTR38B	-0.128953220386006	0.89	211	16	17.496
HERV-Fc2_LTR	1.83135796444116	0.498	700	1	0.281
MER61-int	1.94212792579567	0	525	396	103.052
LTR81A	-0.395769650513493	0.11	794	45	59.204
UCON44	-0.943993434265153	0.022	340	13	25.01
UCON47	0.605211503181393	0.162	1486	16	10.518
UCON89	-0.240823126743635	1	603	3	3.545
Chap1_Mam	-0.120565993250804	0.754	249	31	33.702
Helitron1Na_Mam	-0.621430667790448	0.146	481	15	23.076
Helitron1Nb_Mam	-1.45388334628408	0.004	498	9	24.655
Eutr18	-0.5414528879828	0.046	1703	32	46.574
X11_DNA	-1.01815936911884	0.03	1055	9	18.228
X23_DNA	-0.0562366849842691	1	1529	4	4.159
UCON11	-0.0635029423061579	1	402	3	3.135
MER41-int	1.96644862476815	0	475	560	143.294
LTR1F1	0.819852138841571	0	165	32	18.128
X8_LINE	-0.489636347215616	0.29	1034	11	15.445
L2-1_Crp	0.131313234677865	1	693	3	2.739
MER4D0	0.985991030025467	0	168	66	33.322
MER30B	0.898396288215208	0.006	263	29	15.558
HUERS-P3-int	1.39748366382269	0	542	171	64.91
Eutr2B	-1.29792505250381	0.004	995	12	29.505
HERV35I-int	1.53908871611262	0	279	146	50.239
U4	-0.855059483553026	0.17	793	6	10.853
LTR37-int	-0.242166435928894	0.308	198	86	101.718
Charlie30b	-0.597990802022149	0.028	288	28	42.381
LTR28B	0.795925197327879	0.002	1625	38	21.887
Charlie14a	-0.621259409147306	0.09	958	23	35.379
L1MEg2	0.114723463560039	0.66	234	59	54.49
LTR14	0.771643045798952	0.134	485	12	7.029
HERVK14C-int	2.11587330572028	0	92	34	7.844
MER66A	1.06123997536937	0	124	50	23.961
MamGyp-int	-0.240241629339193	0.444	728	42	49.61
MLT1A1-int	0.46252106667225	0.07	155	53	38.463
LTR46-int	1.61140265254877	0	1373	25	8.182
L1M2a	0.640104054913617	0.008	1318	63	40.425
MER4-int	2.02229167485023	0	2006	977	240.505
L1P4e	-0.142217361803823	0.88	3748	15	16.554
Charlie9	-0.775110191077961	0	516	53	90.7
LTR26D	0.892852122098484	0.004	105	31	16.695
UCON86	-2.28125313412649	0.088	150	1	4.861
LTR107_Mam	-0.740711733399101	0.034	277	18	30.078
UCON21	-Inf	0.26	156	0	1.964
Tigger20a	-1.42132056048971	0	364	36	96.419
Eulor1	-0.937344392150233	0.346	143	3	5.745
LTR7C	2.28654076041087	0	929	119	24.391
MER73	-0.144664682222567	0.822	166	19	21.004
L1PBa	0.409984639756128	0	211	274	206.221
LTR06	0.169136243248242	0.838	113	8	7.115
LTR1E	0.693504427740363	0.008	1436	40	24.734
LTR48	0.215056876246266	0.27	789	82	70.644
hAT-N1_Mam	-0.231871224353313	0.668	727	14	16.441
MLT1E3-int	0.419992381221609	0.618	1265	7	5.232
PABL_A	0.360839091506547	0.126	3694	52	40.493
LTR28C	2.20668050237826	0	1476	87	18.847
MLT1K-int	0.651619766169911	0.072	1665	23	14.641
MER57-int	1.75372029315595	0	1020	360	106.753
tRNA-Val-GTY	-0.951587794814754	0.852	156	1	1.934
LTR47A2	0.91293760027281	0.004	832	39	20.713
UCON38	-1.21422844351538	0.024	125	6	13.921
Arthur2	-0.805886345749392	0	226	41	71.677
Tigger21a	-1.63180275492413	0.018	4852	4	12.396
Eutr5	0.276300111830959	0.342	634	34	28.074
MER50-int	1.77244373894955	0	141	160	46.834
X4a_DNA	-1.65317469418748	0.014	1291	4	12.581
PABL_B-int	1.18581244526167	0	2245	52	22.858
LTR88c	-0.227902643142819	0.254	280	61	71.439
Charlie10b	-0.778820244239521	0.064	181	11	18.873
UCON4	-0.9189967698092	0.152	211	5	9.454
hAT-5_Mam	-1.51981635512604	0	138	22	63.086
MER66D	-0.266076884987569	0.62	301	15	18.038
HY4	-0.854128669631965	0.17	351	6	10.846
LTR87	-0.640845249435678	0.032	322	33	51.455
HERV1_LTRd	1.38082178394093	0.194	595	3	1.152
Tigger3	-0.367888426838491	0.086	39	67	86.461
LTR80B	-1.07377991709217	0	56	17	35.784
MLT1E2-int	0.620305112344578	0.236	442	15	9.758
MLT1B-int	0.466350733610143	0.104	177613	58	41.98
Eutr16	-0.136231165567243	0.734	12053	33	36.268
Zaphod5b	-0.35501626421955	0.832	89786	4	5.116
MER57E1	0.622122667827443	0.004	228856	56	36.384
UCON33	0.138918058125115	0.848	103104	10	9.082
MER41C	1.20194647896333	0	417	138	59.987
EUTREP7	-0.469513907918852	0.33	267	14	19.385
UCON37	-0.982582946922591	0.092	9313	6	11.856
MamRTE2	-0.74416109557041	0.706	448	2	3.35
MSTD-int	0.0275141164711713	0.906	21288	64	62.791
Looper	-2.15528149689153	0	953	9	40.091
LTR22B2	0.0563911818503985	1	6913	3	2.885
Eulor12	-0.944483671148752	0.496	462	2	3.849
LTR6A	1.06288491124106	0	18094	46	22.019
AluYk11	0.0987432016601347	0.89	567	13	12.14
MamGypLTR3	-0.588185570549673	0.036	6716	31	46.604
MLT1F1-int	0.898993109741082	0.016	130	23	12.334
X2b_DNA	-0.869251001334212	0.108	16393	7	12.787
MER51C	0.698285126002146	0.064	436	23	14.175
LTR35A	0.645291401331477	0.248	19733	11	7.033
MER97b	-0.251071782848492	0.774	598	11	13.091
MamGypsy2-LTR	-0.936849911272222	0	922	32	61.259
Eulor9A	0.114208737929768	0.922	12	9	8.315
MLT1J2-int	-0.130641626993077	0.722	1065	41	44.886
MER34D	0.57185760902167	0.128	45	28	18.837
MER51-int	1.42622334460542	0	3422	135	50.234
MER65C	0.225322969883215	0.342	84	57	48.758
UCON55	-1.34488013154375	0.002	4091	11	27.941
LTR12B	1.76922944333716	0	128	52	15.255
MamTip3B	-0.711431974196114	0.014	2066	35	57.31
MER57D	0.188961691441281	0.512	74	38	33.335
U17	0.778432211461591	0.876	4411	1	0.583
LTR35	0.351074440546879	0.574	530	11	8.624
MER50B	0.686315253932111	0	3329	82	50.958
LTR1D	0.511234887404536	0.05	160	37	25.96
MSTA1-int	1.25039422505502	0.154	6215	6	2.522
UCON19	-Inf	0.206	327	0	2.107
L1MDb	-0.820086786422463	0	2894	41	72.386
UCON7	-0.0906840901092455	1	185	8	8.519
MLT1G-int	0.562366411153789	0.192	3680	21	14.221
LTR31	0.786574947045231	0.014	299	32	18.551
L1M3c	0.307967729173849	0.134	2818	104	84.009
HERVK22-int	1.88309941014956	0	246	149	40.394
LTR17	1.28103566424046	0	10252	166	68.309
MER83B	1.40453170270344	0	836	27	10.199
PrimLTR79	0.727081005234362	0.11	3756	16	9.666
LTR27	2.00410308305581	0	426	100	24.929
HERV30-int	0.856656820543524	0.128	4849	13	7.179
MER74C	0.419896473291316	0.258	354	23	17.192
PABL_A-int	1.93194647176584	0	11268	146	38.263
LTR1	-0.0105914112677154	1	829	19	19.14
MER99	-1.64035650445708	0.002	15494	7	21.822
UCON26	-1.22568624706149	0.02	1457	6	14.032
FordPrefect	0.250833540029743	0.332	5003	56	47.063
tRNA-Asp-GAY	-1.29513524900082	0.55	476	1	2.454
L1M3e	-0.452870421448475	0.098	6991	46	62.963
SSU-rRNA_Hsa	1.28404389130619	0.002	596	14	5.749
HUERS-P3b-int	1.93369779108163	0	17999	169	44.237
LTR6B	1.80231430535707	0	208	42	12.042
LTR38A1	0.826872566519344	0.038	12248	20	11.275
EUTREP15	0.165895595998496	0.758	112	16	14.262
HERVS71-int	1.56229114508796	0	2329	62	20.994
HERVK11-int	2.59552425441423	0	1	153	25.314
EUTREP14	-0.170726276131551	0.642	5816	24	27.015
LTR90A	-0.652448251998021	0.064	74	18	28.293
THE1-int	1.37687243835696	0	5156	38	14.632
L1M6B	-0.322012542857157	0.224	12	41	51.253
LTR86B2	-1.14484401963073	0.008	3849	9	19.901
X2a_DNA	-0.361819391238224	0.266	3928	22	28.271
EUTREP4	-1.04579241851409	0.024	4532	10	20.645
UCON48	-0.938850337006063	0.102	2229	7	13.419
LTR69	-0.267169543079985	0.756	3363	9	10.831
LTR1F2	1.07347246025516	0.004	4762	23	10.929
Tigger6b	-0.870829689202576	0.212	383	7	12.801
HY5	-Inf	0.462	2710	0	1.455
MER89-int	0.20066805185873	0.44	1378	61	53.079
tRNA-Glu-GAG	1.34862296155278	0.226	4584	3	1.178
tRNA-Thr-ACG_	1.35291578737105	0.368	405	2	0.783
L1MEg1	-0.254672060286074	0.336	1946	62	73.97
UCON96	-Inf	0.57	445	0	1.227
LTR2752	1.93808821097957	0	235	79	20.616
X24_DNA	-0.693460546364378	0.028	20293	19	30.726
UCON1	-1.74897638924621	0	3304	5	16.806
UCON84	-0.924670008169753	0.224	563	4	7.593
UCON12A	-0.663572335417523	1	29	1	1.584
Eulor2B	-1.99602712342508	0.196	8800	1	3.989
X21_LINE	-0.113255977503258	1	902	3	3.245
tRNA-Ile-ATA	-0.50351835424252	0.794	4944	3	4.253
LTR1B0	0.508403405589552	0.32	231	11	7.733
LTR43	1.06978101520499	0	1621	69	32.871
UCON40	-0.924057645378376	0.088	94	9	17.077
tRNA-Met	-1.47871300244172	0.438	3291	1	2.787
tRNA-Lys-AAG	0.755721801421856	0.198	210	8	4.738
MLT1N2-int	0.394302493509077	0.58	7813	7	5.326
MER70-int	0.70290642975253	0.06	751	33	20.273
L1M3d	0.478402590644979	0.062	4404	57	40.913
LTR5A	1.5993389262874	0	1252	71	23.432
LTR34	1.50182976975359	0	376	57	20.127
L1M3de	0.888349305808938	0.002	733	69	37.276
HERV17-int	1.36969905270109	0	544	214	82.812
UCON99	-0.22362848741882	1	459	3	3.503
MSTB1-int	0.85487882559899	0.01	393	34	18.799
L1PBb	-0.519313155899385	0.176	265	22	31.532
EuthAT-N1a	-0.205809537140844	1	1123	3	3.46
MER68C	-1.19736218414916	0.112	3386	5	11.466
LTR3B	2.47618716227278	0	349	32	5.751
MER76	-0.167693022593123	0.536	443	46	51.67
CR1-12_AMi	-0.624646823509198	0.366	511	6	9.251
MER97a	0.156680259506104	0.718	78	23	20.633
MLT1H2-int	-0.0292761823706322	1	136	26	26.533
LTR47B4	1.0779924933205	0.01	294	16	7.579
LTR19-int	2.34842360577521	0	431	86	16.887
tRNA-Ser-AGY	0.148800661406706	1	386	1	0.902
UCON66	-0.549258439039477	0.722	57	3	4.39
HERVIP10B3-int	2.22337142375344	0	118	114	24.412
Merlin1_HS	-1.99022879342601	0.32	1032	1	3.973
LTR108a_Mam	1.21038309367678	0.028	13	13	5.618
MSTC-int	0.753328430871614	0.024	728	30	17.797
X10b_DNA	-0.465086378886066	0.234	450	15	20.706
tRNA-Leu-TTA(m)	0.180331816503544	1	650	2	1.765
MER83B-int	1.20397235560669	0.004	90	51	22.138
Eutr2	0.0374509770769401	0.986	1230	16	15.59
UCON39	-1.86631456137705	0.036	839	2	7.292
UCON5	-0.731530837054158	0.318	540	5	8.302
MER61F	1.59403706836608	0	1491	37	12.256
LTR1A1	0.513710689468988	0.064	704	43	30.118
UCON93	-0.834306702962908	0.906	1023	1	1.783
GSAT	1.82550226876786	0	155	28	7.9
MLT1-int	0.354528895962749	0.348	200	24	18.771
MLT1A-int	-0.344449787180097	0.34	4308	27	34.281
LTR72B	0.593886664680229	0.17	1481	18	11.926
MLT1E1A-int	0.683390815672177	0.282	22924	10	6.227
LTR27E	2.12857553939336	0	4277	79	18.066
L1P4b	-0.159394333950143	0.872	10046	11	12.285
L1M2b	-0.129035676593892	0.866	1824	16	17.497
Eulor9B	-Inf	0.288	12935	0	2.027
L1M3a	1.50337223219352	0	2667	136	47.971
L1P3b	1.00951185499206	0.034	12353	14	6.954
CR1-11_Crp	-Inf	0.354	1481	0	1.654
UCON31	-0.452771126725359	0.6	419	6	8.212
hAT-4b_Ther	0.197512885313454	0.664	910	19	16.569
MER97d	-1.81037454935155	0.046	748	3	10.522
LTR22C0	1.993902665088	0	865	34	8.536
LTR68	-0.85182755329553	0.022	3189	14	25.267
CR1-L3B_Croc	0.261880711217424	0.918	1312	3	2.502
L1M2c	0.446942019806121	0.122	4892	52	38.147
LTR12_	2.50258954217373	0	1822	248	43.762
UCON6	-1.70619898742978	0.08	1342	2	6.526
CR1-13_AMi	-2.80426011563474	0.014	57	1	6.985
PRIMAX-int	0.157356327939257	0.868	2457	6	5.38
UCON28b	-0.05797006863733	1	94	5	5.205
LTR28	1.42371974237864	0	347	32	11.928
L1MEa	-0.353834079599633	0.43	336	21	26.837
L1M2a1	0.3084658350808	0.558	1273	14	11.305
MER132	-1.34426039498542	0.548	3637	1	2.539
X2_LINE	-0.370610693490593	0.502	3685	10	12.929
Eulor4	-Inf	0.274	315	0	2.184
UCON8	-1.01343673644871	0.058	45	7	14.131
MARE6	-2.12300395405482	0.008	2835	3	13.068
X22_DNA	0.784217876784379	0.502	1378	3	1.742
MER125	-0.895923001923769	0.18	173	5	9.304
Eulor6B	0.211899002087995	0.888	1102	5	4.317
MER68B	0.036568153422321	0.968	580	35	34.124
UCON12	-0.970485572940122	0.484	3391	2	3.919
UCON85	0.0946491004190417	1	2191	2	1.873
MER123	0.284106629452395	0.83	1166	4	3.285
MER95	-1.00977712161153	0.194	5480	5	10.068
Eulor6A	-1.01863417413905	0.78	6456	1	2.026
UCON97	-0.452068230223811	0.96	2425	2	2.736
Eulor5A	-0.754459973625479	0.318	696	5	8.435
UCON64	-Inf	0.662	1466	0	1.101
MARE11	-Inf	0.8	3595	0	0.882
MER61C	1.91802627661623	0	2565	86	22.757
HERVK14-int	2.28996998480484	0	545	173	35.375
AluYk12	-0.00247107403984685	1	2854	7	7.012
MER92A	-0.642734573744247	0.382	256	7	10.929
MER61E	2.7058270823573	0	699	154	23.604
UCON69	-0.997834332781885	0.792	179	1	1.997
MER133A	-Inf	0.082	3017	0	3.512
UCON24	-Inf	0.414	959	0	1.533
tRNA-Arg-AGA	-0.391217807602897	1	1043	2	2.623
LTR18A	1.70318959691401	0	774	47	14.434
HERVL18-int	1.48816091887199	0	41	120	42.776
MLT1O-int	-Inf	0.886	11	0	0.882
UCON60	-1.33285112207215	0.532	34	1	2.519
MER72B	0.653197236473608	0.092	80	23	14.625
LTR47B3	-0.0712478194614427	1	40	8	8.405
Eulor9C	-1.22321658305031	0.154	21	3	7.004
L1M3b	-0.350088582770953	0.298	8	36	45.887
LTR1B	0.81567435991448	0.06	2	49	27.839
LTR25-int	2.13011663271413	0	16	198	45.231
LTR9C	1.22005394563244	0	49	30	12.878
UCON80	0.0943923702749546	1	53	3	2.81
MARE10	-2.46962553850123	0.054	2	1	5.539
HUERS-P2-int	0.870325926706335	0.006	48	43	23.522
MER92D	-0.813296649300357	0.152	138	9	15.815
MER110-int	-0.176133616347955	0.702	23	27	30.506
MER83C	0.420047531168705	0.336	34	15	11.211
L1P4a	-0.770890414243352	0.004	85	31	52.896
LTR53-int	1.0060410345335	0	99	56	27.883
L1P4d	-0.648516574321852	0.308	20	9	14.108
HERVP71A-int	0.573282856393518	0.112	97	35	23.523
Charlie3	-0.418263559217246	0.266	109	22	29.399
Eulor3	-Inf	0.194	44	0	2.672
UCON101	-0.309176187478515	0.546	37	11	13.629
MER101B	-0.275826527806418	0.622	1	16	19.371
Eulor6D	0.579921884020626	0.36	53	8	5.352
HERVL32-int	1.08717597019151	0.054	65	22	10.355
LTR58	0.981236360698131	0.134	9	11	5.572
tRNA-Arg-CGY_	-Inf	0.074	55	0	3.034
Eulor8	-1.7561693281393	0.014	2	3	10.134
Ricksha_b	-0.0700839632927578	1	7	9	9.448
LTR22E	2.44409850614085	0	15	46	8.453
LTR73	-0.0524158941511386	1	30	16	16.592
UCON25	-1.63876894441695	0.332	12	1	3.114
MER57C2	0.136104398297898	0.626	27	37	33.669
UCON28c	-0.655657128590603	0.602	26	3	4.726
X13_LINE	-0.173482820855502	0.856	51	9	10.15
Eulor6C	-0.522055749160964	1	73	1	1.436
LTR35B	0.386369093871557	0.346	52	19	14.536
LTR22B	1.17714009412242	0	47	22	9.729
L1PBa1	0.821279600072507	0	45	83	46.973
tRNA-Phe-TTY	-2.53977919169849	0.056	91	1	5.815
UCON2	-1.6535186707536	0.03	9	3	9.438
UCON51	-Inf	0.09	4	0	3.063
UCON15	-0.797012977836145	0.646	17	2	3.475
Tigger17b	0.309359421384307	0.628	3	9	7.263
UCON27	-1.82680268428583	0.046	14	2	7.095
LTR27D	2.38096629188325	0	1	104	19.966
UCON83	-1.7415748474188	0.26	4	1	3.344
Eulor2C	-0.395062799517578	1	31	2	2.63
UCON62	-Inf	0.384	7	0	1.614
Eulor11	-1.21288056634438	0.176	15	3	6.954
LTR5	1.85638889816179	0.026	26	6	1.657
ALR/Alpha	1.4331893644199	0	2	970	359.202
MLT1G3-int	0.775110786530046	0.034	12	32	18.699
LTR19C	1.63082624132561	0	15	31	10.01
HERVH48-int	1.41306326829793	0	12	37	13.894
LTR30	-0.177854025259949	0.842	13	10	11.312
MER134	-0.292781749227846	0.854	37	5	6.125
LTR52-int	0.81522922359573	0.068	6	22	12.503
UCON28a	-0.855670834440371	0.236	12	5	9.048
Eulor7	-Inf	0.87	43	0	0.807
MSTB2-int	0.749598080591943	0.16	31	13	7.732
MER133B	-1.44413695658759	0.496	223	1	2.721
HERVKC4-int	1.22276239057578	0.048	179	13	5.57
HERVE_a-int	1.87954045070091	0	316	74	20.111
LTR70	2.42281197048209	0	7	65	12.122
tRNA-Cys-TGY	-1.16848158457264	0.144	9	4	8.991
LTR22	0.651767580760729	0.248	1111	10	6.365
UCON103	-Inf	0.718	234	0	0.946
MER67D	-1.15433921562024	0	161	34	75.678
MER87B	0.799041806409436	0.032	214	26	14.943
Charlie11	-1.04841058215241	0.326	1799	4	8.273
MER88	0.657095213263923	0.184	250	13	8.244
LTR108e_Mam	-0.318114343609774	0.636	34	10	12.467
MER92C	0.0329133894005774	1	245	9	8.797
UCON9	-Inf	0.06	19	0	3.296
LTR10G	2.73547392244184	0	208	58	8.709
HERVI-int	2.16768073407703	0	14	44	9.793
LTR25	1.38909255974156	0	642	41	15.654
LTR60	1.42717961031558	0.036	45	7	2.603
LTR3	2.76434645515805	0	59	50	7.359
HERVK3-int	1.94544442443308	0	23	115	29.858
L1P	-0.834711215804725	0.202	100	6	10.701
hAT-16_Crp	0.264477822703463	1	50	2	1.665
LTR108d_Mam	-0.307428525192247	0.92	38	4	4.95
LTR18C	0.841145970483382	0.13	33	10	5.582
MER83A-int	1.44188146740068	0.006	33	23	8.466
tRNA-Leu-CTA_	-Inf	1	31	0	0.474
tRNA-Gln-CAA	-Inf	0.542	138	0	1.432
LTR10B1	3.1578544233545	0	43	112	12.549
Charlie6	-0.77799825566867	0.222	29	12	20.577
LTR72	1.07911221086052	0.002	38	25	11.833
EuthAT-N1	-0.486199492568103	0.67	31	4	5.603
tRNA-Met-i	-0.549422745746664	0.862	22	2	2.927
MARE9	-Inf	0.522	50	0	1.335
SST1	2.33881343829478	0	207	162	32.023
REP522	0.673639658797377	0.09	102	26	16.3
tRNA-Lys-AAA	-0.0731347046302154	1	129	3	3.156
tRNA-Asn-AAT	4.05889368905357	0.118	75	1	0.06
X1_LR	-Inf	0.7	68	0	1.019
MLT1E1-int	0.150934826057559	0.94	235	3	2.702
SATR1	1.20045456044578	0	119	152	66.141
tRNA-Ala-GCY_	-2.34255474547732	0.08	136	1	5.072
UCON23	-Inf	0.258	339	0	2.073
tRNA-Ser-TCY	-0.0496307677246004	1	173	1	1.035
MER76-int	0.333152532549616	0.552	172	15	11.907
MLT1C-int	0.74314029921039	0.144	208	16	9.559
tRNA-Ile-ATT	-0.782408564927373	0.67	107	2	3.44
tRNA-Leu-CTG	-Inf	1	138	0	0.655
tRNA-Gly-GGY	0.434402824145775	0.772	245	3	2.22
LTR14C	0.873027143742235	0.022	575	17	9.282
UCON18	-0.0690146779151805	1	360	2	2.098
UCON59	-0.56900492681818	0.886	154	2	2.967
LTR47B	0.427110331579419	0.648	194	4	2.975
tRNA-Pro-CCG	-Inf	1	109	0	0.27
tRNA-Pro-CCY	-Inf	0.648	123	0	1.106
Eulor5B	-0.530570203902528	0.904	44	2	2.889
LTR38C	0.747826586797973	0.132	412	16	9.528
UCON94	-1.09288396567848	0.768	15	1	2.133
HERV1_LTRa	1.59002079054418	0.034	22	6	1.993
MLT1L-int	0.386845571568701	0.506	236	10	7.648
L2-3_AMi	0.438307278601691	1	45	1	0.738
tRNA-Tyr-TAC	-Inf	0.188	96	0	2.536
Charlie7b_Mars	-Inf	0.232	38	0	4.134
UCON71	-Inf	0.65	16	0	1.131
LTR108c_Mam	-Inf	0.116	24	0	3.206
LTR108b_Mam	0.907405935867932	0.244	14	7	3.732
ERVL47-int	0.330808270218176	0.464	16	22	17.492
LTR59	1.28145309864657	0	32	21	8.639
Chompy-7_Croc	-0.094911647025467	1	64	1	1.068
MER136	-0.995665409736109	0.792	20	1	1.994
UCON17	-1.2066432239834	0.672	12	1	2.308
EutTc1-N1	-1.98039095606147	0.286	29	1	3.946
UCON61	-Inf	0.628	125	0	1.104
SATR2	0.994313489368863	0	59	79	39.656
MER57E3	2.63086192995604	0	17	105	16.952
HSAT4	1.74001842114266	0	282	41	12.274
Eulor6E	-Inf	0.22	259	0	2.146
U8	0.58352052654725	0.656	24	3	2.002
tRNA-Thr-ACY	0.066427361738976	1	141	1	0.955
L1P4c	-0.185050976974046	1	180	7	7.958
tRNA-Leu-TTG	-0.769771739249448	0.936	207	1	1.705
HERVK11D-int	2.06549248467655	0	43	21	5.017
(GAATG)n	2.24893526445203	0	228	29	6.101
UCON67	-Inf	0.504	40	0	1.372
tRNA-Val-GTA	-Inf	0.932	49	0	0.791
tRNA-Leu-CTY	-Inf	0.314	109	0	1.828
HERV1_I-int	1.47819543827606	0.014	28	16	5.743
HSATI	2.35788497266377	0	70	13	2.536
MER9B	2.24370865257354	0	6	14	2.956
EUTREP6	1.20257191784769	0.426	33	2	0.869
MLT1E-int	0.100051013810328	1	50	1	0.933
tRNA-Ser-TCA	-Inf	1	49	0	0.064
tRNA-Trp-TGG	-Inf	0.802	19	0	0.896
UCON75	0.921390165303633	0.422	27	3	1.584
tRNA-Ser-TCG	-Inf	1	31	0	0.477
Tigger1a_Mars	-Inf	0.16	18	0	3.266
UCON100	-Inf	0.522	40	0	1.283
LTR43-int	-0.482102511513534	0.676	56	9	12.571
LSAU	2.9590851911749	0	710	47	6.044
HERV1_LTRe	2.5048630478843	0	83	11	1.938
HERV-Fc1_LTR1	3.17570735403632	0	15	9	0.996
HERV-Fc1_LTR2	2.10780328953451	0.424	308	1	0.232
HERV-Fc2-int	2.64927646555898	0	267	5	0.797
HERV-Fc1-int	2.45008444637804	0.002	1379	4	0.732
U14	-Inf	1	227	0	0.466
UCON56	-Inf	0.852	148	0	1.033
Chompy-6_Croc	0.15360697914764	1	243	1	0.899
HERV1_LTRc	1.24696603720614	0.088	965	6	2.528
tRNA-Ala-GCA	-1.46884394297464	0.448	188	1	2.768
HERV15-int	1.67371833551883	0	162	27	8.463
HERV-Fc1_LTR3	3.37332724739401	0	47	4	0.386
tRNA-Ala-GCY	-Inf	0.642	25	0	1.21
UCON87	1.2827897009804	0.704	60	1	0.411
tRNA-Pro-CCA	-Inf	1	457	0	0.589
HERV1_LTRb	-Inf	0.9	568	0	0.785
UCON68	0.3040061868901	1	971	1	0.81
GSATX	1.44278248976175	0.026	420	14	5.15
CRP1	-Inf	1	192	0	0.407
tRNA-Tyr-TAT	-Inf	1	765	0	0.395
tRNA-Arg-CGA	-Inf	1	327	0	0.548
Charlie12	-0.743299527888257	1	69	1	1.674
UCON92	-Inf	0.56	105	0	1.231
tRNA-Ala-GCG	-Inf	0.982	182	0	0.709
LTR109A2	-Inf	0.344	708	0	1.973
CER	1.12694400264548	0	429	26	11.905
HSAT5	0.826949341690722	0.15	75	25	14.093
LTR22C	2.21424022557299	0.004	1005	6	1.293
tRNA-Arg-AGG	-0.264236151043547	1	1055	1	1.201
CR1-8_Crp	-Inf	1	987	0	0.338
SAR	2.5649048483799	0.026	891	3	0.507
tRNA-Thr-ACY_	-Inf	0.89	937	0	0.807
tRNA-Leu-CTA	-Inf	1	940	0	0.099
tRNA-Arg-CGA_	3.1456053222469	0.224	621	1	0.113
tRNA-Arg-CGG	-Inf	0.652	58	0	1.091
tRNA-Thr-ACG	-Inf	1	231	0	0.137
HSAT6	-Inf	0.942	670	0	0.792
tRNA-Ile-ATC	-Inf	1	702	0	0.239
(CATTC)n	1.89730454677932	0.014	606	18	4.832
ACRO1	3.07748651825645	0	2330	41	4.857
tRNA-SeC(e)-TGA	-Inf	1	875	0	0.173
D20S16	2.66165901229448	0	1235	159	25.128
tRNA-His-CAY	-Inf	1	394	0	0.062
MLT1M-int	-Inf	1	80	0	0.087
tRNA-Ser-TCA_	-Inf	1	74	0	0.264
