	log.enrich	pval	total	real.overlap	random.mean
(CATTC)n	1.12343394124828	0.298	64	4	1.836
(GAATG)n	2.56383816068555	0	35	16	2.706
5S	-0.134732054743646	0.866	1317	18	19.762
7SK	0.0765728562883939	0.912	762	13	12.328
7SLRNA	-0.844045668094998	0.03	1428	13	23.336
ACRO1	-Inf	0.72	86	0	1.294
ALR/Alpha	0.656377204469483	0	1700	279	177.017
Alu	0.122041636806187	0.402	8195	132	121.293
AluJb	-0.709227258807871	0	121115	1267	2071.454
AluJo	-0.595529121474468	0	47320	525	793.289
AluJr	-0.855292003017379	0	117446	1105	1999.083
AluJr4	-0.862840462516929	0	12658	117	212.778
AluSc	-0.728545654956317	0	38726	405	671.072
AluSc5	-1.15931604149661	0	4259	33	73.706
AluSc8	-0.786965405884861	0	21085	213	367.519
AluSg	-0.673292661560698	0	44393	487	776.623
AluSg4	-0.414574673808618	0	12565	159	211.932
AluSg7	-0.562807393331513	0	6031	71	104.877
AluSp	-0.55612559137791	0	67237	796	1170.371
AluSq	-0.802826724397924	0	12718	126	219.809
AluSq10	-0.053164818138903	0.974	1575	26	26.976
AluSq2	-0.862066426925974	0	53394	511	928.814
AluSq4	-0.652552914422801	0.066	1683	19	29.867
AluSx	-0.766252304155173	0	129556	1316	2238.313
AluSx1	-0.855487724139947	0	110941	1072	1939.645
AluSx3	-0.688102565627462	0	40018	423	681.522
AluSx4	-0.751309459810567	0	12119	125	210.415
AluSz	-1.10526510269896	0	122105	992	2134.173
AluSz6	-1.23126644199069	0	42260	311	730.144
AluY	0.0219805630660919	0.548	101596	1804	1776.723
AluYa5	0.454353888825586	0	3853	92	67.145
AluYa8	-0.0774708948401911	1	405	6	6.331
AluYb8	-0.117241673879278	0.668	2715	44	47.725
AluYb9	-1.1881898962929	0.186	383	3	6.836
AluYc	0.442222328605074	0	6889	155	114.08
AluYc3	1.51472039412086	0	581	28	9.799
AluYd8	1.42944875242158	0.008	229	11	4.084
AluYe5	1.31668571500196	0	1343	57	22.883
AluYe6	2.10821791665072	0	199	15	3.479
AluYf1	0.602167174136635	0	2082	55	36.232
AluYg6	-0.825582130032916	0.124	857	8	14.178
AluYh3	-0.234256047688296	0.742	665	10	11.763
AluYh3a3	0.514573172829758	0.614	161	4	2.8
AluYh7	0.477031210468779	0.34	502	11	7.903
AluYh9	1.05409270278975	0.214	178	5	2.408
AluYi6	-0.359146298386799	0.684	462	6	7.696
AluYi6_4d	-Inf	0.968	44	0	0.759
AluYj4	-0.0538655862969411	0.87	2913	47	48.788
AluYk11	-0.538041453333663	0.884	176	2	2.904
AluYk12	-Inf	0.348	100	0	1.755
AluYk2	0.449853310558328	0	6900	162	118.603
AluYk3	0.172738613989999	0.206	6210	121	107.346
AluYk4	0.454470874326594	0.15	1117	27	19.704
AluYm1	0.169554782800929	0.258	4835	94	83.577
AmnSINE1	0.132722334823866	0.596	2633	46	41.957
AmnSINE2	0.0385450436617659	1	671	11	10.71
Arthur1	-1.41030718079912	0	2360	16	42.527
Arthur1A	-1.10135125773361	0.03	1183	9	19.31
Arthur1B	-1.5385381636298	0	2347	14	40.67
Arthur1C	0.447254063251555	0.336	727	16	11.735
Arthur2	-2.12672511949389	0	1016	4	17.469
BC200	-0.0288262941706962	1	707	11	11.222
BLACKJACK	-3.01745874636163	0	2162	5	40.487
BSR/Beta	0.233417309215765	0.564	1956	34	28.921
CER	1.75055465891416	0	86	16	4.755
Chap1_Mam	-3.01524777369894	0.01	498	1	8.085
Chap1a_Mam	-1.94860084749336	0	1431	6	23.16
Charlie1	-0.318502783599871	0.396	1939	28	34.917
Charlie10	-1.15164237459309	0.038	1157	9	19.995
Charlie10a	-1.32221660504549	0.32	307	2	5.001
Charlie10b	-0.177279995969324	1	276	4	4.523
Charlie11	-1.10500752476097	0.884	113	1	2.151
Charlie12	1.2688167584278	0.622	23	1	0.415
Charlie13a	-0.0353423807921971	1	561	10	10.248
Charlie13b	-1.83733778827332	0.098	408	2	7.147
Charlie14a	-1.50419663119008	0.118	521	3	8.51
Charlie15a	-1.4625758880422	0	3250	19	52.364
Charlie15b	-1.33782085703426	0.002	1942	13	32.86
Charlie16	-1.16887538696103	0.012	1476	11	24.732
Charlie16a	-0.532753317937264	0.18	1474	16	23.147
Charlie17	-1.6507645591169	0.092	550	3	9.42
Charlie17a	-1.15553337346592	0.01	1251	9	20.049
Charlie17b	-2.23878685958712	0.03	543	2	9.44
Charlie18a	-0.779785005301131	0.008	2509	24	41.205
Charlie19a	-0.64388334613167	0.078	1620	17	26.563
Charlie1a	-1.67201260892481	0	5856	34	108.344
Charlie1b	-1.39552899444632	0	3087	20	52.617
Charlie20a	-2.93781516880342	0	891	2	15.325
Charlie21a	-1.77019475495132	0.026	772	4	13.644
Charlie22a	-1.04955332629884	0.036	1121	9	18.629
Charlie23a	-0.704930969181863	0.07	1506	15	24.451
Charlie24	-0.640819213919536	0.17	1289	14	21.829
Charlie25	-3.35691848723248	0	1094	2	20.491
Charlie26a	-0.755143958486407	0.356	517	5	8.439
Charlie29a	-1.15218341905505	0.044	986	8	17.78
Charlie29b	-1.79214141195901	0	1465	7	24.243
Charlie2a	-1.75391566309614	0	2095	11	37.1
Charlie2b	-1.50845070012133	0	3743	23	65.436
Charlie3	0.0348621875368185	1	342	8	7.809
Charlie30a	0.0562661703654722	0.994	467	8	7.694
Charlie30b	-1.75132088714328	0.032	620	3	10.1
Charlie31a	-0.976834942126107	0.112	812	7	13.777
Charlie32a	-0.50182126542091	0.754	266	3	4.248
Charlie4	0.83936660141151	0.03	919	27	15.09
Charlie4a	-0.668828267867258	0.038	2908	32	50.873
Charlie4z	0.0122328212156867	0.954	6037	97	96.181
Charlie5	-0.742835393624713	0.036	2609	26	43.51
Charlie6	-Inf	0.084	264	0	5.054
Charlie7	-2.12383170956602	0	3983	16	69.736
Charlie7a	-2.24092486469656	0	1465	5	23.635
Charlie7b_Mars	-Inf	1	58	0	0.962
Charlie8	-1.18582811136507	0	4420	33	75.073
Charlie9	-1.13428666468905	0.008	1322	10	21.951
Cheshire	-2.66410353313471	0	1037	3	19.015
Chompy-6_Croc	2.12658049656514	0.398	14	1	0.229
Chompy-7_Croc	-Inf	1	17	0	0.263
CR1_Mam	-1.06029448396015	0.008	1729	14	29.195
CR1-1_Amn	-Inf	0.686	66	0	1.054
CR1-11_Crp	-Inf	1	24	0	0.379
CR1-12_AMi	-Inf	0.192	132	0	2.24
CR1-13_AMi	-0.754459973625479	0.98	102	1	1.687
CR1-16_AMi	-Inf	0.008	309	0	5.245
CR1-3_Croc	-1.14195588558364	0.008	1348	10	22.068
CR1-8_Crp	-Inf	1	5	0	0.081
CR1-L3A_Croc	-0.784643569310682	0.444	320	3	5.168
CR1-L3B_Croc	-Inf	1	38	0	0.612
CRP1	-Inf	1	6	0	0.105
D20S16	-Inf	0.342	388	0	6.31
DNA1_Mam	-1.55336050333533	0.538	172	1	2.935
ERV24_Prim-int	-1.49518347790834	0.148	435	3	8.457
ERV24B_Prim-int	-0.444490385065814	0.738	379	6	8.165
ERV3-16A3_I-int	-1.69337155024681	0	6685	43	139.067
ERV3-16A3_LTR	-1.96258603835688	0	1117	5	19.488
ERVL-B4-int	-1.92613146697889	0	4138	23	87.408
ERVL-E-int	-2.33033712338545	0	9119	35	176.023
ERVL-int	-2.50411186400883	0	831	3	17.019
ERVL47-int	-0.658401924972504	0.772	211	3	4.735
Eulor1	-Inf	0.548	85	0	1.348
Eulor10	-Inf	1	39	0	0.594
Eulor11	0.175435787910173	1	103	2	1.771
Eulor12	0.125006361067033	1	57	1	0.917
Eulor2A	-Inf	0.672	68	0	1.11
Eulor2B	0.114035243246029	1	58	1	0.924
Eulor2C	-Inf	1	40	0	0.646
Eulor3	-Inf	1	38	0	0.643
Eulor4	-Inf	1	32	0	0.516
Eulor5A	-1.06626144226872	0.792	126	1	2.094
Eulor5B	-Inf	1	43	0	0.676
Eulor6A	-Inf	1	30	0	0.497
Eulor6B	-Inf	0.764	63	0	1.013
Eulor6C	-Inf	1	21	0	0.364
Eulor6D	0.660862615080415	0.724	77	2	1.265
Eulor6E	-Inf	1	31	0	0.499
Eulor7	-Inf	1	12	0	0.207
Eulor8	-1.28510625106125	0.632	145	1	2.437
Eulor9A	-0.992043276171657	0.834	125	1	1.989
Eulor9B	-Inf	1	30	0	0.457
Eulor9C	0.298672742587059	0.968	106	2	1.626
EuthAT-2	-1.58901010352891	0.022	1166	7	21.059
EuthAT-N1	-0.439357178474257	1	82	1	1.356
EuthAT-N1a	-Inf	0.87	51	0	0.833
Eutr10	-1.80496218717578	0.012	996	5	17.471
Eutr11	-0.831066510605073	0.312	620	6	10.674
Eutr15	-Inf	0	659	0	11.275
Eutr16	-1.17520520878375	0.182	524	4	9.033
Eutr18	-1.16992500144231	0.074	682	5	11.25
Eutr2	-Inf	0.074	232	0	3.67
Eutr2B	-2.8425766307707	0.036	441	1	7.173
Eutr5	-Inf	0.002	411	0	7.123
EUTREP14	-Inf	0.002	393	0	6.507
EUTREP15	-0.759581973233555	0.73	197	2	3.386
EUTREP16	-1.80281359753229	0.078	424	2	6.978
EUTREP2	-1.46550436962951	0.022	834	5	13.808
EUTREP4	-Inf	0.024	301	0	4.853
EUTREP6	-Inf	1	13	0	0.26
EUTREP7	-2.19943678355886	0.162	279	1	4.593
EUTREP8	-1.16639409625346	0.374	269	2	4.489
EutTc1-N1	-Inf	0.908	61	0	0.984
EutTc1-N2	-1.63552224145975	0.484	197	1	3.107
FAM	-0.7579579108766	0.002	4362	42	71.026
FLAM_A	-0.522061693895963	0	15391	169	242.685
FLAM_C	-0.34604690729981	0	25202	315	400.388
FordPrefect	-0.777246859811594	0.262	614	7	11.997
FordPrefect_a	-2.23112515787905	0.158	281	1	4.695
FRAM	-0.395332697296457	0	20741	252	331.442
GSAT	-Inf	0.138	39	0	2.783
GSATII	1.66428808967954	0.04	175	14	4.417
GSATX	-Inf	0.538	53	0	1.572
HAL1	-1.65501640494899	0	21741	127	399.957
HAL1b	-1.82219245500244	0	4461	22	77.796
HAL1M8	-1.95012903634548	0	2273	11	42.505
HAL1ME	-1.69894075638756	0	7554	40	129.865
Harlequin-int	0.832899031036925	0.05	590	30	16.842
hAT-1_Mam	-1.68941099302623	0.002	1483	8	25.802
hAT-16_Crp	-Inf	1	23	0	0.384
hAT-4b_Ther	-Inf	0.066	235	0	3.917
hAT-5_Mam	-0.794935662803536	0.176	920	9	15.615
hAT-N1_Mam	-0.980756519231016	0.534	240	2	3.947
hAT-N1a_Mam	-0.966799584627204	0.238	473	4	7.818
Helitron1Na_Mam	-Inf	0.014	332	0	5.569
Helitron1Nb_Mam	-1.62877359520165	0.148	361	2	6.185
Helitron2Na_Mam	-2.81823703971209	0.02	435	1	7.053
Helitron3Na_Mam	-1.42645646223555	0.008	1129	7	18.815
HERV-Fc1_LTR1	2.2584251525812	0.324	17	1	0.209
HERV-Fc1_LTR2	4.53951952995999	0.082	3	1	0.043
HERV-Fc1_LTR3	-Inf	1	5	0	0.099
HERV-Fc1-int	-Inf	1	6	0	0.243
HERV-Fc2_LTR	-Inf	1	4	0	0.064
HERV-Fc2-int	-Inf	1	5	0	0.244
HERV1_I-int	1.22684760298595	0.262	49	4	1.709
HERV1_LTRa	3.22431729826094	0.002	27	5	0.535
HERV1_LTRb	3.19759995988516	0.044	10	2	0.218
HERV1_LTRc	0.617056130431009	0.926	34	1	0.652
HERV1_LTRd	1.63486740654747	0.546	16	1	0.322
HERV1_LTRe	1.94064472238358	0.198	34	2	0.521
HERV15-int	2.95009047755694	0	122	20	2.588
HERV16-int	-2.20652601587743	0	1930	8	36.925
HERV17-int	0.822145974740051	0.026	916	40	22.624
HERV3-int	1.27423461097863	0.03	322	18	7.442
HERV30-int	-0.0962618530584036	1	72	2	2.138
HERV35I-int	-2.10299399332333	0.032	627	3	12.888
HERV4_I-int	0.251347946938694	0.724	349	9	7.561
HERV9-int	0.487067876621678	0.222	367	19	13.556
HERV9N-int	-1.83045816354108	0.08	229	2	7.113
HERV9NC-int	-0.519470016044606	0.44	257	7	10.034
HERVE_a-int	1.35353009227319	0.008	190	15	5.87
HERVE-int	1.12406270353362	0.018	284	20	9.176
HERVFH19-int	-1.48491148691083	0.586	114	1	2.799
HERVFH21-int	0.123433941248279	0.938	132	4	3.672
HERVH-int	-1.11213098743368	0	5931	68	146.992
HERVH48-int	-0.0229004021100788	1	124	4	4.064
HERVI-int	1.3167847916114	0.118	88	7	2.81
HERVIP10B3-int	0.900523515152078	0.154	248	13	6.964
HERVIP10F-int	0.106715459969727	0.874	327	10	9.287
HERVIP10FH-int	0.490919511047104	0.388	439	14	9.962
HERVK-int	0.828793172581857	0.108	258	14	7.882
HERVK11-int	1.58129485201035	0.002	286	22	7.352
HERVK11D-int	1.42178583452755	0.15	43	4	1.493
HERVK13-int	-Inf	0.616	68	0	1.857
HERVK14-int	-0.212102371686707	0.964	440	8	9.267
HERVK14C-int	0.463283944132904	0.718	81	3	2.176
HERVK22-int	0.639354797539784	0.21	449	18	11.556
HERVK3-int	1.84183534812923	0	368	30	8.369
HERVK9-int	0.207850825919644	0.586	722	23	19.914
HERVKC4-int	0.351074440546879	0.866	65	2	1.568
HERVL-int	-1.38252892444148	0	2403	28	73.003
HERVL18-int	-0.679745490766925	0.586	507	7	11.213
HERVL32-int	-1.36793014143188	0.778	137	1	2.581
HERVL40-int	0.0958192273202405	0.822	1398	27	25.265
HERVL66-int	1.02796911585867	0.34	141	5	2.452
HERVL74-int	-2.89064124396344	0.112	393	1	7.416
HERVP71A-int	0.485330650706696	0.506	254	9	6.429
HERVS71-int	0.125455938833491	0.894	188	7	6.417
HSAT4	-Inf	0.12	100	0	3.749
HSAT5	-Inf	0.464	279	0	3.427
HSAT6	-Inf	1	19	0	0.175
HSATI	2.13500501709315	0.098	60	3	0.683
HSMAR1	-2.3714659324022	0.002	725	3	15.524
HSMAR2	-2.07469571280986	0	1829	9	37.913
HUERS-P1-int	-1.31950232900431	0.102	530	5	12.479
HUERS-P2-int	-0.71742967027234	0.548	267	4	6.577
HUERS-P3-int	-0.806695253531758	0.214	790	10	17.492
HUERS-P3b-int	-1.24853483613868	0.156	538	5	11.88
HY1	-0.0823133030243555	1	461	7	7.411
HY3	-1.08814159686902	0.168	576	4	8.504
HY4	0.564904848379903	0.572	164	4	2.704
HY5	1.57776699931695	0.58	23	1	0.335
Kanga1	-1.81013458296702	0.016	818	4	14.027
Kanga11a	-2.33294657313183	0.004	895	3	15.115
Kanga1a	-2.88029370151051	0	852	2	14.726
Kanga1b	-1.15790605030329	0.276	382	3	6.694
Kanga1c	-2.77568270173906	0	834	2	13.696
Kanga1d	-3.51336440949268	0	686	1	11.419
Kanga2_a	-2.1940870521163	0	1568	6	27.456
L1HS	0.976093384001056	0	1642	79	40.16
L1M	-1.58772501964711	0.03	778	4	12.023
L1M1	-2.68749655518783	0	10162	37	238.352
L1M2	-2.74149010015523	0	9331	28	187.253
L1M2a	-3.50029217673417	0	459	1	11.316
L1M2a1	-Inf	0.182	128	0	2.991
L1M2b	-Inf	0.04	213	0	4.631
L1M2c	-3.33471127958565	0.012	452	1	10.089
L1M3	-1.72103354800827	0	7486	40	131.869
L1M3a	-0.824564212089827	0.266	673	7	12.397
L1M3b	-2.65969626580899	0.006	589	2	12.638
L1M3c	-1.44208093756279	0.01	1090	8	21.737
L1M3d	-1.79881090123728	0.052	532	3	10.438
L1M3de	-1.00072116724365	0.306	498	5	10.005
L1M3e	-2.48817220390906	0.004	811	3	16.832
L1M3f	-1.1970565798355	0.076	694	7	16.049
L1M4	-2.13539900144771	0	20797	87	382.242
L1M4a1	-2.25731240568561	0	2713	11	52.591
L1M4a2	-2.51767163751041	0	2113	7	40.086
L1M4b	-2.27859606926832	0	4399	18	87.337
L1M4c	-1.96835272769375	0	3723	19	74.351
L1M5	-2.4644807981968	0	46104	145	800.296
L1M6	-2.27426166125705	0	5437	20	96.75
L1M6B	-2.04800362418851	0.006	740	3	12.406
L1M7	-1.7302883090887	0	3102	17	56.405
L1M8	-4.01698652471194	0	1753	2	32.379
L1MA1	-3.42023984402628	0	4356	10	107.052
L1MA10	-2.12336521486574	0	5240	22	95.856
L1MA2	-2.95201510693097	0	7599	24	185.719
L1MA3	-2.8609435801597	0	9329	31	225.212
L1MA4	-3.18014149444076	0	10977	25	226.599
L1MA4A	-3.08880008383904	0	6355	17	144.634
L1MA5	-2.89419839992688	0	4601	13	96.646
L1MA5A	-4.12911812808932	0	3535	4	69.992
L1MA6	-1.15316926288851	0	5653	52	115.649
L1MA7	-2.41594453401688	0	8860	32	170.774
L1MA8	-3.57006660203749	0	11543	19	225.658
L1MA9	-2.72583275328128	0	17080	50	330.771
L1MB1	-2.52071938624406	0	6361	22	126.251
L1MB2	-1.57166403761533	0	9323	57	169.431
L1MB3	-1.65775966036429	0	18216	107	337.613
L1MB4	-1.53133952778699	0	9583	61	176.323
L1MB5	-2.10879284019274	0	10120	43	185.472
L1MB7	-1.84782965530952	0	23879	127	457.147
L1MB8	-1.79332088659196	0	17029	93	322.349
L1MC	-2.00811803902973	0	8093	35	140.79
L1MC1	-2.17593551831696	0	13334	61	275.646
L1MC2	-2.54610311017049	0	6531	22	128.492
L1MC3	-2.25118488365531	0	13567	57	271.362
L1MC4	-1.75277822875477	0	24233	130	438.109
L1MC4a	-1.746596854466	0	10189	56	187.917
L1MC5	-1.74933072756024	0	14811	78	262.238
L1MC5a	-1.88679903456051	0	18323	87	321.738
L1MCa	-2.13789886059914	0	7351	34	149.641
L1MCb	-2.61130729962148	0	2184	7	42.774
L1MCc	-1.43792246679077	0	3320	23	62.314
L1MD	-3.1947174628936	0	8747	17	155.652
L1MD1	-2.81808118325433	0	7120	21	148.097
L1MD2	-2.17704074967251	0	11235	48	217.068
L1MD3	-1.77610398807316	0	5553	29	99.325
L1MDa	-1.85433483020201	0	7208	40	144.634
L1MDb	-2.64069804245114	0.002	1016	3	18.709
L1ME1	-2.28728527860329	0	32075	128	624.815
L1ME2	-1.96587661419019	0	13123	64	250.016
L1ME2z	-1.71508977500469	0	7469	41	134.61
L1ME3	-1.83856524900301	0	9350	48	171.674
L1ME3A	-1.91140876675363	0	16176	80	300.941
L1ME3B	-1.71017274827966	0	8464	47	153.784
L1ME3C	-3.60338303193844	0	3352	5	60.771
L1ME3Cz	-2.21717531212147	0	14582	56	260.39
L1ME3D	-2.63830557680709	0	4406	13	80.938
L1ME3E	-2.49821682122543	0	4645	15	84.748
L1ME3F	-1.75285133160925	0	4641	25	84.256
L1ME3G	-1.80655661461043	0	19078	94	328.818
L1ME4a	-2.02398201783553	0	29875	125	508.381
L1ME4b	-1.35106289894039	0	25168	171	436.221
L1ME4c	-2.48730892009017	0	9612	29	162.612
L1ME5	-1.71332537061462	0	3487	19	62.304
L1MEa	-1.17525844574535	0.302	368	3	6.775
L1MEb	-1.85346343466795	0	1753	9	32.523
L1MEc	-2.28872262375084	0	18334	73	356.695
L1MEd	-2.56998626158818	0	17206	53	314.716
L1MEf	-2.24490608187577	0	11747	48	227.523
L1MEg	-2.42030834835761	0	13699	48	256.937
L1MEg1	-2.6203518068184	0.002	1034	3	18.447
L1MEg2	-1.75766335376083	0.034	761	4	13.526
L1MEh	-2.32431312688128	0	3089	11	55.091
L1MEi	-3.0087796818368	0	5382	12	96.586
L1MEj	-2.83804412612874	0	2432	6	42.903
L1P	-Inf	0.192	170	0	2.517
L1P1	-1.32187038593154	0	3334	30	74.997
L1P2	-1.7125328959975	0	1647	14	45.883
L1P3	-2.19395722745979	0	3541	17	77.785
L1P3b	-0.75702324650746	1	88	1	1.69
L1P4	-2.59967485224253	0	3933	12	72.738
L1P4a	-2.26693642330279	0.006	592	3	14.439
L1P4b	-1.77694619185709	0.366	158	1	3.427
L1P4c	-Inf	0.59	107	0	1.992
L1P4d	-Inf	0.072	162	0	3.901
L1P4e	-Inf	0.066	199	0	4.393
L1P5	-3.71808758396052	0	809	1	13.16
L1PA10	-2.06995579996491	0	7337	42	176.347
L1PA11	-2.11921782220467	0	4243	24	104.27
L1PA12	-2.32466661469429	0	1835	8	40.076
L1PA13	-2.9264942431705	0	9214	28	212.873
L1PA14	-3.87746942471893	0	3079	5	73.486
L1PA15	-3.18785723464894	0	8639	23	209.589
L1PA15-16	-2.63938653648156	0	1519	6	37.384
L1PA16	-2.3985754538902	0	14511	62	326.915
L1PA17	-3.35980226054848	0	4850	10	102.66
L1PA2	1.175974659506	0	5114	378	167.297
L1PA3	-0.361392724375651	0	11102	278	357.137
L1PA4	-2.239480296294	0	12283	78	368.337
L1PA5	-2.01825202627215	0	11650	82	332.176
L1PA6	-2.45676353465808	0	6196	37	203.124
L1PA7	-2.38698152778031	0	13418	76	397.527
L1PA8	-2.32368862683113	0	8382	38	190.232
L1PA8A	-2.93348870940671	0	2467	9	68.756
L1PB	-3.21136269775556	0	1911	4	37.049
L1PB1	-2.73238209221319	0	13410	50	332.276
L1PB2	-3.75184930240493	0	2963	5	67.358
L1PB3	-2.39653628364881	0	3726	16	84.246
L1PB4	-2.58356536962117	0	7713	26	155.849
L1PBa	-2.52944617186991	0	2222	10	57.735
L1PBa1	-1.1740867785504	0.066	468	6	13.539
L1PBb	-1.54184520242088	0.114	336	3	8.735
L1PREC2	-2.45356405829198	0	8315	34	186.241
L2	-0.596698917796617	0	55157	634	958.768
L2-1_AMi	-0.984498210715508	0.034	949	8	15.829
L2-1_Crp	-Inf	1	42	0	0.643
L2-2_Mam	-1.59167941693574	0.044	557	3	9.042
L2-3_AMi	-Inf	1	11	0	0.185
L2-3_Crp	-0.907467558240039	0.006	1749	16	30.012
L2a	-0.590557102726863	0	170012	1949	2934.859
L2b	-0.240013577974191	0	93700	1324	1563.649
L2c	-0.521933143342727	0	129292	1516	2176.791
L2d	-0.760548040619136	0	28368	276	467.581
L2d2	-0.603412551636438	0	53617	575	873.601
L3	-0.945510321724891	0	46112	400	770.348
L3b	-0.908094036692329	0	9843	85	159.508
L4_A_Mam	-1.86044142706352	0	6659	32	116.198
L4_B_Mam	-1.91402867517185	0	3332	15	56.529
L4_C_Mam	-2.11401713730965	0	5094	20	86.579
L5	-2.60620531294249	0.002	745	2	12.178
LFSINE_Vert	-0.650573105989305	0.028	2331	24	37.675
Looper	-1.70058767927561	0.134	559	3	9.751
LOR1-int	-1.02502879449152	0.074	1421	14	28.49
LOR1a	-0.773433761235498	0.162	852	9	15.384
LOR1b	-1.20051830337899	0.022	1133	9	20.684
LSAU	0.44418384493836	0.842	143	2	1.47
LSU-rRNA_Hsa	-0.011904508060033	1	454	7	7.058
LTR06	-Inf	0.396	104	0	1.698
LTR1	-0.727702672837238	0.572	252	3	4.968
LTR101_Mam	-1.55090066464752	0.004	1176	7	20.51
LTR102_Mam	-3.2806594324552	0.012	528	1	9.718
LTR103_Mam	-2.04404433270602	0.006	762	3	12.372
LTR103b_Mam	-1.80708009682753	0.022	621	3	10.498
LTR104_Mam	-1.74424722404665	0.002	1986	10	33.502
LTR105_Mam	-1.94710505156787	0.008	682	3	11.568
LTR106_Mam	-3.52531721225445	0	664	1	11.514
LTR107_Mam	-1.84518893534008	0.066	427	2	7.186
LTR108a_Mam	-0.552868871011303	1	86	1	1.467
LTR108b_Mam	-Inf	0.946	54	0	0.893
LTR108c_Mam	0.403541860441014	0.95	44	1	0.756
LTR108d_Mam	-Inf	0.676	67	0	1.19
LTR108e_Mam	-0.0524158941511387	1	182	3	3.111
LTR109A2	1.96296926905503	0.216	27	2	0.513
LTR10A	1.50635266602479	0.01	327	17	5.984
LTR10B	2.7931294904642	0	82	11	1.587
LTR10B1	1.50544216107763	0.008	171	9	3.17
LTR10B2	2.76083699778505	0	107	13	1.918
LTR10C	0.898986953493641	0.034	539	19	10.189
LTR10D	2.09058346563938	0	182	14	3.287
LTR10E	0.710493382805015	0.246	293	9	5.5
LTR10F	-1.09693648250296	0.19	450	4	8.556
LTR10G	0.387097109367418	0.826	131	3	2.294
LTR12	-1.29999817639069	0.016	791	7	17.236
LTR12_	-1.4883864666099	0.038	557	4	11.223
LTR12B	-0.628851345466593	0.636	178	3	4.639
LTR12C	0.557389927078437	0	2781	115	78.146
LTR12D	-0.871580838591315	0.166	502	6	10.978
LTR12E	2.252111378649	0	115	12	2.519
LTR12F	1.42505080940112	0	653	32	11.917
LTR13	0.0583928402233729	0.962	524	12	11.524
LTR13_	1.87434889833848	0.046	48	4	1.091
LTR13A	0.160685336544851	0.924	210	5	4.473
LTR14	1.98850436116217	0.002	96	7	1.764
LTR14A	-0.294547233895515	1	144	2	2.453
LTR14B	-0.835519901386936	0.368	368	4	7.138
LTR14C	1.37145968073724	0.088	137	6	2.319
LTR15	-0.703396061472504	0.59	311	3	4.885
LTR16	-1.53539817136994	0	3080	19	55.075
LTR16A	-0.754972992669901	0	4295	45	75.942
LTR16A1	-1.76998326260455	0	2734	14	47.747
LTR16A2	-1.55915804916864	0	1849	11	32.415
LTR16B	-0.474738871425146	0.434	702	9	12.507
LTR16B1	-1.26403592967887	0.006	1203	9	21.615
LTR16B2	-0.997304452629356	0.002	1681	15	29.944
LTR16C	-1.92333937163215	0	6765	31	117.583
LTR16D	-2.28894910458459	0	1137	4	19.548
LTR16D1	0.427013346937462	0.658	214	5	3.719
LTR16D2	-1.49467161164755	0.224	314	2	5.636
LTR16E1	-1.15801380658977	0	2540	20	44.63
LTR16E2	-1.38394616118709	0	2368	16	41.757
LTR17	0.0356219059890006	1	855	18	17.561
LTR18A	-0.838346736521231	0.66	198	2	3.576
LTR18B	-2.80177948162471	0.016	371	1	6.973
LTR18C	-Inf	0.558	77	0	1.322
LTR19-int	-0.616984955720002	0.8	229	3	4.601
LTR19A	-0.710701757039811	0.352	457	5	8.183
LTR19B	-0.757592244756164	0.548	287	3	5.072
LTR19C	1.42054397558539	0.08	140	7	2.615
LTR1A1	-0.161841625934141	0.978	367	7	7.831
LTR1A2	0.168852395831437	0.652	851	20	17.791
LTR1B	-1.871449415677	0.078	349	2	7.318
LTR1B0	-1.02147972741045	0.77	92	1	2.03
LTR1B1	-Inf	0.056	174	0	3.791
LTR1C	-0.446785562143122	1	64	1	1.363
LTR1C1	-Inf	0.492	72	0	1.478
LTR1C3	-Inf	0.836	65	0	1.124
LTR1D	-1.1951375837588	0.2	306	3	6.869
LTR1D1	-2.71984055506427	0.04	310	1	6.588
LTR1E	-Inf	0.004	300	0	6.471
LTR1F	-Inf	0.136	136	0	2.94
LTR1F1	-1.26453643099903	0.284	234	2	4.805
LTR1F2	-Inf	0.13	137	0	2.861
LTR2	1.26103712854756	0	897	41	17.107
LTR21A	1.75065579775825	0.012	94	6	1.783
LTR21B	-Inf	1	36	0	0.626
LTR21C	-Inf	1	22	0	0.435
LTR22	0.275786313242642	0.938	109	2	1.652
LTR22A	1.68362251808027	0.002	170	10	3.113
LTR22B	-0.322505057518883	1	154	2	2.501
LTR22B1	-0.573374526445944	0.81	156	2	2.976
LTR22B2	2.1456053222469	0.098	39	3	0.678
LTR22C	-Inf	1	17	0	0.329
LTR22C0	-1.14274017211608	0.706	113	1	2.208
LTR22C2	-Inf	0.446	82	0	1.481
LTR22E	0.470595475769156	0.754	118	3	2.165
LTR23	0.817992301709362	0.05	878	26	14.748
LTR23-int	-0.789520603600312	0.844	203	2	3.457
LTR24	0.517926179708058	0.446	314	8	5.587
LTR24B	0.804832412288893	0.146	462	14	8.014
LTR24C	0.25583890442959	0.708	377	8	6.7
LTR25	0.992804498595796	0.148	315	8	4.02
LTR25-int	0.460673294874528	0.376	622	17	12.353
LTR26	-0.185105362542592	0.878	610	10	11.369
LTR26B	0.713710241865903	0.502	137	4	2.439
LTR26C	0.266087904471775	0.74	316	7	5.821
LTR26D	-0.0833835877100829	1	229	4	4.238
LTR26E	1.74298938179398	0.024	124	8	2.39
LTR27	0.319675643155984	0.646	322	8	6.41
LTR2752	-0.14509047680242	1	233	5	5.529
LTR27B	-1.58832486791192	0.394	151	1	3.007
LTR27C	-1.24366908096686	0.622	119	1	2.368
LTR27D	-0.336283387864432	0.906	272	4	5.05
LTR27E	-1.27112682678252	0.308	222	2	4.827
LTR28	-1.68706068833989	0.372	140	1	3.22
LTR28B	-2.53630161932382	0.06	264	1	5.801
LTR28C	-Inf	0.02	228	0	5.154
LTR29	-0.107911006742842	0.982	730	12	12.932
LTR2B	2.20680891073416	0	354	31	6.715
LTR2C	1.39349008895966	0.014	313	14	5.329
LTR3	1.07780215160363	0.252	97	4	1.895
LTR30	1.99951918178495	0.002	149	12	3.001
LTR31	-1.19975085671584	0.348	251	2	4.594
LTR32	-1.1149666349894	0.032	1235	10	21.659
LTR33	-1.44760564351162	0	9406	60	163.653
LTR33A	-1.46347299349606	0	2229	14	38.608
LTR33A_	-1.62601853270775	0	1779	10	30.866
LTR33B	-0.967853685460192	0.026	1635	14	27.383
LTR33C	-0.883099423059581	0.096	944	9	16.599
LTR34	-0.743299527888257	0.636	271	3	5.022
LTR35	0.514573172829758	0.708	117	3	2.1
LTR35A	0.821126041830205	0.498	95	3	1.698
LTR35B	-0.843983844048327	0.644	206	2	3.59
LTR36	0.383799160306089	0.484	505	12	9.197
LTR37-int	-2.09316575856586	0	1395	6	25.601
LTR37A	-1.76426121821711	0	2029	10	33.97
LTR37B	-2.54064727659048	0	2097	6	34.911
LTR38	0.34098882880185	0.724	258	6	4.737
LTR38-int	-0.0827025893302493	1	116	2	2.118
LTR38A1	0.111954932804982	1	164	3	2.776
LTR38B	-2.16928366111573	0.192	236	1	4.498
LTR38C	-1.2862897581341	0.692	132	1	2.439
LTR39	-0.373261523122857	0.448	1297	18	23.315
LTR39-int	-Inf	0.148	197	0	3.329
LTR3A	1.75544501477387	0.004	179	11	3.258
LTR3B	0.442222328605074	0.834	90	2	1.472
LTR3B_	-0.288949104584587	0.972	276	4	4.887
LTR4	2.36959452851768	0	107	8	1.548
LTR40a	-0.884715129096033	0.01	2032	20	36.928
LTR40A1	-2.34369206917902	0.022	580	2	10.152
LTR40b	-0.628827422754432	0.156	1142	13	20.102
LTR40c	-0.630139168751362	0.382	610	7	10.834
LTR41	-0.906050965123077	0.058	1199	11	20.613
LTR41B	0.324493055633059	0.506	868	19	15.173
LTR41C	-1.16371340307278	0.066	766	6	13.442
LTR42	-0.0514881159578209	1	338	6	6.218
LTR43	0.719552663080516	0.148	470	14	8.502
LTR43-int	-1.65306001710456	0.64	182	1	3.145
LTR43B	-0.161242758342511	1	250	4	4.473
LTR44	-1.06246714350071	0.544	233	2	4.177
LTR45	-0.135315964512171	1	177	3	3.295
LTR45B	-1.34501781463316	0.15	448	3	7.621
LTR45C	-0.954382452576784	0.336	473	4	7.751
LTR46	0.816354694605344	0.26	260	8	4.543
LTR46-int	0.717856771218502	0.492	82	4	2.432
LTR47A	0.395335584836296	0.364	696	16	12.165
LTR47A2	-0.750749409599306	0.632	287	3	5.048
LTR47B	0.446148031818874	0.974	43	1	0.734
LTR47B2	-1.64385618977472	0.408	175	1	3.125
LTR47B3	-Inf	0.38	122	0	2.044
LTR47B4	-Inf	0.322	105	0	1.868
LTR48	-0.54010995229853	0.31	1009	12	17.449
LTR48B	-0.163044029844628	0.742	1026	17	19.034
LTR49	-0.0181593691188401	1	1584	27	27.342
LTR49-int	-1.5683888823599	0	2333	15	44.486
LTR5	-Inf	1	25	0	0.411
LTR5_Hs	1.87386179522105	0	701	57	15.552
LTR50	-1.07624812256107	0.002	2597	22	46.388
LTR51	-0.974345751819357	0.246	416	4	7.859
LTR52	-0.940880872233434	0.058	1109	10	19.197
LTR52-int	-Inf	0.166	176	0	3.352
LTR53	-0.0184759231608977	1	516	9	9.116
LTR53-int	-1.28609257436547	0.318	354	3	7.316
LTR53B	-1.85798099512757	0.28	198	1	3.625
LTR54	-0.382943869568991	0.462	1137	15	19.56
LTR54B	-0.771838637942361	0.158	884	9	15.367
LTR55	-0.106252589765495	1	425	7	7.535
LTR56	0.389094563252323	0.3	1050	23	17.563
LTR57	0.0706634659931113	1	282	5	4.761
LTR57-int	-1.92637902519988	0.088	387	2	7.602
LTR58	-0.55581615506164	1	76	1	1.47
LTR59	-Inf	0.306	116	0	2.114
LTR5A	-0.67061376422175	0.498	306	4	6.367
LTR5B	1.06376814776902	0.006	469	21	10.046
LTR60	0.612637459164004	0.936	38	1	0.654
LTR60B	2.06937220685783	0	254	19	4.527
LTR61	0.649276465558977	0.48	200	5	3.188
LTR62	0.374729510625307	0.584	326	8	6.17
LTR64	-0.140778655782796	1	384	6	6.615
LTR65	0.639873472735336	0.23	477	13	8.343
LTR66	0.0634091701760615	0.946	435	7	6.699
LTR67B	-1.08490332446479	0	3787	30	63.637
LTR68	-1.06717977141551	0.338	356	3	6.286
LTR69	-0.459431618637297	1	147	2	2.75
LTR6A	1.32089796628887	0.008	329	14	5.604
LTR6B	0.375665110554912	0.742	163	4	3.083
LTR7	-0.814282224943923	0	2427	26	45.719
LTR70	-Inf	0.154	162	0	3.229
LTR71A	0.929610672108602	0.192	170	6	3.15
LTR71B	0.758159816435329	0.302	251	8	4.73
LTR72	-Inf	0.136	161	0	3.054
LTR72B	0.0355397549744928	1	163	3	2.927
LTR73	-0.444667066841908	0.882	229	3	4.083
LTR75	1.14454177996439	0.048	311	12	5.428
LTR75_1	1.02973532098547	0.252	130	5	2.449
LTR75B	0.803392955905182	0.3	204	6	3.438
LTR76	1.5034865191232	0.01	207	10	3.527
LTR77	0.0232697793228473	1	105	2	1.968
LTR78	-1.68924945442412	0	4897	27	87.072
LTR78B	-2.5129600596266	0	3301	10	57.079
LTR79	-1.35797940649971	0	4095	27	69.208
LTR7B	0.403632736006595	0.274	888	21	15.875
LTR7C	0.404973815934146	0.52	332	8	6.042
LTR7Y	-2.22496636500027	0.126	258	1	4.675
LTR8	0.720663781837106	0	3504	110	66.75
LTR80A	-1.83491342970104	0.068	401	2	7.135
LTR80B	-2.17440641852975	0.014	513	2	9.028
LTR81	-0.511215001470974	0.756	336	4	5.701
LTR81A	-1.52697021440912	0.014	853	5	14.409
LTR81AB	-2.18205660901025	0.194	275	1	4.538
LTR81B	-1.73147291028934	0	1161	6	19.924
LTR81C	-2.1013139010863	0.004	739	3	12.873
LTR82A	-1.43479023879198	0.012	1049	7	18.924
LTR82B	-3.35176965202408	0	1162	2	20.418
LTR83	-1.10913764607856	0.128	736	6	12.943
LTR84a	-3.58556349845569	0.006	702	1	12.005
LTR84b	-0.909069022606346	0.064	1302	12	22.534
LTR85a	-2.66060921951191	0	1893	5	31.615
LTR85b	-1.77427752480817	0.002	1200	6	20.524
LTR85c	-1.32488259239487	0.008	1186	8	20.041
LTR86A1	-3.28702895733093	0.01	554	1	9.761
LTR86A2	-Inf	0.016	308	0	5.189
LTR86B1	-2.39752917971139	0.104	302	1	5.269
LTR86B2	-1.3050950106667	0.308	285	2	4.942
LTR86C	-2.39506279951758	0.112	301	1	5.26
LTR87	-1.65695393320906	0.03	718	4	12.614
LTR88a	-1.9174317553901	0.006	912	4	15.11
LTR88b	-1.45691125979413	0	1640	10	27.452
LTR88c	-1.51340652275375	0.008	1044	6	17.129
LTR89	-1.88931777757297	0	1101	5	18.523
LTR89B	-2.64177721169212	0.002	749	2	12.482
LTR8A	-0.742183793628704	0.054	1481	17	28.436
LTR8B	-0.106124940230737	0.83	1644	30	32.29
LTR9	0.535513558573819	0.152	850	23	15.868
LTR90A	-2.75702324650746	0.026	407	1	6.76
LTR90B	-1.13569902690319	0.15	536	4	8.789
LTR91	-1.07892507451864	0.02	1592	13	27.462
LTR91A	-2.20570529240357	0	2468	9	41.517
LTR9A1	-0.649538819841054	0.418	491	6	9.412
LTR9B	0.774052066678222	0.04	709	22	12.865
LTR9C	-0.147523792308788	1	172	3	3.323
LTR9D	-0.413692543084244	0.474	755	11	14.653
MADE1	-1.93712071941261	0	8005	32	122.541
MADE2	-1.58255600301406	0	2711	14	41.93
Mam_R4	-2.25534965769499	0.01	564	2	9.549
MamGyp-int	-2.0309245731949	0.016	695	3	12.26
MamGypLTR1a	-2.63032780493008	0	1103	3	18.575
MamGypLTR1b	-1.78555055173926	0.002	1224	6	20.685
MamGypLTR1c	-1.3023921709935	0.008	1168	8	19.731
MamGypLTR1d	-1.70818723602071	0.016	777	4	13.07
MamGypLTR2b	-0.852498298789891	0.106	879	8	14.445
MamGypLTR2c	-2.58880456701555	0	1055	3	18.048
MamGypLTR3	-0.017727592549344	1	680	11	11.136
MamGypLTR3a	-1.70916457560349	0.002	1350	7	22.888
MamGypLTR4	-1.02219023963407	0.134	724	6	12.186
MamGypsy2-I	-3.01920373397309	0	2302	5	40.536
MamGypsy2-LTR	-1.89093302170554	0	916	4	14.835
MamRep1151	-2.92061089956086	0	1278	3	22.715
MamRep137	-1.69756854624399	0	2500	13	42.166
MamRep1527	-1.87348512671677	0.006	1314	6	21.985
MamRep1879	0.879264689630957	0.002	1507	45	24.464
MamRep1894	-2.47923056120634	0	709	2	11.152
MamRep38	-1.81303207773797	0	2167	10	35.138
MamRep4096	-0.326740358770117	0.476	1282	17	21.321
MamRep434	-1.23429692939648	0	2142	15	35.29
MamRep488	1.09886903576838	0.016	503	17	7.937
MamRep564	-0.717868312732662	0.226	804	8	13.158
MamRep605	-2.09960780649965	0	3594	14	60.003
MamRep605b	-1.72741224605399	0	2391	12	39.736
MamRTE1	-1.15714172930796	0	9028	66	147.19
MamRTE2	0.258425152581204	1	49	1	0.836
MamSINE1	-0.767972537483403	0	5945	56	95.361
MamTip1	-1.08882003329859	0.068	774	6	12.762
MamTip1b	-0.0910469379345892	1	460	7	7.456
MamTip2	-1.19607957224703	0	5279	37	84.773
MamTip2b	-1.145507908189	0	6841	50	110.612
MamTip3	-0.513779472269602	0.262	1176	14	19.989
MamTip3B	-1.79025073883523	0.022	836	4	13.835
MARE10	-Inf	0.552	81	0	1.372
MARE11	-Inf	1	13	0	0.228
MARE4	-2.3305584000308	0.086	312	1	5.03
MARE6	-0.0971612888985642	1	187	3	3.209
MARE8	-Inf	0.064	218	0	3.466
MARE9	-Inf	1	29	0	0.34
MARNA	-1.90996506675797	0	3187	14	52.612
MER101	-1.11946685135532	0.292	370	3	6.518
MER101-int	-2.94354630834475	0	1253	3	23.079
MER101B	-0.633508710022105	0.702	269	3	4.654
MER102a	-1.14092088430767	0	3088	23	50.72
MER102b	-0.553606256685873	0.02	3205	36	52.839
MER102c	-1.04951925075455	0	3172	25	51.746
MER103C	-1.85082868899215	0	9080	41	147.89
MER104	-2.36453241246088	0	2260	7	36.049
MER105	-0.755559076854497	0.184	730	7	11.818
MER106A	-0.826308774809028	0.154	740	7	12.412
MER106B	-1.41910736678436	0.018	834	5	13.371
MER107	-0.243425361895265	1	361	5	5.919
MER110	-0.767125077269071	0.228	802	8	13.615
MER110-int	-2.93677925730947	0.026	412	1	7.657
MER110A	-0.664092694319788	0.344	633	7	11.092
MER112	-0.940913630473239	0	4569	39	74.87
MER113	-1.00551227283747	0	3816	32	64.245
MER113A	-0.62824336804992	0.056	2109	22	34.005
MER115	-1.30288766475008	0	2559	18	44.41
MER117	-1.30702646428506	0	4434	29	71.755
MER119	-1.40374490547906	0.02	1221	8	21.167
MER11A	1.63664839803371	0	992	73	23.477
MER11B	1.57049733416413	0	562	39	13.131
MER11C	0.676782542352394	0.014	885	34	21.269
MER11D	3.40773395221978	0	267	62	5.842
MER121	-1.39798545443637	0.006	941	6	15.812
MER121B	-Inf	0.596	70	0	1.195
MER123	-Inf	0.94	48	0	0.809
MER124	-2.0894981508391	0.002	765	3	12.768
MER125	-Inf	0.222	138	0	2.207
MER126	-1.15380533607904	0.41	276	2	4.45
MER127	-1.82822536035888	0.288	213	1	3.551
MER129	-0.104336659814736	1	125	2	2.15
MER130	-1.60264690850537	0.434	181	1	3.037
MER131	-0.553606256685873	0.222	1137	12	17.613
MER132	-Inf	1	37	0	0.604
MER133A	-Inf	0.932	54	0	0.815
MER133B	-Inf	1	41	0	0.638
MER134	-Inf	0.476	90	0	1.458
MER135	-1.36793014143188	0.038	822	5	12.905
MER136	-Inf	1	29	0	0.481
MER1A	-1.2956525041179	0	3307	25	61.372
MER1B	-0.718979191368545	0	5525	59	97.115
MER2	-1.74608401774641	0	9338	47	157.66
MER20	-0.487735943076497	0	17280	202	283.253
MER20B	-1.08526467676251	0	4240	34	72.14
MER21-int	-0.825785627464791	0.138	1094	12	21.27
MER21A	0.169744675832317	0.582	2062	43	38.227
MER21B	-0.164518134165301	0.546	2871	48	53.798
MER21C	-0.582060647753008	0	5724	71	106.286
MER2B	-1.78534129870518	0	2101	10	34.47
MER3	-1.36380385743431	0	11144	70	180.154
MER30	-1.73562532640757	0	4256	21	69.935
MER30B	0.854275969445097	0.204	255	7	3.872
MER31-int	-2.11109810227977	0.012	1194	5	21.601
MER31A	0.558044434339553	0.044	1379	36	24.452
MER31B	-0.11551272947618	0.828	1525	25	27.084
MER33	-0.913798964950696	0	9845	87	163.908
MER34	-0.393538235240767	0.374	1355	18	23.645
MER34-int	-1.41521782488884	0.226	423	3	8.001
MER34A	-1.40234017221771	0	1513	10	26.433
MER34A1	-1.8319785504885	0.01	804	4	14.241
MER34B	-1.59132037382777	0.042	668	4	12.053
MER34B-int	-1.91978499577841	0.06	641	3	11.351
MER34C	-1.77862912589557	0.31	206	1	3.431
MER34C_	-1.9560566524124	0.022	685	3	11.64
MER34C2	0.0385450436617659	0.876	613	11	10.71
MER34D	0.369283904113228	0.694	254	6	4.645
MER39	-0.13975012951027	0.568	3390	56	61.696
MER39B	1.30718328787988	0	1222	55	22.226
MER4-int	-1.52718410106049	0	3127	22	63.409
MER41-int	-0.46511623938428	0.244	1776	28	38.652
MER41A	0.675824531879881	0	2640	78	48.826
MER41B	0.532065110807181	0.004	2941	78	53.942
MER41C	1.6878189035662	0	863	48	14.899
MER41D	0.521804742060834	0.378	488	12	8.358
MER41E	0.073133055836825	0.988	365	7	6.654
MER41G	0.939952616330061	0.36	120	4	2.085
MER44A	-1.81345628108324	0	2404	12	42.178
MER44B	-0.965618076619609	0	2176	20	39.058
MER44C	-0.271824045566925	0.594	1126	18	21.732
MER44D	-2.57809337215042	0.01	657	2	11.943
MER45A	-0.80187352279786	0	3563	33	57.531
MER45B	-0.47664090866952	0.28	1331	18	25.047
MER45C	-2.43822630507018	0	1235	4	21.679
MER45R	-1.53281564410817	0.042	661	4	11.574
MER46C	-1.06449301099941	0	2870	23	48.103
MER47A	-1.93885033700606	0	2639	12	46.008
MER47B	-3.48000655138599	0	623	1	11.158
MER47C	0.414797070140567	0.38	791	16	12.002
MER48	0.742587012514868	0.31	196	6	3.586
MER49	-0.448789692176854	0.302	1428	19	25.933
MER4A	0.216003049644822	0.62	890	19	16.358
MER4A1	-0.154943971692374	0.612	2314	37	41.195
MER4A1_	-0.178873958169795	0.954	416	7	7.924
MER4B	0.0522788446320032	0.89	1788	34	32.79
MER4B-int	-0.975263321678493	0.058	1620	16	31.456
MER4C	0.176017777930123	0.714	697	14	12.392
MER4CL34	-0.651599693751447	0.212	933	11	17.28
MER4D	-0.435263628434655	0.334	1373	19	25.691
MER4D0	0.385954108958329	0.536	457	11	8.418
MER4D1	0.00076964261141855	0.976	1595	30	29.984
MER4E	-0.510050455601139	0.398	746	10	14.241
MER4E1	-0.629257970892188	0.188	1092	13	20.108
MER50	0.156206140965208	0.526	2591	55	49.356
MER50-int	0.291702386025763	0.55	555	16	13.071
MER50B	0.105029835181793	0.848	700	14	13.017
MER50C	1.71217313271492	0.076	83	5	1.526
MER51-int	-0.389126226924704	0.692	621	10	13.096
MER51A	2.02538258669225	0	955	75	18.423
MER51B	1.29104029558693	0	725	32	13.077
MER51C	1.17177463964112	0.09	192	8	3.551
MER51D	1.29133977505394	0.094	171	7	2.86
MER51E	0.178861262509296	0.796	242	5	4.417
MER52-int	-0.610936240418158	0.426	501	8	12.218
MER52A	-2.24096301457931	0	1465	8	37.817
MER52C	0.195615964558659	0.764	399	10	8.732
MER52D	-0.274640136246395	0.624	664	13	15.726
MER53	-0.611719475725062	0	6020	63	96.269
MER54A	-2.21598915414672	0.004	774	3	13.938
MER54B	-0.220860585072832	0.898	438	7	8.158
MER57-int	-1.03456789281821	0.046	1366	14	28.679
MER57A-int	-2.43421835348664	0	1976	7	37.833
MER57A1	0.0289255418878092	0.96	1093	20	19.603
MER57B1	-0.889940736525117	0.06	1033	10	18.531
MER57B2	-0.749248203118503	0.092	1145	12	20.171
MER57C1	-Inf	0.1	195	0	3.299
MER57C2	-1.47733193732164	0.048	472	3	8.353
MER57D	-0.232836149780691	0.91	464	7	8.226
MER57E1	-1.56038888485146	0.084	512	3	8.848
MER57E2	-Inf	0.62	80	0	1.345
MER57E3	4.61246099349919	0	277	100	4.088
MER57F	-2.86155841957203	0.016	424	1	7.268
MER58A	-1.94950011356233	0	13824	59	227.882
MER58B	-0.93948139473926	0	7134	62	118.906
MER58C	-0.658740426860704	0.024	2642	27	42.625
MER58D	-1.91249658238103	0	1174	5	18.823
MER5A	-0.276737516706957	0	35585	471	570.594
MER5A1	-0.442567572305679	0	16237	192	260.932
MER5B	-0.627296731756795	0	25480	262	404.703
MER5C	-1.1971105147127	0.016	1374	10	22.928
MER5C1	-3.34070468006655	0.002	627	1	10.131
MER6	-2.96799856411329	0	826	2	15.649
MER61-int	-0.00108161572545152	0.984	1202	28	28.021
MER61A	0.604338902834552	0.096	813	22	14.471
MER61B	0.921585348289914	0.048	435	14	7.391
MER61C	1.05040281611284	0.03	316	12	5.794
MER61D	1.59655047499637	0	269	15	4.96
MER61E	0.234222804255579	0.766	320	7	5.951
MER61F	1.53998559200277	0.016	167	9	3.095
MER63A	-1.44964540682606	0	3616	22	60.091
MER63B	-1.67352163468618	0	2472	13	41.469
MER63C	-3.09313758175383	0	904	2	17.067
MER63D	-1.52822122907353	0.002	1752	10	28.843
MER65-int	-1.62473593514102	0.03	1092	7	21.587
MER65A	-0.986284899605002	0.02	1485	13	25.754
MER65B	-0.797843067065541	0.756	211	2	3.477
MER65C	-0.252052275031513	0.768	700	10	11.909
MER65D	-1.04701481951759	0.31	525	4	8.265
MER66-int	-2.49022781343406	0.01	794	3	16.856
MER66A	-0.99397621237223	0.368	340	3	5.975
MER66B	-1.08633087176042	0.012	1486	12	25.48
MER66C	0.0839750827606356	0.922	603	11	10.378
MER66D	-2.18428029441938	0.168	249	1	4.545
MER67A	0.15914516268907	0.762	481	9	8.06
MER67B	0.554273296650016	0.338	498	13	8.853
MER67C	-0.743586774288586	0.088	1703	18	30.138
MER67D	-3.22380865860602	0	1055	2	18.685
MER68	-0.628229225991282	0.1	1529	18	27.822
MER68-int	-1.8116765280077	0.176	402	2	7.021
MER68B	0.0728199108586525	0.94	475	9	8.557
MER68C	0.0409717810563061	1	165	3	2.916
MER6A	-0.939226577728209	0.066	1034	10	19.175
MER6B	-0.699170856985519	0.264	693	7	11.365
MER6C	-1.24974871508357	0.664	168	1	2.378
MER70-int	-1.38598315929781	0.394	263	2	5.227
MER70A	-1.75189213840431	0.024	542	3	10.104
MER70B	-4.12391445900198	0	995	1	17.435
MER70C	-0.303342394487331	0.936	279	4	4.936
MER72	-0.544089666548802	0.35	793	10	14.581
MER72B	0.359194004291559	0.728	198	5	3.898
MER73	-0.0930192331335448	1	288	5	5.333
MER74A	-1.73643650897967	0	1625	9	29.989
MER74B	-1.76833255738582	0.004	958	5	17.033
MER74C	-Inf	0.036	234	0	4.269
MER75	-2.19203631255154	0.028	485	2	9.139
MER75A	-Inf	0.532	92	0	1.429
MER75B	-Inf	0.382	124	0	1.989
MER76	-0.253824283093676	0.736	728	11	13.116
MER76-int	-1.56413424345824	0.65	155	1	2.957
MER77	-0.358810803974005	0.358	1373	19	24.365
MER77B	0.0999320727953066	0.784	1318	26	24.26
MER8	-1.23309919929202	0.002	2006	14	32.91
MER81	-0.742462083455369	0.002	3748	35	58.556
MER83	-0.903192560797075	0.296	516	5	9.351
MER83A-int	-Inf	0.382	105	0	2.293
MER83B	-Inf	0.212	150	0	2.509
MER83B-int	-0.490570130446201	0.802	277	4	5.62
MER83C	0.141886349358483	1	156	3	2.719
MER84	0.48264030952447	0.474	364	9	6.441
MER84-int	-0.473007567916174	1	143	2	2.776
MER85	-1.06950577471023	0.05	929	7	14.691
MER87	-Inf	0.114	166	0	2.913
MER87B	-0.857582955384148	0.674	211	2	3.624
MER88	-0.975996957616443	0.852	113	1	1.967
MER89	-0.344998883987489	0.454	1436	20	25.403
MER89-int	-1.44731470025318	0.076	789	5	13.635
MER90	-0.694434503873531	0.288	727	8	12.946
MER90a	0.149376574805851	0.66	1265	25	22.541
MER91A	-1.24344973565526	0	3694	25	59.191
MER91B	-2.55471162900982	0	1476	4	23.502
MER91C	-1.25327420300127	0	1665	11	26.222
MER92-int	-0.986876082634211	0.16	1020	9	17.837
MER92A	0.57185760902167	0.572	156	4	2.691
MER92B	-1.05697981872482	0.098	832	7	14.564
MER92C	0.473263428523736	0.728	125	3	2.161
MER92D	-0.924859998957002	0.606	226	2	3.797
MER94	-1.51431399877553	0	4852	27	77.129
MER94B	0.000144276718044916	1	634	10	9.999
MER95	-1.34027740476625	0.636	141	1	2.532
MER96	-0.0154262036096077	1	1291	20	20.215
MER96B	-0.468843942974638	0.178	2245	26	35.984
MER97a	-2.37545653587666	0.18	280	1	5.189
MER97b	-Inf	0.182	181	0	3.386
MER97c	-Inf	0.116	211	0	3.939
MER97d	-Inf	0.264	138	0	2.487
MER99	-2.44863669708433	0.102	301	1	5.459
MER9a1	-0.227741075839128	0.89	351	6	7.026
MER9a2	-2.55655203625122	0.03	322	1	5.883
MER9a3	0.299306643489603	0.526	595	14	11.377
MER9B	0.388355456626338	1	39	1	0.764
Merlin1_HS	-Inf	1	56	0	0.989
MERX	-0.524063675777211	0.606	442	5	7.19
MIR	-0.424107456824469	0	177613	2168	2908.897
MIR1_Amn	0.534225678821968	0	12053	274	189.205
MIR3	0.143387742609629	0	89786	1577	1427.801
MIRb	-0.268597644129606	0	228856	3096	3729.554
MIRc	-0.131451679942838	0	103104	1510	1654.047
MLT-int	-1.90400231628369	0.084	417	2	7.485
MLT1-int	-Inf	0.058	267	0	4.509
MLT1A	-1.5254156582705	0	9313	56	161.207
MLT1A-int	-1.13405661433863	0.266	448	4	8.779
MLT1A0	-1.96569972506836	0	21288	95	371.072
MLT1A0-int	-3.27828217953273	0	953	2	19.404
MLT1A1	-1.50852299334167	0	6913	43	122.343
MLT1A1-int	-Inf	0	462	0	10.55
MLT1B	-1.94223755454645	0	18094	82	315.127
MLT1B-int	-3.38239058287347	0.008	567	1	10.428
MLT1C	-1.80405355896735	0	6716	34	118.728
MLT1C-int	-Inf	0.302	130	0	2.484
MLT1C2	-1.6071901260441	0	16393	95	289.425
MLT1C2-int	-2.03878733050557	0.088	436	2	8.218
MLT1D	-1.20206426862639	0	19733	153	352.005
MLT1D-int	-1.20826752896869	0.102	598	5	11.553
MLT1E	-1.45285896471381	0.02	922	6	16.425
MLT1E-int	-Inf	1	12	0	0.257
MLT1E1	-1.91998833904285	0.004	1065	5	18.921
MLT1E1-int	-Inf	1	45	0	0.741
MLT1E1A	-1.71177310144921	0	3422	19	62.237
MLT1E1A-int	-Inf	0.536	84	0	1.542
MLT1E2	-1.20176690991303	0	4091	33	75.907
MLT1E2-int	-1.39231742277876	0.684	128	1	2.625
MLT1E3	-1.49640334968282	0	2066	13	36.678
MLT1E3-int	-0.408168370708106	1	74	1	1.327
MLT1F	-1.30881226571464	0	4411	32	79.276
MLT1F-int	-2.306991278624	0.02	530	2	9.897
MLT1F1	-1.6261808856206	0	3329	19	58.652
MLT1F1-int	-Inf	0.124	160	0	3.226
MLT1F2	-1.27691089468833	0	6215	46	111.467
MLT1F2-int	-1.57337452644594	0.236	327	2	5.952
MLT1G	-1.99081526050904	0	2894	13	51.67
MLT1G-int	-1.88674522474211	0.362	185	1	3.698
MLT1G1	-1.59150534658793	0	3680	22	66.3
MLT1G1-int	-1.56900492681818	0.196	299	2	5.934
MLT1G3	-1.26803508689216	0	2818	21	50.575
MLT1G3-int	-Inf	0.052	246	0	4.906
MLT1H	-1.8455502665242	0	10252	50	179.695
MLT1H-int	-1.38589115361933	0.04	836	6	15.68
MLT1H1	-1.30243279163926	0	3756	27	66.594
MLT1H1-int	-1.95661428755723	0.094	426	2	7.763
MLT1H2	-1.89604281743458	0	4849	22	81.882
MLT1H2-int	-Inf	0.01	354	0	6.868
MLT1I	-1.90082798524382	0	11268	51	190.448
MLT1I-int	-3.97296830188095	0	829	1	15.703
MLT1J	-1.33131042504857	0	15494	106	266.729
MLT1J-int	-3.10880321149663	0	1457	3	25.88
MLT1J1	-1.75327933704766	0	5003	25	84.281
MLT1J1-int	-3.15688196396671	0.018	476	1	8.919
MLT1J2	-1.85962024342672	0	6991	33	119.761
MLT1J2-int	-1.5165194976611	0.084	596	4	11.444
MLT1K	-1.65039413294801	0	17999	98	307.641
MLT1K-int	-1.88401173758352	0.298	208	1	3.691
MLT1L	-1.36808384929774	0	12248	80	206.502
MLT1L-int	0.0476664336303143	1	112	2	1.935
MLT1M	-0.6090362718998	0.046	2329	25	38.131
MLT1M-int	-Inf	1	1	0	0.026
MLT1N2	-1.2461633470851	0	5816	41	97.256
MLT1N2-int	-Inf	0.658	74	0	1.247
MLT1O	-1.13268650745216	0	5156	39	85.514
MLT1O-int	2.09541956507868	0.404	12	1	0.234
MLT2A1	-1.88609486407614	0	3849	18	66.534
MLT2A2	-1.88500810770777	0	3928	20	73.871
MLT2B1	-2.35371143966409	0	4532	16	81.782
MLT2B2	-2.1449527559259	0	2229	9	39.805
MLT2B3	-1.34433141997206	0	3363	24	60.939
MLT2B4	-2.06619254401226	0	4762	20	83.756
MLT2B5	-Inf	0.002	383	0	6.883
MLT2C1	-1.69755143881627	0	2710	14	45.409
MLT2C2	-1.40689942983517	0.006	1378	9	23.865
MLT2D	-2.30202653370515	0	4584	16	78.904
MLT2E	-Inf	0.004	405	0	7.083
MLT2F	-0.885677109451475	0.016	1946	19	35.105
MSR1	2.5549182000923	0	445	46	7.828
MST-int	-1.07313470463022	0.45	235	2	4.208
MSTA	-1.63023674226804	0	20293	116	359.094
MSTA-int	-1.4153483914341	0	3304	29	77.35
MSTA1	-0.957246013601684	0.198	563	5	9.708
MSTA1-int	-Inf	1	29	0	0.599
MSTB	-1.69284561717274	0	8800	48	155.181
MSTB-int	-3.43749409080897	0	902	2	21.668
MSTB1	-1.81395148330082	0	4944	25	87.901
MSTB1-int	-Inf	0.036	231	0	4.98
MSTB2	-1.28318097894557	0.002	1621	12	29.205
MSTB2-int	-Inf	0.346	94	0	2.075
MSTC	-1.68989550033601	0	3291	18	58.074
MSTC-int	-1.25065845449841	0.334	210	2	4.759
MSTD	-1.58493113744458	0	7813	46	137.997
MSTD-int	-3.09178444720043	0.002	751	2	17.051
OldhAT1	-0.100809491650164	0.632	4404	64	68.632
ORSL	-0.0516505202177433	1	1252	20	20.729
ORSL-2a	-1.0660317686169	0.318	376	3	6.281
ORSL-2b	-0.436754102979277	0.57	733	9	12.182
PABL_A	-0.837270499961892	0.214	544	6	10.72
PABL_A-int	-1.74745901341466	0.078	459	3	10.073
PABL_B	-0.00616976724020658	1	393	7	7.03
PABL_B-int	-1.59717358467203	0.256	265	2	6.051
Penelope1_Vert	-0.563320861782021	0.206	1123	12	17.732
Plat_L3	-1.15603411739312	0	3386	25	55.711
PRIMA4_LTR	0.616613653800984	0.308	349	10	6.522
PRIMA4-int	-1.11636475669178	0.23	443	4	8.672
PRIMA41-int	1.45645622177778	0	511	31	11.296
PRIMAX-int	-Inf	0.758	78	0	1.32
PrimLTR79	0.782769283779331	0.448	136	4	2.325
REP522	1.89495302230839	0	294	17	4.571
Ricksha	-2.09609314639378	0.072	431	2	8.551
Ricksha_0	-1.27281948826211	0.248	386	3	7.249
Ricksha_a	-Inf	0.812	57	0	1.035
Ricksha_b	-Inf	0.314	118	0	2.362
Ricksha_c	-1.32735888169719	0.022	1032	7	17.566
SAR	2.21089678249862	0.376	13	1	0.216
SATR1	0.722379930723036	0.068	728	31	18.789
SATR2	0.534156102041193	0.3	450	16	11.049
SST1	2.32966554748785	0	650	43	8.554
SSU-rRNA_Hsa	-Inf	0.472	90	0	1.531
SVA_A	-0.500802053057158	0.226	1230	16	22.64
SVA_B	-1.86821263647713	0.002	839	5	18.254
SVA_C	-1.09074053909843	0.038	540	6	12.779
SVA_D	-1.34897595786294	0	1491	16	40.757
SVA_E	-0.501368371039263	0.388	704	9	12.74
SVA_F	-1.00882584968584	0.016	1023	11	22.135
TAR1	4.60350323563813	0	155	52	2.139
THE1-int	-Inf	0.066	200	0	3.725
THE1A	-1.10265813136374	0	4308	36	77.31
THE1A-int	-1.60779008174039	0	1481	13	39.622
THE1B	-1.46869352030884	0	22924	149	412.389
THE1B-int	-1.77890942413637	0	4277	33	113.245
THE1C	-1.50404828535422	0	10046	64	181.528
THE1C-int	-1.56471349826092	0	1824	16	47.331
THE1D	-1.51675604586474	0	12935	81	231.779
THE1D-int	-2.75322417903	0	2667	9	60.68
Tigger1	-1.89829203460564	0	12353	74	275.851
Tigger10	-1.48760068108699	0	1481	9	25.238
Tigger11a	-1.85738389432265	0.118	419	2	7.247
Tigger12	-0.733691773673695	0.202	910	9	14.966
Tigger12A	-1.60573136581573	0.026	748	4	12.174
Tigger12c	-1.52466550921744	0.016	865	5	14.386
Tigger13a	-2.11984137836078	0	3189	13	56.504
Tigger14a	-1.82714154395641	0.002	1312	6	21.29
Tigger15a	-1.24145669205766	0	4892	35	82.753
Tigger16a	-1.72954068601218	0	1822	9	29.846
Tigger16b	-1.83585671997248	0	1342	6	21.419
Tigger17	-0.0538064436957938	1	57	1	1.038
Tigger17a	-1.35777093359487	0	2457	18	46.132
Tigger17b	-0.883620816285671	0.964	94	1	1.845
Tigger17c	-0.568518597792544	0.592	347	4	5.932
Tigger17d	-2.53331415656679	0.062	336	1	5.789
Tigger18a	-0.69764674904461	0.156	1273	14	22.706
Tigger19a	-0.53077724706769	0.022	3637	41	59.233
Tigger19b	-0.923866867497099	0	3685	31	58.813
Tigger1a_Art	-1.32192809488736	0.478	315	2	5
Tigger1a_Mars	-Inf	0.956	45	0	0.862
Tigger2	-3.07577709359968	0	2835	7	59.02
Tigger20a	-1.78306745287762	0	1378	7	24.091
Tigger21a	-1.57531233068744	0.536	173	1	2.98
Tigger22N1	-1.62519254588399	0.002	1102	6	18.509
Tigger23a	-2.27037943255719	0.002	580	2	9.649
Tigger2a	-2.91843394182688	0	3391	8	60.482
Tigger2b_Pri	-2.45748172641018	0	2191	7	38.448
Tigger3	-1.29356667582005	0.018	1166	9	22.062
Tigger3a	-1.78381582409904	0	5480	28	96.414
Tigger3b	-1.82019031100411	0	6456	36	127.126
Tigger3c	-1.09231427933494	0	2425	19	40.511
Tigger3d	-0.422771219320474	0.564	696	8	10.724
Tigger4	-2.27386396440304	0	1466	6	29.017
Tigger4a	-2.0804140265903	0	3595	14	59.21
Tigger4b	-1.64606388414822	0	2565	14	43.817
Tigger5	-0.635522241459754	0.414	545	6	9.321
Tigger5b	-1.32826202860941	0	2854	18	45.198
Tigger6	-1.95754320075711	0.334	256	1	3.884
Tigger6a	-1.1327961638989	0.088	699	6	13.157
Tigger6b	-1.7158933705476	0.448	179	1	3.285
Tigger7	-1.07875213897844	0	3017	24	50.693
Tigger8	-1.69786276225371	0	959	5	16.221
Tigger9a	-1.8015725694636	0.006	1043	5	17.43
Tigger9b	-1.77925972037238	0.028	774	4	13.73
tRNA-Ala-GCA	1.59946207041627	0.28	41	2	0.66
tRNA-Ala-GCG	4.07501335441685	0	11	3	0.178
tRNA-Ala-GCY	4.11778737810714	0	34	5	0.288
tRNA-Ala-GCY_	2.03741396164312	0.012	80	5	1.218
tRNA-Arg-AGA	2.62148837674627	0.01	40	4	0.65
tRNA-Arg-AGG	3.33157826492108	0.01	21	3	0.298
tRNA-Arg-CGA	2.85725982788392	0.264	8	1	0.138
tRNA-Arg-CGA_	4.7178567712185	0.072	2	1	0.038
tRNA-Arg-CGG	2.91593573521153	0.078	16	2	0.265
tRNA-Arg-CGY_	2.95269428522164	0.002	49	6	0.775
tRNA-Asn-AAC	4.67843642148487	0	53	19	0.742
tRNA-Asn-AAT	-Inf	1	2	0	0.019
tRNA-Asp-GAY	3.56368584109074	0	48	7	0.592
tRNA-Cys-TGY	1.24127043154214	0.142	138	5	2.115
tRNA-Gln-CAA	3.08722241211206	0.036	23	3	0.353
tRNA-Gln-CAA_	-Inf	1	34	0	0.516
tRNA-Gln-CAG	2.28396024468834	0.002	85	6	1.232
tRNA-Glu-GAA	-0.511973981781801	1	99	1	1.426
tRNA-Glu-GAG	-Inf	1	20	0	0.282
tRNA-Glu-GAG_	1.82214597474005	0.024	97	5	1.414
tRNA-Gly-GGA	2.48107325757643	0	109	9	1.612
tRNA-Gly-GGG	2.31712710862354	0.072	44	3	0.602
tRNA-Gly-GGY	2.85725982788392	0.01	37	4	0.552
tRNA-His-CAY	-Inf	1	1	0	0.018
tRNA-His-CAY_	3.68833081891533	0	53	7	0.543
tRNA-Ile-ATA	1.93926084214232	0.04	65	4	1.043
tRNA-Ile-ATC	-Inf	1	9	0	0.043
tRNA-Ile-ATT	3.51732378384579	0	55	9	0.786
tRNA-Leu-CTA	-Inf	1	2	0	0.032
tRNA-Leu-CTA_	-Inf	1	7	0	0.109
tRNA-Leu-CTG	4.75633091903314	0.002	15	4	0.148
tRNA-Leu-CTY	3.57346686188333	0	30	5	0.42
tRNA-Leu-TTA	4.06693100811899	0	12	3	0.179
tRNA-Leu-TTA(m)	-Inf	1	27	0	0.424
tRNA-Leu-TTG	3.25153876699596	0.002	26	4	0.42
tRNA-Lys-AAA	2.39024503782756	0.016	51	4	0.763
tRNA-Lys-AAG	2.41632046516232	0.004	73	6	1.124
tRNA-Met	-Inf	1	52	0	0.628
tRNA-Met_	2.04295214518455	0.09	47	3	0.728
tRNA-Met-i	2.82214597474005	0.006	45	5	0.707
tRNA-Phe-TTY	1.85412693839896	0.042	91	5	1.383
tRNA-Pro-CCA	5.64385618977472	0	9	7	0.14
tRNA-Pro-CCG	5.69276579025567	0	4	3	0.058
tRNA-Pro-CCY	4.20024953829911	0	17	5	0.272
tRNA-SeC(e)-TGA	4.7178567712185	0.074	3	1	0.038
tRNA-Ser-AGY	4.73696559416621	0	14	6	0.225
tRNA-Ser-TCA	5.64385618977472	0.04	1	1	0.02
tRNA-Ser-TCA_	3.79585928321977	0.14	4	1	0.072
tRNA-Ser-TCA(m)	-Inf	1	31	0	0.496
tRNA-Ser-TCG	5.30757280191029	0	7	4	0.101
tRNA-Ser-TCY	4.243318260191	0	15	5	0.264
tRNA-Thr-ACA	3.77266965584788	0	26	6	0.439
tRNA-Thr-ACG	5.7178567712185	0	2	2	0.038
tRNA-Thr-ACG_	3.57346686188333	0.022	12	2	0.168
tRNA-Thr-ACY	3.04692104738749	0.05	15	2	0.242
tRNA-Thr-ACY_	2.65290132937773	0.29	12	1	0.159
tRNA-Trp-TGG	4.78786649246624	0	13	5	0.181
tRNA-Tyr-TAC	3.59571966873045	0	37	7	0.579
tRNA-Tyr-TAT	-Inf	1	6	0	0.094
tRNA-Val-GTA	3.94341647163363	0.004	12	3	0.195
tRNA-Val-GTG	3.40608854255136	0	43	6	0.566
tRNA-Val-GTY	3.49980982015802	0	31	5	0.442
U1	3.47437653330921	0	223	36	3.239
U13	-0.503857532577429	0.94	179	2	2.836
U13_	-Inf	0.028	316	0	4.679
U14	5.10780328953452	0	7	4	0.116
U17	3.52284078881336	0.042	9	2	0.174
U2	0.0246503488453182	0.98	1111	17	16.712
U3	0.450084446378045	0.58	234	5	3.66
U4	0.175707354036318	1	161	3	2.656
U5	0.614403303987754	0.468	214	5	3.266
U6	-0.689904268200073	0.048	1799	17	27.424
U7	0.0740005814437768	1	250	4	3.8
U8	0.926865295369785	0.802	34	1	0.526
UCON1	-2.04159344865918	0.186	245	1	4.117
UCON100	-Inf	1	19	0	0.311
UCON101	-0.759581973233555	0.682	208	2	3.386
UCON103	-Inf	1	14	0	0.234
UCON105	-1.07148810558418	0.102	642	5	10.508
UCON11	-Inf	0.896	45	0	0.783
UCON12	0.0424567992428949	1	59	1	0.971
UCON12A	-Inf	1	23	0	0.386
UCON14	-Inf	0.424	100	0	1.648
UCON15	-Inf	0.882	50	0	0.812
UCON16	-Inf	1	38	0	0.64
UCON17	-Inf	1	33	0	0.524
UCON18	-Inf	1	33	0	0.524
UCON19	-Inf	1	31	0	0.548
UCON2	0.360304766600418	0.806	138	3	2.337
UCON20	-Inf	0.958	43	0	0.736
UCON21	-Inf	1	29	0	0.501
UCON22	-Inf	1	38	0	0.629
UCON23	1.02620507034739	0.778	31	1	0.491
UCON24	-Inf	1	22	0	0.356
UCON25	0.365871442474959	1	50	1	0.776
UCON26	0.260151897300673	0.848	207	4	3.34
UCON27	-Inf	0.33	102	0	1.718
UCON28a	-0.146003451138925	1	129	2	2.213
UCON28b	-Inf	0.576	75	0	1.303
UCON28c	-Inf	0.674	68	0	1.113
UCON29	0.644231940536294	0.366	235	6	3.839
UCON31	-Inf	0.256	119	0	1.945
UCON33	-1.1947174628936	0.68	136	1	2.289
UCON34	-2.42787430679269	0.074	339	1	5.381
UCON35	-0.454175893185802	0.942	173	2	2.74
UCON37	-0.500802053057158	0.896	172	2	2.83
UCON38	-0.140996733788031	1	208	3	3.308
UCON39	-0.793271654498083	0.97	107	1	1.733
UCON4	-0.134220939760633	1	138	2	2.195
UCON40	-2.06729452146853	0.184	245	1	4.191
UCON41	-1.67084033588156	0.034	575	3	9.552
UCON44	-1.62573806190865	0.146	360	2	6.172
UCON47	-1.33799646351502	0.566	154	1	2.528
UCON48	-1.7172102990196	0.382	194	1	3.288
UCON49	-0.82781902461732	0.94	109	1	1.775
UCON5	-Inf	0.28	123	0	1.973
UCON51	-Inf	0.968	44	0	0.706
UCON55	-0.739632114220611	0.402	412	4	6.679
UCON56	-Inf	1	15	0	0.226
UCON57	-Inf	1	22	0	0.365
UCON58	-Inf	0.05	236	0	3.778
UCON59	-Inf	1	45	0	0.741
UCON6	-Inf	0.394	96	0	1.645
UCON60	-Inf	1	38	0	0.587
UCON61	-Inf	1	16	0	0.249
UCON62	-Inf	1	24	0	0.352
UCON63	-Inf	1	14	0	0.242
UCON64	-Inf	1	16	0	0.277
UCON65	-Inf	1	32	0	0.527
UCON66	-Inf	0.664	64	0	1.086
UCON67	-Inf	1	20	0	0.341
UCON68	-Inf	1	12	0	0.206
UCON69	1.09850554495243	0.746	29	1	0.467
UCON7	-Inf	0.29	125	0	2.056
UCON70	-Inf	0.778	59	0	0.938
UCON71	-Inf	1	17	0	0.276
UCON71_Crp	-Inf	0.034	282	0	4.379
UCON73	-0.969380764941608	0.508	259	2	3.916
UCON75	-Inf	1	24	0	0.383
UCON76	-0.20163386116965	1	141	2	2.3
UCON78	0.0281652541284132	1	180	3	2.942
UCON8	0.212567535483132	0.908	207	4	3.452
UCON80	0.539519529959989	0.986	43	1	0.688
UCON80_AMi	-1.75702324650746	0.312	228	1	3.38
UCON81	-Inf	1	40	0	0.621
UCON83	-Inf	0.926	49	0	0.774
UCON84	-0.899948986189672	0.916	109	1	1.866
UCON85	-Inf	1	28	0	0.425
UCON86	-Inf	0.656	70	0	1.141
UCON87	-Inf	1	6	0	0.094
UCON88	0.907792561902911	0.848	33	1	0.533
UCON89	2.30222618044481	0.02	50	4	0.811
UCON9	-Inf	0.91	49	0	0.806
UCON92	-Inf	1	19	0	0.258
UCON93	1.2584251525812	0.69	27	1	0.418
UCON94	-Inf	1	31	0	0.46
UCON96	-Inf	1	18	0	0.297
UCON97	-Inf	1	40	0	0.594
UCON99	-Inf	0.902	56	0	0.816
X1_DNA	-0.795054447130382	0.258	710	7	12.146
X1_LINE	-Inf	0.43	83	0	1.49
X1_LR	2.01158797427521	0.462	15	1	0.248
X10b_DNA	-Inf	0.014	308	0	5.003
X11_DNA	-2.12730310578213	0.154	267	1	4.369
X12_DNA	-0.774385663945243	0.04	1379	13	22.236
X12_LINE	-1.8543946777531	0.252	227	1	3.616
X13_LINE	-1.2654368960491	0.628	148	1	2.404
X15_LINE	0.415037499278844	0.668	243	5	3.75
X17_LINE	-0.492435885689605	0.314	965	11	15.475
X2_LINE	-1.66402765972015	0.378	188	1	3.169
X20_LINE	-1.36064520246022	0.532	162	1	2.568
X21_LINE	1.37519723474705	0.358	47	2	0.771
X22_DNA	-Inf	1	25	0	0.38
X23_DNA	-Inf	0.774	60	0	0.986
X24_DNA	-2.8742067858778	0.012	457	1	7.332
X24_LINE	-0.867896463992655	0.22	568	5	9.125
X26_DNA	-2.43900249007889	0.002	971	3	16.268
X2a_DNA	-0.752962625238976	0.42	420	4	6.741
X2b_DNA	-1.63923216324928	0.398	192	1	3.115
X30_DNA	-3.65786862339084	0	765	1	12.622
X32_DNA	-2.47144761637739	0.056	327	1	5.546
X33a_DNA	-0.235114320376357	1	69	1	1.177
X34_DNA	-Inf	0.384	105	0	1.623
X4a_DNA	-0.572404647390332	0.88	182	2	2.974
X4b_DNA	-1.22107278251506	0.08	708	5	11.656
X5a_DNA	-0.117473413505652	1	429	6	6.509
X5B_LINE	-0.238786859587116	1	75	1	1.18
X6a_DNA	-1.7138717425359	0.004	1005	5	16.402
X6A_LINE	-2.06030683786377	0	1055	4	16.683
X6b_DNA	-2.40662736866438	0	987	3	15.907
X6B_LINE	-0.634438381437085	0.222	891	9	13.971
X7A_LINE	-0.923149180472309	0.078	937	8	15.17
X7B_LINE	-1.10730526769683	0.038	940	7	15.081
X7C_LINE	-0.712815854437372	0.316	621	6	9.834
X7D_LINE	-Inf	0.808	58	0	0.913
X8_LINE	-1.86710572950265	0.266	231	1	3.648
X9_LINE	0.06464312181869	0.946	670	11	10.518
X9a_DNA	-0.960635265554452	0.098	702	6	11.677
X9b_DNA	-1.35092150676691	0.08	606	4	10.203
Zaphod	-2.05807400545816	0	2330	10	41.643
Zaphod2	-1.53843883525076	0.028	875	5	14.524
Zaphod3	-1.20414071678023	0.016	1235	9	20.736
Zaphod4a	-Inf	0.012	394	0	7.121
Zaphod5a	-Inf	0.562	80	0	1.361
Zaphod5b	-Inf	0.634	74	0	1.182
