	log.enrich	pval	total	real.overlap	random.mean
(CATTC)n	-1.30217279974075	0.924	64	1	2.466
(GAATG)n	-1.75872956845786	0.242	35	1	3.384
5S	0.25522381380382	0.324	1317	42	35.19
7SK	0.513376963321087	0.09	762	31	21.718
7SLRNA	0.156176910873104	0.516	1428	45	40.383
ACRO1	-Inf	0.468	86	0	2.086
ALR/Alpha	0.254617246089774	0	1700	253	212.067
Alu	0.293304958704322	0.01	8195	262	213.8
AluJb	0.298207817856322	0	121115	4381	3562.901
AluJo	0.413048764408668	0	47320	1822	1368.385
AluJr	0.311584495287185	0	117446	4272	3442.191
AluJr4	0.48626640679117	0	12658	516	368.357
AluSc	-0.0451633516032245	0.314	38726	1115	1150.457
AluSc5	0.0854811700929105	0.514	4259	134	126.291
AluSc8	-0.0107902152041556	0.864	21085	621	625.662
AluSg	0.2511676705661	0	44393	1578	1325.861
AluSg4	0.247762840205029	0.002	12565	432	363.831
AluSg7	0.253651064674424	0.028	6031	214	179.497
AluSp	0.234165932952503	0	67237	2353	2000.465
AluSq	0.263844835667631	0	12718	453	377.288
AluSq10	0.309798578862312	0.13	1575	57	45.985
AluSq2	0.17221453947816	0	53394	1792	1590.363
AluSq4	0.403029266709955	0.046	1683	67	50.67
AluSx	0.223708217500095	0	129556	4479	3835.643
AluSx1	0.24397020630707	0	110941	3918	3308.431
AluSx3	0.233587358596571	0	40018	1380	1173.714
AluSx4	0.19908653306922	0.002	12119	412	358.894
AluSz	0.194476741624308	0	122105	4174	3647.616
AluSz6	0.173473734603467	0	42260	1414	1253.801
AluY	0.051029959083548	0.06	101596	3146	3036.667
AluYa5	-0.404364459535093	0.006	3853	87	115.145
AluYa8	-0.269166168910809	0.726	405	9	10.846
AluYb8	-0.306969191948144	0.11	2715	66	81.649
AluYb9	-1.1992483068402	0.042	383	5	11.481
AluYc	0.326798832567205	0	6889	247	196.934
AluYc3	0.628677048841001	0.044	581	26	16.816
AluYd8	-0.171206827418142	0.964	229	6	6.756
AluYe5	0.233248147321964	0.298	1343	46	39.133
AluYe6	1.12536947068954	0.012	199	13	5.959
AluYf1	-0.0210602444698809	0.998	2082	61	61.897
AluYg6	0.0202819222891212	1	857	25	24.651
AluYh3	0.534755058644563	0.06	665	29	20.018
AluYh3a3	0.545824106814198	0.416	161	7	4.795
AluYh7	-0.147306698780293	0.862	502	12	13.29
AluYh9	0.2172559636048	0.846	178	5	4.301
AluYi6	-0.0256285430101946	1	462	13	13.233
AluYi6_4d	-Inf	0.578	44	0	1.308
AluYj4	-0.10437063515894	0.578	2913	79	84.927
AluYk11	-0.802951423664792	0.474	176	3	5.234
AluYk12	0.0320936297098533	1	100	3	2.934
AluYk2	0.200218371816984	0.046	6900	234	203.678
AluYk3	-0.0772195561685503	0.514	6210	175	184.622
AluYk4	0.042371899870135	0.874	1117	35	33.987
AluYm1	0.126095964221079	0.304	4835	156	142.944
AmnSINE1	0.45082616181053	0.004	2633	101	73.894
AmnSINE2	0.688496884531731	0.01	671	30	18.615
Arthur1	-0.17803060371688	0.484	2360	65	73.537
Arthur1A	0.32227163460583	0.214	1183	42	33.592
Arthur1B	0.0489641199821581	0.814	2347	73	70.564
Arthur1C	0.782964315645988	0.006	727	35	20.341
Arthur2	-0.379620962055708	0.302	1016	23	29.923
BC200	0.913730341088981	0	707	37	19.64
BLACKJACK	-1.12511779332074	0	2162	31	67.617
BSR/Beta	0.377714813452604	0.308	1956	61	46.949
CER	-0.62924003395155	0.46	86	4	6.187
Chap1_Mam	-0.664078242439886	0.226	498	9	14.261
Chap1a_Mam	-0.644388778856349	0.044	1431	26	40.64
Charlie1	0.478864475990735	0.03	1939	83	59.556
Charlie10	-0.658097205351372	0.086	1157	22	34.716
Charlie10a	0.0166060490418364	1	307	9	8.897
Charlie10b	-0.375549209397868	0.702	276	6	7.784
Charlie11	-0.221155295314473	1	113	3	3.497
Charlie12	0.438307278601691	0.968	23	1	0.738
Charlie13a	0.564904848379903	0.162	561	26	17.576
Charlie13b	-0.615534005829075	0.306	408	8	12.257
Charlie14a	-0.884988577651236	0.17	521	8	14.774
Charlie15a	0.379102157951143	0.008	3250	119	91.501
Charlie15b	0.00949729628535861	0.974	1942	57	56.626
Charlie16	-0.078476541857459	0.872	1476	41	43.292
Charlie16a	-0.108462830044492	0.742	1474	38	40.967
Charlie17	-0.359953594086046	0.624	550	13	16.684
Charlie17a	0.0649582636154799	0.846	1251	37	35.371
Charlie17b	-0.0171201880317075	1	543	16	16.191
Charlie18a	-0.148298382935918	0.514	2509	65	72.037
Charlie19a	0.15131177128899	0.504	1620	51	45.922
Charlie1a	-0.49147819352615	0.006	5856	130	182.765
Charlie1b	-0.0229323113175093	0.948	3087	89	90.426
Charlie20a	-0.802951423664792	0.064	891	15	26.17
Charlie21a	-0.283828219396053	0.622	772	19	23.131
Charlie22a	-0.376912675319847	0.282	1121	25	32.464
Charlie23a	-0.385924610908574	0.176	1506	33	43.121
Charlie24	0.0781828601533785	0.772	1289	40	37.89
Charlie25	-0.852629707339344	0.066	1094	19	34.31
Charlie26a	-0.219186395767519	0.722	517	13	15.133
Charlie29a	-0.582652340033955	0.156	986	20	29.952
Charlie29b	-0.399683808997009	0.214	1465	32	42.215
Charlie2a	-0.442884220293324	0.122	2095	47	63.888
Charlie2b	-0.299155447175376	0.162	3743	92	113.199
Charlie3	-0.866201501932541	0.214	342	7	12.76
Charlie30a	0.733799513498973	0.038	467	22	13.229
Charlie30b	0.7586885965005	0.014	620	30	17.731
Charlie31a	0.354206129920006	0.308	812	30	23.469
Charlie32a	-0.324618615258528	0.764	266	6	7.514
Charlie4	0.789306363264936	0.012	919	45	26.038
Charlie4a	0.022742719296567	0.934	2908	89	87.608
Charlie4z	0.319895395921976	0	6037	211	169.038
Charlie5	-0.817880221372192	0	2609	43	75.801
Charlie6	0.194129756521541	0.804	264	10	8.741
Charlie7	-0.877991849827701	0	3983	65	119.458
Charlie7a	-0.670247688666125	0.014	1465	26	41.375
Charlie7b_Mars	-Inf	0.8	58	0	1.651
Charlie8	0.313328965961163	0.012	4420	161	129.57
Charlie9	-0.220555094555557	0.558	1322	33	38.451
Cheshire	-0.907071628333403	0.052	1037	17	31.879
Chompy-6_Croc	-Inf	1	14	0	0.373
Chompy-7_Croc	-Inf	1	17	0	0.478
CR1_Mam	-0.371951962661454	0.198	1729	39	50.47
CR1-1_Amn	0.679611601140198	0.58	66	3	1.873
CR1-11_Crp	0.610433188237274	0.986	24	1	0.655
CR1-12_AMi	0.0240030423835567	1	132	4	3.934
CR1-13_AMi	0.461958546666337	0.662	102	4	2.904
CR1-16_AMi	-1.58528306400231	0.038	309	3	9.002
CR1-3_Croc	0.0230442348776308	0.98	1348	39	38.382
CR1-8_Crp	-Inf	1	5	0	0.151
CR1-L3A_Croc	-0.207736707364879	0.85	320	8	9.239
CR1-L3B_Croc	-Inf	0.728	38	0	1.054
CRP1	-Inf	1	6	0	0.155
D20S16	-Inf	0.19	388	0	10.828
DNA1_Mam	1.13318191779984	0.056	172	11	5.015
ERV24_Prim-int	0.850792671328491	0.08	435	25	13.862
ERV24B_Prim-int	1.22095044716254	0.006	379	31	13.299
ERV3-16A3_I-int	-1.154245930528	0	6685	103	229.245
ERV3-16A3_LTR	-0.419689894680654	0.21	1117	25	33.441
ERVL-B4-int	-1.40033551709081	0	4138	54	142.54
ERVL-E-int	-0.737809651691704	0	9119	176	293.505
ERVL-int	-1.21002513142879	0.004	831	12	27.761
ERVL47-int	-0.945420425315089	0.418	211	4	7.703
Eulor1	-Inf	0.176	85	0	2.405
Eulor10	-0.108357178090418	1	39	1	1.078
Eulor11	0.462952480595343	0.646	103	4	2.902
Eulor12	-0.696884090855454	1	57	1	1.621
Eulor2A	-Inf	0.246	68	0	1.984
Eulor2B	0.254117311097741	1	58	2	1.677
Eulor2C	-0.140124223909071	1	40	1	1.102
Eulor3	-Inf	0.706	38	0	1.099
Eulor4	-Inf	0.896	32	0	0.936
Eulor5A	0.726185755412964	0.322	126	6	3.627
Eulor5B	-Inf	0.644	43	0	1.243
Eulor6A	0.232768962976124	1	30	1	0.851
Eulor6B	-Inf	0.322	63	0	1.835
Eulor6C	-Inf	1	21	0	0.557
Eulor6D	1.15392797036954	0.14	77	5	2.247
Eulor6E	0.202571917847687	1	31	1	0.869
Eulor7	-Inf	1	12	0	0.357
Eulor8	-0.474738871425146	0.844	145	3	4.169
Eulor9A	-1.83794324189103	0.302	125	1	3.575
Eulor9B	-Inf	0.896	30	0	0.878
Eulor9C	0.37894449670026	0.726	106	4	3.076
EuthAT-2	-1.86405734896181	0	1166	10	36.403
EuthAT-N1	0.767339243209725	0.396	82	4	2.35
EuthAT-N1a	1.6933877756246	0.04	51	5	1.546
Eutr10	-0.321880004251151	0.452	996	24	29.999
Eutr11	-0.243750311508867	0.638	620	15	17.761
Eutr15	-2.26055264035358	0	659	4	19.167
Eutr16	0.207005866911043	0.664	524	18	15.594
Eutr18	0.403248301575236	0.206	682	26	19.66
Eutr2	-0.753176627322123	0.49	232	4	6.742
Eutr2B	-1.63737839487229	0.038	441	4	12.444
Eutr5	-0.00336236719075971	1	411	12	12.028
EUTREP14	-0.905992639301023	0.148	393	6	11.243
EUTREP15	0.449345550054139	0.54	197	8	5.859
EUTREP16	-0.270947487477059	0.714	424	10	12.066
EUTREP2	-0.491596594410448	0.218	834	17	23.902
EUTREP4	-0.791605724704551	0.32	301	5	8.655
EUTREP6	2.42662547355406	0.084	13	2	0.372
EUTREP7	-1.04649106019403	0.284	279	4	8.262
EUTREP8	-0.172853217677083	0.96	269	7	7.891
EutTc1-N1	-Inf	0.554	61	0	1.77
EutTc1-N2	-2.37684601401632	0.124	197	1	5.194
FAM	0.00223558160574579	1	4362	124	123.808
FLAM_A	0.379580133064072	0	15391	555	426.607
FLAM_C	0.619338519646442	0	25202	1076	700.443
FordPrefect	-1.74171864956603	0.002	614	6	20.066
FordPrefect_a	0.276834656542415	0.644	281	10	8.254
FRAM	0.347508071460953	0	20741	739	580.81
GSAT	-Inf	0.038	39	0	3.865
GSATII	-1.68907546954531	0.364	175	2	6.449
GSATX	-Inf	0.352	53	0	2.329
HAL1	-0.425461431958026	0	21741	505	678.216
HAL1b	-0.995740999196471	0	4461	67	133.605
HAL1M8	-0.351103294159162	0.198	2273	56	71.43
HAL1ME	-0.715996702511113	0	7554	136	223.396
Harlequin-int	1.0065625191151	0.004	590	52	25.882
hAT-1_Mam	0.0723536506858519	0.816	1483	47	44.701
hAT-16_Crp	0.599462070416271	0.972	23	1	0.66
hAT-4b_Ther	-1.21681698090355	0.272	235	3	6.973
hAT-5_Mam	0.0871311883268116	0.826	920	28	26.359
hAT-N1_Mam	-0.471759741653384	0.606	240	5	6.934
hAT-N1a_Mam	-0.621472346712316	0.248	473	9	13.846
Helitron1Na_Mam	-0.960215133894136	0.26	332	5	9.728
Helitron1Nb_Mam	-0.818168854583601	0.276	361	6	10.579
Helitron2Na_Mam	-1.0420606048329	0.068	435	6	12.355
Helitron3Na_Mam	-0.187112443217375	0.582	1129	29	33.016
HERV-Fc1_LTR1	-Inf	1	17	0	0.374
HERV-Fc1_LTR2	3.36587144247496	0.18	3	1	0.097
HERV-Fc1_LTR3	2.61705613043101	0.302	5	1	0.163
HERV-Fc1-int	-Inf	1	6	0	0.33
HERV-Fc2_LTR	-Inf	1	4	0	0.118
HERV-Fc2-int	-Inf	1	5	0	0.365
HERV1_I-int	1.43942478062572	0.098	49	7	2.581
HERV1_LTRa	1.78587519464715	0.122	27	3	0.87
HERV1_LTRb	2.64385618977472	0.112	10	2	0.32
HERV1_LTRc	2.43050890804128	0.006	34	6	1.113
HERV1_LTRd	1.87832144341175	0.208	16	2	0.544
HERV1_LTRe	1.25153876699596	0.414	34	2	0.84
HERV15-int	2.40063686063564	0	122	21	3.977
HERV16-int	-1.37415848112505	0	1930	24	62.212
HERV17-int	1.71287630092665	0	916	117	35.691
HERV3-int	1.43591297261676	0.002	322	31	11.458
HERV30-int	0.300892615375999	0.814	72	4	3.247
HERV35I-int	0.0469887938616844	0.906	627	22	21.295
HERV4_I-int	-0.40720165986474	0.684	349	9	11.935
HERV9-int	0.00940812741241696	1	367	20	19.87
HERV9N-int	-0.104202449382443	0.97	229	10	10.749
HERV9NC-int	-0.453697149182441	0.418	257	11	15.065
HERVE_a-int	1.00948880377429	0.03	190	18	8.941
HERVE-int	0.490477497212295	0.258	284	19	13.524
HERVFH19-int	0.416641384981433	0.616	114	6	4.495
HERVFH21-int	0.295128035543647	0.748	132	7	5.705
HERVH-int	-0.832656598255219	0	5931	131	233.306
HERVH48-int	-0.0500953290040579	1	124	6	6.212
HERVI-int	0.470928700170889	0.564	88	6	4.329
HERVIP10B3-int	1.31406815509768	0.006	248	27	10.859
HERVIP10F-int	1.09950243211266	0.014	327	31	14.467
HERVIP10FH-int	1.00723156923108	0.02	439	32	15.92
HERVK-int	-0.0506441631764992	1	258	11	11.393
HERVK11-int	0.32373259173411	0.56	286	14	11.186
HERVK11D-int	2.80780583471666	0	43	16	2.285
HERVK13-int	-0.527070335512661	1	68	2	2.882
HERVK14-int	0.243451090186239	0.652	440	18	15.205
HERVK14C-int	-1.79160572470455	0.418	81	1	3.462
HERVK22-int	0.276784718155076	0.55	449	21	17.334
HERVK3-int	1.61783079123175	0.002	368	40	13.033
HERVK9-int	-0.288110462287971	0.532	722	25	30.526
HERVKC4-int	-0.337996463515016	1	65	2	2.528
HERVL-int	-1.9903844099699	0	2403	28	111.256
HERVL18-int	-1.66015281487638	0.094	507	6	18.963
HERVL32-int	-0.522725368593217	0.962	137	3	4.31
HERVL40-int	-0.0325710827542672	1	1398	42	42.959
HERVL66-int	0.0611496629939365	0.954	141	4	3.834
HERVL74-int	-1.29407664919237	0.232	393	5	12.261
HERVP71A-int	0.227129022091666	0.696	254	12	10.252
HERVS71-int	-0.223268077528249	0.904	188	8	9.339
HSAT4	-Inf	0.03	100	0	5.693
HSAT5	-Inf	0.168	279	0	6.138
HSAT6	-Inf	1	19	0	0.334
HSATI	0.988504361162171	0.518	60	2	1.008
HSMAR1	-3.07284897152023	0	725	3	25.243
HSMAR2	-0.80822616450903	0.008	1829	35	61.287
HUERS-P1-int	-0.022048165180173	1	530	20	20.308
HUERS-P2-int	-3.38460245765076	0.016	267	1	10.444
HUERS-P3-int	-1.49886356361895	0.006	790	10	28.262
HUERS-P3b-int	-0.188661564023898	0.852	538	17	19.375
HY1	0.5431661893524	0.14	461	19	13.039
HY3	-0.198349078970462	0.748	576	13	14.916
HY4	0.8052825371064	0.216	164	8	4.578
HY5	0.780908941753803	0.878	23	1	0.582
Kanga1	-1.12673262729361	0.012	818	11	24.02
Kanga11a	-0.440644524525436	0.286	895	19	25.787
Kanga1a	-0.874993638932967	0.03	852	14	25.676
Kanga1b	-0.502585202447439	0.506	382	8	11.334
Kanga1c	-0.485063076685257	0.244	834	17	23.794
Kanga1d	-0.972913176518778	0.048	686	10	19.628
Kanga2_a	-0.812962125422135	0.026	1568	27	47.434
L1HS	-1.11169907219742	0	1642	27	58.347
L1M	-0.589215610764251	0.162	778	14	21.062
L1M1	-1.83620352945874	0	10162	107	382.064
L1M2	-2.23293978107137	0	9331	66	310.26
L1M2a	-1.84285818325598	0.01	459	5	17.936
L1M2a1	-2.23695175858808	0.196	128	1	4.714
L1M2b	-2.91895861891761	0.014	213	1	7.563
L1M2c	-1.726046456482	0.01	452	5	16.541
L1M3	-1.40258094322233	0	7486	85	224.718
L1M3a	-3.34241251695245	0	673	2	20.286
L1M3b	-0.84726808863549	0.144	589	11	19.79
L1M3c	-1.70668123876413	0	1090	11	35.905
L1M3d	-0.823423290685258	0.172	532	10	17.696
L1M3de	-3.03834838108761	0.004	498	2	16.431
L1M3e	-4.75355105460065	0	811	1	26.975
L1M3f	-1.38305450144979	0.01	694	10	26.082
L1M4	-1.40084472945574	0	20797	244	644.297
L1M4a1	-1.18601673130951	0	2713	38	86.459
L1M4a2	-1.4974846313192	0	2113	24	67.764
L1M4b	-0.863225857246594	0	4399	79	143.709
L1M4c	-1.13629687001177	0	3723	56	123.097
L1M5	-1.22259535177418	0	46104	588	1372.193
L1M6	-0.921173645304418	0	5437	87	164.748
L1M6B	0.213236378814949	0.564	740	25	21.565
L1M7	-1.3671594669496	0	3102	37	95.446
L1M8	-1.05996754222213	0	1753	26	54.207
L1MA1	-2.40520955333085	0	4356	32	169.508
L1MA10	-1.75698767666461	0	5240	48	162.236
L1MA2	-2.1999765545723	0	7599	64	294.062
L1MA3	-1.54419584589995	0	9329	123	358.719
L1MA4	-2.068423484669	0	10977	89	373.291
L1MA4A	-2.19495842952804	0	6355	51	233.517
L1MA5	-1.77647022404413	0	4601	46	157.59
L1MA5A	-1.70262060756119	0	3535	36	117.177
L1MA6	-1.79008198716031	0	5653	55	190.209
L1MA7	-1.51106821920623	0	8860	100	285.021
L1MA8	-1.86636066074355	0	11543	103	375.55
L1MA9	-2.05389004305498	0	17080	133	552.248
L1MB1	-1.67246648776738	0	6361	66	210.381
L1MB2	-0.572086263700327	0	9323	192	285.441
L1MB3	-0.582137622907262	0	18216	380	568.885
L1MB4	-0.713880489761851	0	9583	181	296.878
L1MB5	-0.545617395604328	0	10120	214	312.364
L1MB7	-0.792774338437102	0	23879	442	765.722
L1MB8	-0.670150484859447	0	17029	339	539.43
L1MC	-1.39978107285173	0	8093	91	240.114
L1MC1	-1.37847674449047	0	13334	175	454.989
L1MC2	-1.31840021449067	0	6531	85	211.981
L1MC3	-1.31588821015399	0	13567	180	448.12
L1MC4	-0.64613360697467	0	24233	476	744.925
L1MC4a	-0.803867405647043	0	10189	182	317.731
L1MC5	-0.578878548573862	0	14811	301	449.6
L1MC5a	-0.587664530639367	0	18323	367	551.532
L1MCa	-0.627781911856081	0	7351	160	247.23
L1MCb	-1.57048317071349	0	2184	24	71.281
L1MCc	-1.27754194388068	0	3320	43	104.243
L1MD	-1.65888607912466	0	8747	84	265.249
L1MD1	-1.42527428609191	0	7120	90	241.709
L1MD2	-0.95538442056414	0	11235	187	362.611
L1MD3	-0.904109392770244	0	5553	90	168.425
L1MDa	-1.58972708394257	0	7208	79	237.784
L1MDb	-2.15514783023761	0	1016	7	31.179
L1ME1	-1.35143941733455	0	32075	410	1046.183
L1ME2	-1.19895529957265	0	13123	184	422.415
L1ME2z	-0.978145123107371	0	7469	116	228.512
L1ME3	-0.984488910427796	0	9350	147	290.856
L1ME3A	-0.760842494465027	0	16176	298	504.955
L1ME3B	-1.36843921009427	0	8464	101	260.773
L1ME3C	-0.875176239889604	0	3352	56	102.717
L1ME3Cz	-1.16513397853745	0	14582	198	444.023
L1ME3D	-1.07097051650411	0	4406	65	136.555
L1ME3E	-1.11512271148143	0	4645	67	145.131
L1ME3F	-0.743650227989865	0	4641	86	143.999
L1ME3G	-0.745677845010778	0	19078	336	563.392
L1ME4a	-0.592227765437762	0	29875	583	878.915
L1ME4b	-0.353156297878556	0	25168	585	747.251
L1ME4c	-0.34349143013539	0	9612	221	280.41
L1ME5	-0.943713373950967	0	3487	55	105.791
L1MEa	-0.909197062991687	0.278	368	6	11.268
L1MEb	-0.40109762506481	0.22	1753	41	54.141
L1MEc	-1.11215462869559	0	18334	274	592.301
L1MEd	-1.15547670507059	0	17206	240	534.619
L1MEf	-1.48549502017708	0	11747	136	380.818
L1MEg	-1.34113016380856	0	13699	171	433.228
L1MEg1	-0.475265377762091	0.288	1034	23	31.974
L1MEg2	-0.46399165288928	0.406	761	17	23.449
L1MEh	-1.32379479712524	0	3089	38	95.123
L1MEi	-1.90333631681181	0	5382	44	164.594
L1MEj	-1.11372010726026	0	2432	34	73.577
L1P	-1.12101540096137	0.388	170	2	4.35
L1P1	-2.4474709993798	0	3334	22	120.001
L1P2	-2.13692961044789	0	1647	16	70.372
L1P3	-2.1659578656234	0	3541	28	125.654
L1P3b	-Inf	0.156	88	0	2.918
L1P4	-1.97224201932945	0	3933	31	121.637
L1P4a	-2.50175758573866	0.002	592	4	22.655
L1P4b	0.822656211718274	0.18	158	10	5.654
L1P4c	-Inf	0.322	107	0	3.414
L1P4d	-2.65695393320906	0.07	162	1	6.307
L1P4e	-2.78847691185191	0.056	199	1	6.909
L1P5	-3.534746421104	0	809	2	23.179
L1PA10	-1.93619840867413	0	7337	73	279.368
L1PA11	-1.80710933604273	0	4243	47	164.472
L1PA12	-1.70706089826347	0	1835	20	65.299
L1PA13	-2.04150478447558	0	9214	83	341.69
L1PA14	-2.21739204083952	0	3079	25	116.263
L1PA15	-2.3385108541743	0	8639	66	333.815
L1PA15-16	-1.78750621501952	0	1519	17	58.687
L1PA16	-2.20987468871287	0	14511	114	527.404
L1PA17	-2.06649394959525	0	4850	40	167.547
L1PA2	-1.08841760950463	0	5114	118	250.916
L1PA3	-2.04195720161685	0	11102	131	539.463
L1PA4	-2.83093562213695	0	12283	79	562.113
L1PA5	-2.26234885047095	0	11650	107	513.356
L1PA6	-2.79966193298451	0	6196	44	306.362
L1PA7	-2.51750865473088	0	13418	106	606.948
L1PA8	-2.00728049664441	0	8382	76	305.538
L1PA8A	-2.57185206365195	0	2467	18	107.023
L1PB	-2.46395529686742	0	1911	11	60.69
L1PB1	-2.02359096129681	0	13410	129	524.507
L1PB2	-2.18163266100811	0	2963	24	108.88
L1PB3	-2.03275272518962	0	3726	33	135.031
L1PB4	-1.61511357398633	0	7713	84	257.322
L1PBa	-1.63505782972521	0	2222	29	90.074
L1PBa1	-0.684991319052428	0.148	468	13	20.9
L1PBb	-0.175577826267092	0.86	336	12	13.553
L1PREC2	-2.02357185583564	0	8315	74	300.876
L2	-0.0292231561690625	0.516	55157	1613	1646.006
L2-1_AMi	0.385892222282717	0.158	949	36	27.551
L2-1_Crp	1.39719475367513	0.204	42	3	1.139
L2-2_Mam	0.627883681801159	0.05	557	24	15.531
L2-3_AMi	-Inf	1	11	0	0.297
L2-3_Crp	0.284239085610157	0.164	1749	63	51.734
L2a	-0.00813772532080165	0.756	170012	5023	5051.413
L2b	0.229192377721205	0	93700	3187	2718.869
L2c	0.0897852717667667	0.002	129292	4013	3770.866
L2d	0.0742316569205227	0.186	28368	861	817.819
L2d2	0.0856515318710054	0.034	53617	1619	1525.679
L3	0.0184491798211722	0.714	46112	1353	1335.808
L3b	0.181268123163687	0.048	9843	317	279.571
L4_A_Mam	-0.131611191775493	0.33	6659	182	199.384
L4_B_Mam	-0.351789839882787	0.074	3332	77	98.263
L4_C_Mam	-0.206450877467426	0.152	5094	130	150
L5	0.246053227912235	0.464	745	25	21.08
LFSINE_Vert	0.0104205759173982	0.99	2331	66	65.525
Looper	0.0826318990051446	0.87	559	18	16.998
LOR1-int	-1.47685434990434	0	1421	17	47.318
LOR1a	-1.38686611539981	0	852	10	26.151
LOR1b	-0.946897179423531	0.006	1133	18	34.699
LSAU	-Inf	0.284	143	0	2.487
LSU-rRNA_Hsa	0.112594708886815	0.842	454	13	12.024
LTR06	0.0135283848446471	1	104	3	2.972
LTR1	-3.04316949486411	0.012	252	1	8.243
LTR101_Mam	0.071130361572466	0.84	1176	37	35.22
LTR102_Mam	-0.706198987429777	0.236	528	10	16.315
LTR103_Mam	-0.0991605240687369	0.862	762	20	21.423
LTR103b_Mam	0.155775057150306	0.714	621	20	17.953
LTR104_Mam	0.071214974872399	0.742	1986	61	58.062
LTR105_Mam	-1.35240543391063	0.012	682	8	20.427
LTR106_Mam	-0.616574855880353	0.212	664	13	19.932
LTR107_Mam	-0.193743075550185	0.858	427	11	12.581
LTR108a_Mam	-1.26183165875214	0.688	86	1	2.398
LTR108b_Mam	1.36773178450049	0.228	54	4	1.55
LTR108c_Mam	1.19319478076516	0.346	44	3	1.312
LTR108d_Mam	-1.05380644369579	0.846	67	1	2.076
LTR108e_Mam	-0.867632933981713	0.486	182	3	5.474
LTR109A2	0.288064643021079	1	27	1	0.819
LTR10A	3.32859117035051	0	327	102	10.153
LTR10B	1.79753003620429	0.004	82	9	2.589
LTR10B1	1.73349661338976	0	171	18	5.413
LTR10B2	1.82155092625115	0	107	12	3.395
LTR10C	1.21985791016153	0	539	40	17.173
LTR10D	1.87197061125936	0	182	20	5.464
LTR10E	1.40094886765173	0	293	25	9.467
LTR10F	1.45018299448703	0	450	40	14.639
LTR10G	-0.316145742293356	0.974	131	3	3.735
LTR12	-1.7967015711995	0	791	8	27.794
LTR12_	-1.87727308892558	0.002	557	5	18.369
LTR12B	-0.505890929729957	0.58	178	5	7.1
LTR12C	-1.05920010483718	0	2781	58	120.859
LTR12D	-1.84647325749991	0	502	5	17.981
LTR12E	1.11195493280498	0.066	115	9	4.164
LTR12F	0.209155448502193	0.556	653	23	19.896
LTR13	-0.903192560797075	0.052	524	10	18.702
LTR13_	0.186885808653711	1	48	2	1.757
LTR13A	-0.0599485317023173	1	210	7	7.297
LTR14	1.50498712400056	0.014	96	9	3.171
LTR14A	0.29265191251673	0.792	144	5	4.082
LTR14B	0.0232697793228473	1	368	12	11.808
LTR14C	0.64498373578045	0.432	137	6	3.837
LTR15	0.911519145036323	0.036	311	16	8.506
LTR16	-0.25616986453598	0.156	3080	79	94.35
LTR16A	-0.51816433948827	0.002	4295	91	130.324
LTR16A1	-0.287163517029341	0.156	2734	67	81.756
LTR16A2	-0.188232965802045	0.422	1849	49	55.829
LTR16B	-0.604342481463266	0.164	702	14	21.284
LTR16B1	-0.509793271954757	0.098	1203	26	37.02
LTR16B2	-0.249635839187892	0.312	1681	43	51.123
LTR16C	-0.438157980794058	0	6765	150	203.231
LTR16D	-1.15794915378369	0	1137	15	33.471
LTR16D1	0.491853096329675	0.446	214	9	6.4
LTR16D2	-0.421925357001129	0.63	314	7	9.378
LTR16E1	-0.475424522636144	0.022	2540	55	76.468
LTR16E2	-0.701226428171069	0.002	2368	44	71.539
LTR17	0.177486141215287	0.542	855	33	29.18
LTR18A	1.09779280963572	0.038	198	13	6.074
LTR18B	0.00349073268510282	1	371	12	11.971
LTR18C	-Inf	0.244	77	0	2.265
LTR19-int	-0.0662614422687213	1	229	7	7.329
LTR19A	0.127315681328712	0.85	457	15	13.733
LTR19B	0.475267635895226	0.376	287	12	8.632
LTR19C	0.896334517234303	0.222	140	8	4.298
LTR1A1	-1.69699533695497	0.012	367	4	12.969
LTR1A2	-0.785759774427011	0.034	851	17	29.308
LTR1B	-0.763957831459979	0.298	349	7	11.887
LTR1B0	-0.136628898054224	1	92	3	3.298
LTR1B1	-Inf	0.008	174	0	6.022
LTR1C	-Inf	0.27	64	0	2.26
LTR1C1	-Inf	0.24	72	0	2.353
LTR1C3	-Inf	0.442	65	0	1.86
LTR1D	-1.92245159829428	0.012	306	3	11.372
LTR1D1	-1.44705015545719	0.044	310	4	10.906
LTR1E	-1.40313135530476	0.054	300	4	10.579
LTR1F	-Inf	0.02	136	0	4.758
LTR1F1	-1.40017356664685	0.084	234	3	7.918
LTR1F2	-1.22558342875685	0.352	137	2	4.677
LTR2	1.01087374353915	0	897	57	28.286
LTR21A	2.13581766570411	0	94	13	2.958
LTR21B	-Inf	0.728	36	0	1.035
LTR21C	-Inf	0.962	22	0	0.725
LTR22	-1.43028527297778	0.52	109	1	2.695
LTR22A	1.18825497933718	0.022	170	12	5.266
LTR22B	-1.05102400302447	0.466	154	2	4.144
LTR22B1	-0.341416524478722	0.876	156	4	5.068
LTR22B2	-Inf	0.74	39	0	1.171
LTR22C	-Inf	1	17	0	0.572
LTR22C0	0.228114421484634	0.906	113	4	3.415
LTR22C2	-Inf	0.158	82	0	2.472
LTR22E	-0.297484915710575	1	118	3	3.687
LTR23	1.91067134866657	0	878	96	25.533
LTR23-int	0.301210019078001	0.702	203	7	5.681
LTR24	1.97485927179002	0	314	38	9.667
LTR24B	1.55025376097899	0	462	40	13.658
LTR24C	1.36203432071854	0.002	377	30	11.671
LTR25	0.427487556066047	0.526	315	9	6.692
LTR25-int	-0.609464037581643	0.32	622	13	19.834
LTR26	1.16917868370764	0	610	43	19.121
LTR26B	2.25497785096274	0	137	20	4.19
LTR26C	1.93831474098946	0	316	38	9.915
LTR26D	0.651458531159585	0.284	229	11	7.003
LTR26E	2.03689584526445	0	124	16	3.899
LTR27	-0.238379261041987	0.772	322	9	10.617
LTR2752	-1.56022582239965	0.052	233	3	8.847
LTR27B	0.315630070986993	0.736	151	6	4.821
LTR27C	-1.96901230751632	0.196	119	1	3.915
LTR27D	-1.11453360829505	0.172	272	4	8.661
LTR27E	-0.611833365445902	0.496	222	5	7.641
LTR28	-0.325961996171852	0.916	140	4	5.014
LTR28B	-2.2667865406949	0.008	264	2	9.625
LTR28C	-0.231081259598504	0.908	228	7	8.216
LTR29	1.43331657763455	0	730	61	22.587
LTR2B	2.35199482018951	0	354	56	10.969
LTR2C	0.772341061144064	0.124	313	15	8.782
LTR3	1.38929993786524	0.036	97	8	3.054
LTR30	1.33642766458248	0.006	149	12	4.752
LTR31	0.465576138935198	0.358	251	11	7.966
LTR32	0.684356487966822	0.014	1235	60	37.337
LTR33	-0.172456792307241	0.082	9406	250	281.744
LTR33A	-0.854351544632808	0	2229	37	66.894
LTR33A_	-0.464640755394048	0.098	1779	38	52.439
LTR33B	-0.986623303748674	0	1635	24	47.557
LTR33C	-0.188578164532287	0.616	944	25	28.491
LTR34	1.54304669812456	0	271	25	8.579
LTR35	2.35534219825093	0	117	19	3.713
LTR35A	2.54396695782457	0	95	17	2.915
LTR35B	-0.327227467761286	0.836	206	5	6.273
LTR36	0.931168707751888	0.006	505	30	15.733
LTR37-int	-0.908027576599873	0.048	1395	23	43.159
LTR37A	-0.247174078066198	0.31	2029	50	59.344
LTR37B	-0.666158583569137	0.02	2097	38	60.3
LTR38	0.16057782918306	0.862	258	9	8.052
LTR38-int	-0.843983844048327	0.736	116	2	3.59
LTR38A1	-0.730313886293776	0.638	164	3	4.977
LTR38B	-0.07274282766437	1	236	7	7.362
LTR38C	0.830624701380451	0.326	132	7	3.936
LTR39	0.503208980854658	0.06	1297	56	39.51
LTR39-int	0.674741523533978	0.372	197	9	5.638
LTR3A	2.48465759492547	0	179	30	5.36
LTR3B	0.309955453221286	0.884	90	3	2.42
LTR3B_	-0.0581432925122923	1	276	8	8.329
LTR4	3.21089678249862	0	107	24	2.592
LTR40a	-0.87651983556344	0	2032	34	62.422
LTR40A1	0.214072869266219	0.606	580	20	17.242
LTR40b	-0.33731993593362	0.3	1142	27	34.112
LTR40c	0.111383372931854	0.814	610	20	18.514
LTR41	-0.604566442946462	0.122	1199	23	34.972
LTR41B	-0.765874164089725	0.104	868	15	25.506
LTR41C	-0.822683089986271	0.076	766	13	22.993
LTR42	0.0534392589614604	0.984	338	11	10.6
LTR43	0.58321171950225	0.17	470	21	14.017
LTR43-int	-1.44969342303591	0.534	182	2	5.463
LTR43B	-1.30197777506443	0.176	250	3	7.397
LTR44	-0.803227036434928	0.54	233	4	6.98
LTR45	0.777607578663552	0.224	177	9	5.25
LTR45B	0.135495453810127	0.81	448	14	12.745
LTR45C	-0.00642232332144647	1	473	13	13.058
LTR46	0.625377793808793	0.262	260	12	7.779
LTR46-int	1.14880066140671	0.158	82	8	3.608
LTR47A	0.855404006093246	0.008	696	38	21.003
LTR47A2	0.29980243281607	0.614	287	11	8.936
LTR47B	-0.359521170427595	1	43	1	1.283
LTR47B2	0.554273296650016	0.426	175	8	5.448
LTR47B3	-0.750606504835592	0.816	122	2	3.365
LTR47B4	0.337794500346383	0.78	105	4	3.165
LTR48	0.679674480793311	0.008	1009	49	30.591
LTR48B	0.391731446936685	0.152	1026	42	32.013
LTR49	0.451398974980051	0.036	1584	63	46.074
LTR49-int	-0.366723443957972	0.292	2333	57	73.497
LTR5	0.537424111957796	0.918	25	1	0.689
LTR5_Hs	2.33946197010669	0	701	125	24.698
LTR50	-0.71162338522029	0.004	2597	48	78.607
LTR51	0.849223718808809	0.028	416	24	13.322
LTR52	-1.22205378990426	0.004	1109	14	32.659
LTR52-int	-Inf	0.046	176	0	5.486
LTR53	-0.924670008169753	0.098	516	8	15.186
LTR53-int	-3.56827537178828	0.002	354	1	11.862
LTR53B	-2.57845572177957	0.052	198	1	5.973
LTR54	1.02586930609595	0	1137	70	34.378
LTR54B	0.482949080283671	0.102	884	37	26.474
LTR55	-2.07359175992974	0.008	425	3	12.628
LTR56	0.946816740362394	0	1050	58	30.089
LTR57	-2.04579241851409	0.022	282	2	8.258
LTR57-int	-3.63028897008598	0	387	1	12.383
LTR58	0.786497180016083	0.44	76	4	2.319
LTR59	0.715485866755755	0.362	116	6	3.654
LTR5A	-0.193806781102135	0.85	306	9	10.294
LTR5B	0.973996740735942	0	469	32	16.291
LTR60	1.95315974579703	0.05	38	4	1.033
LTR60B	0.594733707295144	0.278	254	12	7.946
LTR61	0.535331732996556	0.434	200	8	5.52
LTR62	-0.569352204349378	0.488	326	7	10.387
LTR64	0.70827237652318	0.128	384	19	11.629
LTR65	0.403240577148515	0.344	477	19	14.367
LTR66	-0.514374788622409	0.496	435	8	11.427
LTR67B	-0.269401486290234	0.138	3787	91	109.683
LTR68	-0.628940197781758	0.328	356	7	10.825
LTR69	-1.22280456104526	0.362	147	2	4.668
LTR6A	0.388512827233627	0.444	329	12	9.167
LTR6B	0.457706568814314	0.51	163	7	5.097
LTR7	-0.288681984396946	0.15	2427	63	76.956
LTR70	-2.4243846715381	0.112	162	1	5.368
LTR71A	0.595641805166689	0.31	170	8	5.294
LTR71B	-0.416659618928528	0.72	251	6	8.009
LTR72	0.798366138830349	0.216	161	9	5.175
LTR72B	-0.737542556797727	0.622	163	3	5.002
LTR73	0.530530746732735	0.39	229	10	6.923
LTR75	0.342512427043455	0.488	311	12	9.464
LTR75_1	0.961915052683031	0.178	130	8	4.107
LTR75B	0.383407049021396	0.57	204	8	6.133
LTR76	1.35574375827191	0.008	207	15	5.861
LTR77	-1.75103517666786	0.342	105	1	3.366
LTR78	-0.0241544927094617	0.918	4897	146	148.465
LTR78B	-0.603428684793314	0.004	3301	65	98.756
LTR79	-0.23974285178974	0.148	4095	101	119.259
LTR7B	0.636124657207333	0.03	888	41	26.381
LTR7C	1.57985232134837	0.004	332	31	10.37
LTR7Y	0.492632034010094	0.382	258	11	7.818
LTR8	1.16579604852013	0	3504	252	112.321
LTR80A	-1.03867029038537	0.122	401	6	12.326
LTR80B	-0.621805734747165	0.278	513	10	15.388
LTR81	0.989559348442008	0.036	336	19	9.569
LTR81A	-0.225509982624094	0.604	853	21	24.553
LTR81AB	-0.633384708557343	0.498	275	5	7.756
LTR81B	-0.524815928357506	0.16	1161	24	34.53
LTR81C	0.249426475197119	0.502	739	26	21.872
LTR82A	0.16970081625395	0.604	1049	37	32.894
LTR82B	-0.284922516364953	0.472	1162	29	35.332
LTR83	-0.294481884087297	0.55	736	18	22.076
LTR84a	-1.18431556339399	0.024	702	9	20.453
LTR84b	-0.514856340731474	0.118	1302	27	38.579
LTR85a	-0.0394959933075138	0.948	1893	53	54.471
LTR85b	-0.441932872748944	0.16	1200	26	35.319
LTR85c	-0.0174608424505563	1	1186	34	34.414
LTR86A1	-0.878572771054966	0.092	554	9	16.547
LTR86A2	-0.843179890257174	0.32	308	5	8.97
LTR86B1	0.00353090518885467	1	302	9	8.978
LTR86B2	0.488194646006468	0.316	285	12	8.555
LTR86C	-0.589443917808593	0.484	301	6	9.028
LTR87	-0.523528501871087	0.29	718	15	21.562
LTR88a	0.380600799787801	0.192	912	34	26.116
LTR88b	0.142897842800977	0.556	1640	53	48.002
LTR88c	0.0588936890535683	0.87	1044	31	29.76
LTR89	-1.43433910370763	0	1101	12	32.431
LTR89B	-0.726697100174454	0.088	749	13	21.513
LTR8A	0.248739257728575	0.294	1481	57	47.973
LTR8B	1.64940957147038	0	1644	170	54.191
LTR9	0.390136995062518	0.2	850	35	26.707
LTR90A	0.601406403649769	0.168	407	18	11.864
LTR90B	0.374635983994637	0.33	536	20	15.426
LTR91	-0.499039897601866	0.112	1592	33	46.638
LTR91A	-0.854454522821625	0	2468	40	72.323
LTR9A1	-0.408440141461644	0.428	491	12	15.927
LTR9B	0.194889182676613	0.592	709	25	21.841
LTR9C	0.318582862757751	0.66	172	7	5.613
LTR9D	-0.792617411481912	0.064	755	14	24.251
MADE1	-0.813074459538767	0	8005	124	217.862
MADE2	-0.506711297628443	0.014	2711	52	73.882
Mam_R4	-0.134440011212104	0.87	564	15	16.465
MamGyp-int	-0.506838868496518	0.348	695	15	21.314
MamGypLTR1a	0.0118524220884147	0.99	1103	33	32.73
MamGypLTR1b	0.368136524309815	0.172	1224	46	35.64
MamGypLTR1c	0.169232294493598	0.572	1168	38	33.794
MamGypLTR1d	0.645610531220161	0.048	777	36	23.012
MamGypLTR2b	-0.10562221036918	0.834	879	24	25.823
MamGypLTR2c	-0.0569071736410507	0.942	1055	30	31.207
MamGypLTR3	-0.29484127140614	0.59	680	16	19.628
MamGypLTR3a	0.182786075741673	0.492	1350	45	39.645
MamGypLTR4	-0.423578170981797	0.374	724	16	21.46
MamGypsy2-I	-0.0353755046953749	0.928	2302	68	69.688
MamGypsy2-LTR	-0.505156977984167	0.146	916	18	25.547
MamRep1151	-0.563533636662317	0.106	1278	26	38.425
MamRep137	-0.432405179281132	0.056	2500	54	72.872
MamRep1527	-0.515753562417808	0.146	1314	27	38.603
MamRep1879	0.336292738695927	0.158	1507	54	42.772
MamRep1894	-0.389419965099574	0.362	709	15	19.648
MamRep38	0.0628439615338121	0.77	2167	64	61.272
MamRep4096	0.335613994554365	0.204	1282	47	37.245
MamRep434	-0.276082063697877	0.2	2142	51	61.756
MamRep488	0.646522720075544	0.066	503	22	14.054
MamRep564	-0.136066358551483	0.768	804	21	23.077
MamRep605	-0.336290271756113	0.066	3594	83	104.788
MamRep605b	0.30807117086253	0.096	2391	86	69.464
MamRTE1	0.0573579284729044	0.588	9028	267	256.593
MamRTE2	0.500217879852688	0.846	49	2	1.414
MamSINE1	0.180658809941229	0.092	5945	190	167.637
MamTip1	0.189219655479062	0.568	774	25	21.927
MamTip1b	0.367731784500487	0.374	460	17	13.175
MamTip2	0.126145747620143	0.296	5279	163	149.353
MamTip2b	0.00547938415883217	0.958	6841	196	195.257
MamTip3	0.0395306541805833	0.924	1176	35	34.054
MamTip3B	0.265763181014853	0.472	836	29	24.121
MARE10	-Inf	0.212	81	0	2.292
MARE11	-Inf	1	13	0	0.4
MARE4	0.212233230061433	0.744	312	10	8.632
MARE6	0.332789087519129	0.662	187	7	5.558
MARE8	0.390717820083431	0.556	218	8	6.102
MARE9	0.87038726186953	0.854	29	1	0.547
MARNA	-0.105584531049105	0.608	3187	86	92.53
MER101	0.554273296650016	0.22	370	16	10.896
MER101-int	-1.24298351610969	0.01	1253	16	37.87
MER101B	0.436353730515936	0.47	269	11	8.129
MER102a	0.322879275565116	0.044	3088	110	87.942
MER102b	0.259327157767287	0.1	3205	111	92.738
MER102c	0.375565124343765	0.01	3172	117	90.184
MER103C	-0.526135974677813	0	9080	179	257.772
MER104	-0.69939217465712	0	2260	39	63.329
MER105	0.215077298437139	0.564	730	24	20.676
MER106A	-1.08311122693131	0.022	740	10	21.186
MER106B	-0.345144012589926	0.45	834	18	22.865
MER107	0.0328313924673725	0.638	361	10	9.775
MER110	-1.06017318546989	0.024	802	11	22.937
MER110-int	-1.34198574722862	0.08	412	5	12.675
MER110A	-0.796144646305609	0.104	633	11	19.101
MER112	0.361003588229825	0.004	4569	167	130.03
MER113	-0.330688766003953	0.062	3816	88	110.67
MER113A	-0.0825591802803411	0.758	2109	57	60.357
MER115	0.00779659340574813	1	2559	77	76.585
MER117	0.0148411572522665	0.922	4434	128	126.69
MER119	0.509390376663174	0.064	1221	52	36.531
MER11A	1.37544803589948	0	992	97	37.387
MER11B	0.683187229119724	0.016	562	33	20.552
MER11C	-0.23206789161308	0.446	885	29	34.061
MER11D	3.2749689854094	0	267	94	9.711
MER121	-0.0706006962956862	0.908	941	26	27.304
MER121B	-0.0976107966264223	1	70	2	2.14
MER123	-Inf	0.54	48	0	1.334
MER124	-0.5742145612056	0.174	765	15	22.333
MER125	-Inf	0.036	138	0	3.889
MER126	-0.386443099697942	0.684	276	6	7.843
MER127	-1.03796785019902	0.262	213	3	6.16
MER129	0.996706174274958	0.112	125	7	3.508
MER130	-2.39451414195596	0.046	181	1	5.258
MER131	-0.102484378974976	0.804	1137	29	31.135
MER132	-Inf	0.712	37	0	1.064
MER133A	-Inf	0.466	54	0	1.532
MER133B	-0.16349873228288	1	41	1	1.12
MER134	-Inf	0.124	90	0	2.555
MER135	-0.156982094691861	0.756	822	21	23.414
MER136	-Inf	0.868	29	0	0.842
MER1A	-0.961308806263825	0	3307	53	103.195
MER1B	-0.52401133056779	0	5525	115	165.364
MER2	-0.882431553139529	0	9338	148	272.835
MER20	0.0538166614074425	0.438	17280	510	491.326
MER20B	-0.396528712669242	0.032	4240	95	125.052
MER21-int	0.643897176011489	0.042	1094	55	35.199
MER21A	1.5929640914455	0	2062	194	64.309
MER21B	0.182340981022089	0.298	2871	103	90.771
MER21C	0.111796068667881	0.398	5724	193	178.609
MER2B	-1.05454911919551	0	2101	29	60.235
MER3	-0.288562303741277	0.002	11144	258	315.127
MER30	0.311030501451774	0.016	4256	152	122.522
MER30B	-1.13115044140299	0.256	255	3	6.571
MER31-int	-0.390589079569462	0.44	1194	28	36.706
MER31A	1.31794900099721	0	1379	105	42.116
MER31B	1.10207208194467	0	1525	98	45.653
MER33	-0.107125206160586	0.306	9845	263	283.272
MER34	0.487564611349599	0.038	1355	57	40.654
MER34-int	0.35129094764429	0.492	423	17	13.326
MER34A	0.387235687059415	0.096	1513	59	45.111
MER34A1	0.0606379996279775	0.868	804	25	23.971
MER34B	0.0244571539726759	1	668	21	20.647
MER34B-int	0.0150097035769348	0.932	641	20	19.793
MER34C	1.16041244888358	0.022	206	13	5.816
MER34C_	0.416962376203336	0.25	685	27	20.223
MER34C2	0.642457702361862	0.118	613	29	18.578
MER34D	1.09306414408055	0.02	254	17	7.969
MER39	1.35516181020282	0	3390	266	103.977
MER39B	2.26587820626848	0	1222	182	37.842
MER4-int	-0.615291654194698	0.036	3127	68	104.167
MER41-int	0.306680321188425	0.264	1776	76	61.446
MER41A	1.70033916204699	0	2640	269	82.775
MER41B	1.82187033170618	0	2941	322	91.079
MER41C	2.08904411435521	0	863	110	25.854
MER41D	1.31553032368921	0	488	36	14.464
MER41E	0.529202861581637	0.25	365	16	11.087
MER41G	0.473931188332412	0.622	120	5	3.6
MER44A	-0.551925270383146	0.012	2404	49	71.836
MER44B	0.206531191673813	0.332	2176	76	65.863
MER44C	0.197048576335208	0.488	1126	42	36.638
MER44D	0.0644863710331615	0.944	657	21	20.082
MER45A	0.332574497620192	0.036	3563	127	100.853
MER45B	-0.131034881581001	0.766	1331	38	41.613
MER45C	-0.509676355139515	0.208	1235	26	37.017
MER45R	-0.720935081359759	0.148	661	12	19.779
MER46C	-0.160403925860014	0.416	2870	75	83.82
MER47A	-0.740968885194603	0	2639	47	78.551
MER47B	-0.804729452650781	0.094	623	11	19.215
MER47C	-0.441483479582645	0.278	791	16	21.728
MER48	0.542318163312663	0.358	196	9	6.18
MER49	0.190602020280771	0.452	1428	50	43.812
MER4A	1.23415194213133	0	890	65	27.631
MER4A1	0.165361380713043	0.432	2314	78	69.553
MER4A1_	1.27447695447097	0.002	416	32	13.228
MER4B	1.28492340372401	0	1788	135	55.403
MER4B-int	0.136089363513717	0.668	1620	57	51.869
MER4C	0.702100834179126	0.016	697	34	20.899
MER4CL34	0.356355940982903	0.242	933	37	28.902
MER4D	0.792956777388995	0.002	1373	75	43.287
MER4D0	1.011989224463	0.006	457	29	14.38
MER4D1	1.36201193416617	0	1595	127	49.408
MER4E	0.302164840065933	0.374	746	29	23.52
MER4E1	0.125006361067033	0.688	1092	37	33.929
MER50	0.548175830467377	0	2591	121	82.75
MER50-int	0.880696250599651	0.024	555	38	20.638
MER50B	0.179841465269835	0.58	700	25	22.07
MER50C	2.16165326347877	0	83	12	2.682
MER51-int	0.576421829018203	0.208	621	32	21.46
MER51A	0.589847698924986	0.012	955	46	30.563
MER51B	1.12125464318903	0	725	49	22.525
MER51C	0.701107118945839	0.256	192	10	6.151
MER51D	0.725291060785288	0.316	171	8	4.839
MER51E	-1.3138262963904	0.214	242	3	7.458
MER52-int	-2.24054331037393	0	501	4	18.903
MER52A	-2.28594466885069	0	1465	12	58.522
MER52C	-1.03099181446363	0.078	399	7	14.304
MER52D	-1.65489375747332	0	664	8	25.192
MER53	0.105960999999464	0.414	6020	183	170.041
MER54A	-0.4497710929332	0.31	774	17	23.219
MER54B	0.210479396399688	0.662	438	16	13.828
MER57-int	-1.37743228100425	0	1366	18	46.765
MER57A-int	-1.41881961190727	0	1976	24	64.168
MER57A1	0.0609561555104609	0.866	1093	35	33.552
MER57B1	0.334834657829217	0.194	1033	40	31.715
MER57B2	0.309317846955507	0.238	1145	43	34.702
MER57C1	0.644607789187863	0.31	195	9	5.757
MER57C2	-0.823545575430345	0.12	472	8	14.158
MER57D	0.189659729116905	0.684	464	16	14.029
MER57E1	-0.0222375946763603	1	512	15	15.233
MER57E2	0.779050995533221	0.436	80	4	2.331
MER57E3	3.17597479217609	0	277	65	7.192
MER57F	-0.829559658298274	0.234	424	7	12.44
MER58A	-0.348348650788077	0	13824	312	397.208
MER58B	0.0964683356903955	0.408	7134	222	207.641
MER58C	0.110623808596894	0.58	2642	80	74.095
MER58D	-0.0748147762721931	0.866	1174	31	32.65
MER5A	0.209407854235135	0	35585	1159	1002.41
MER5A1	0.0928508461558927	0.184	16237	488	457.582
MER5B	0.199632056199848	0.002	25480	818	712.292
MER5C	0.119492149066905	0.668	1374	43	39.582
MER5C1	-0.156881963966714	0.794	627	16	17.838
MER6	-1.55989964219458	0.004	826	9	26.535
MER61-int	-0.418491585983683	0.274	1202	34	45.442
MER61A	0.103893232825416	0.766	813	27	25.124
MER61B	0.319225574507539	0.494	435	16	12.824
MER61C	0.96994276614382	0.016	316	19	9.7
MER61D	1.76751465752581	0	269	28	8.224
MER61E	1.71915163596441	0	320	33	10.023
MER61F	0.777058085211513	0.202	167	9	5.252
MER63A	0.0753956308263367	0.628	3616	110	104.399
MER63B	0.0623040800868775	0.772	2472	75	71.83
MER63C	-1.13916721223823	0.008	904	13	28.633
MER63D	-0.0228436019746007	1	1752	50	50.798
MER65-int	-0.193720880697142	0.694	1092	31	35.455
MER65A	-0.214746522682395	0.49	1485	38	44.099
MER65B	-0.323312417757903	0.872	211	5	6.256
MER65C	0.166925121427485	0.626	700	23	20.487
MER65D	0.204025305793332	0.668	525	16	13.89
MER66-int	-0.858007527206191	0.164	794	15	27.188
MER66A	-0.509514883006729	0.492	340	7	9.965
MER66B	-0.644218878934564	0.018	1486	28	43.761
MER66C	-0.0135615130170789	1	603	18	18.17
MER66D	-0.608809242675524	0.564	249	5	7.625
MER67A	0.309569757445459	0.482	481	17	13.717
MER67B	0.928139284891934	0.008	498	28	14.715
MER67C	-0.0646576504072827	0.882	1703	49	51.246
MER67D	-1.09319957001389	0	1055	15	32.002
MER68	-0.0282616396642436	0.994	1529	46	46.91
MER68-int	0.999372877607648	0.042	402	23	11.505
MER68B	-0.147857718576571	0.898	475	13	14.403
MER68C	-0.682273641091254	0.616	165	3	4.814
MER6A	-0.426980332888206	0.258	1034	24	32.266
MER6B	-1.73761466090554	0	693	6	20.009
MER6C	-Inf	0.064	168	0	3.898
MER70-int	-1.11103131238874	0.328	263	4	8.64
MER70A	-0.602171790753379	0.216	542	11	16.698
MER70B	-2.59545591996961	0	995	5	30.219
MER70C	-1.10215419177398	0.174	279	4	8.587
MER72	0.658203968734691	0.03	793	39	24.713
MER72B	1.33506212255825	0.014	198	16	6.342
MER73	0.155373315330192	0.8	288	10	8.979
MER74A	-0.666216900287033	0.012	1625	32	50.781
MER74B	-0.432716508876528	0.228	958	22	29.695
MER74C	-2.83167460125302	0.024	234	1	7.119
MER75	-2.94766615679601	0	485	2	15.43
MER75A	-0.320195821266125	1	92	2	2.497
MER75B	-Inf	0.102	124	0	3.47
MER76	-0.544122647335454	0.26	728	15	21.872
MER76-int	-Inf	0.078	155	0	5.053
MER77	-0.245964981740715	0.39	1373	35	41.506
MER77B	0.111695104791513	0.672	1318	44	40.722
MER8	-0.699983056674613	0.004	2006	35	56.857
MER81	0.244365495998475	0.068	3748	123	103.835
MER83	0.204048387252122	0.694	516	18	15.626
MER83A-int	-1.91034891538093	0.434	105	1	3.759
MER83B	0.459311399059636	0.596	150	6	4.364
MER83B-int	0.725887462216224	0.206	277	16	9.674
MER83C	-1.27887686010211	0.31	156	2	4.853
MER84	1.90232343350094	0	364	41	10.968
MER84-int	1.14624382415637	0.098	143	10	4.518
MER85	-0.295918896516495	0.374	929	21	25.781
MER87	0.961844798974031	0.1	166	10	5.134
MER87B	-0.654435540845399	0.574	211	4	6.296
MER88	-1.78826808286684	0.332	113	1	3.454
MER89	0.0314902861278157	0.91	1436	44	43.05
MER89-int	-1.17600355700892	0.044	789	10	22.595
MER90	-0.207103739059981	0.65	727	19	21.933
MER90a	0.0933158535745365	0.764	1265	41	38.432
MER91A	-0.0723116400224265	0.68	3694	100	105.14
MER91B	-0.777893083804881	0.014	1476	24	41.151
MER91C	0.0672143864930361	0.808	1665	48	45.815
MER92-int	-0.832306267128453	0.12	1020	17	30.269
MER92A	-0.174406418529749	1	156	4	4.514
MER92B	-1.19253851130476	0.016	832	11	25.141
MER92C	0.923734105771933	0.232	125	7	3.69
MER92D	-0.385375813359913	0.818	226	5	6.531
MER94	-0.0936134076239134	0.516	4852	127	135.514
MER94B	0.797071733951602	0.004	634	31	17.841
MER95	-1.06626144226872	0.494	141	2	4.188
MER96	0.451211111832329	0.05	1291	49	35.84
MER96B	0.205166857560564	0.342	2245	73	63.323
MER97a	-1.58351908385149	0.112	280	3	8.991
MER97b	-1.4630992673481	0.348	181	2	5.514
MER97c	-0.384491944414584	0.82	211	5	6.527
MER97d	-Inf	0.084	138	0	4.383
MER99	-1.20006486151431	0.188	301	4	9.19
MER9a1	-0.730934907800886	0.194	351	7	11.618
MER9a2	-0.71384242274358	0.278	322	6	9.841
MER9a3	-0.240085311944407	0.59	595	16	18.897
MER9B	-0.345964030342872	1	39	1	1.271
Merlin1_HS	-0.777367109450413	1	56	1	1.714
MERX	0.0171924216965134	1	442	13	12.846
MIR	0.0810008426848434	0	177613	5369	5075.861
MIR1_Amn	0.725585983491139	0	12053	551	333.218
MIR3	0.537657168661187	0	89786	3648	2513.066
MIRb	0.173006614303493	0	228856	7344	6514.071
MIRc	0.319262091543035	0	103104	3623	2903.761
MLT-int	-2.05993205571585	0.016	417	3	12.509
MLT1-int	-2.98112198979431	0.026	267	1	7.896
MLT1A	-0.389613785620353	0	9313	211	276.419
MLT1A-int	0.830469635786679	0.032	448	26	14.621
MLT1A0	-0.442792684594529	0	21288	468	636.121
MLT1A0-int	-0.842867120530312	0.028	953	18	32.285
MLT1A1	-0.656690505767552	0	6913	132	208.093
MLT1A1-int	-1.75838846547935	0.01	462	5	16.916
MLT1B	-0.399729986102111	0	18094	410	540.897
MLT1B-int	-0.315152150628127	0.658	567	14	17.418
MLT1C	-0.287650304087127	0.014	6716	166	202.628
MLT1C-int	-2.07450543636363	0.282	130	1	4.212
MLT1C2	-0.299754581762637	0	16393	400	492.374
MLT1C2-int	-0.822628187094915	0.2	436	8	14.149
MLT1D	-0.283507456720434	0	19733	492	598.838
MLT1D-int	0.00402998323380427	1	598	19	18.947
MLT1E	-2.00247107403985	0	922	7	28.048
MLT1E-int	-Inf	1	12	0	0.383
MLT1E1	-0.126003687974973	0.768	1065	30	32.738
MLT1E1-int	-0.244887059123535	1	45	1	1.185
MLT1E1A	-0.516192371380878	0.004	3422	74	105.833
MLT1E1A-int	-1.43028527297778	0.584	84	1	2.695
MLT1E2	-0.477733633352841	0.002	4091	92	128.115
MLT1E2-int	-1.10467213128256	0.528	128	2	4.301
MLT1E3	-0.232359560589954	0.324	2066	53	62.262
MLT1E3-int	-0.176960992089442	1	74	2	2.261
MLT1F	0.0314357998900741	0.82	4411	139	136.004
MLT1F-int	-1.27031535217515	0.028	530	7	16.885
MLT1F1	-0.294145524835104	0.138	3329	82	100.545
MLT1F1-int	-2.4027221768456	0.142	160	1	5.288
MLT1F2	-0.195074320368673	0.132	6215	166	190.034
MLT1F2-int	-1.7311832415722	0.076	327	3	9.96
MLT1G	-0.0750761904324297	0.718	2894	84	88.487
MLT1G-int	-1.61870851231379	0.25	185	2	6.142
MLT1G1	-0.201813066814361	0.268	3680	98	112.714
MLT1G1-int	-0.100454431114873	1	299	9	9.649
MLT1G3	-0.162057351322272	0.412	2818	76	85.035
MLT1G3-int	-1.41142624572647	0.22	246	3	7.98
MLT1H	-0.418741407728923	0	10252	230	307.455
MLT1H-int	-1.42384705459843	0.006	836	10	26.83
MLT1H1	-0.567292573941759	0.002	3756	77	114.094
MLT1H1-int	-0.51489373611091	0.438	426	9	12.86
MLT1H2	-0.507777985614359	0	4849	99	140.764
MLT1H2-int	-1.52343649885959	0.062	354	4	11.499
MLT1I	-0.330256224129709	0	11268	262	329.396
MLT1I-int	-1.24449963214458	0.014	829	11	26.063
MLT1J	-0.130207768535499	0.108	15494	421	460.764
MLT1J-int	-0.480006551385989	0.136	1457	32	44.632
MLT1J1	-0.12222271034128	0.404	5003	134	145.847
MLT1J1-int	-0.450533448120671	0.542	476	11	15.032
MLT1J2	-0.337211994214899	0.008	6991	163	205.92
MLT1J2-int	-0.228972569760161	0.75	596	16	18.752
MLT1K	0.0714345595398269	0.33	17999	557	530.092
MLT1K-int	0.82298100195832	0.152	208	11	6.218
MLT1L	0.076024149627154	0.396	12248	377	357.648
MLT1L-int	-0.690193577824855	0.85	112	2	3.227
MLT1M	0.510114584820989	0	2329	96	67.408
MLT1M-int	-Inf	1	1	0	0.036
MLT1N2	-0.0435806810516431	0.76	5816	163	167.999
MLT1N2-int	-0.16928366111573	1	74	2	2.249
MLT1O	0.00419953987783641	0.994	5156	150	149.564
MLT1O-int	2.45008444637804	0.136	12	2	0.366
MLT2A1	-2.36282689995977	0	3849	22	113.163
MLT2A2	-1.57329372809018	0	3928	42	124.985
MLT2B1	-1.17816342536206	0	4532	61	138.036
MLT2B2	-0.804307778358476	0	2229	39	68.106
MLT2B3	-0.834164741748056	0	3363	57	101.621
MLT2B4	-0.927314961419557	0	4762	75	142.63
MLT2B5	-1.93080040482004	0.016	383	3	11.438
MLT2C1	-0.149241042886912	0.494	2710	71	78.738
MLT2C2	-0.174619472512398	0.616	1378	36	40.632
MLT2D	-0.502988228404861	0.008	4584	96	136.046
MLT2E	-2.00216242115062	0.004	405	3	12.018
MLT2F	-0.404006910360178	0.104	1946	45	59.543
MSR1	1.36718437601701	0	445	34	13.18
MST-int	-1.24285652389616	0.196	235	3	7.1
MSTA	-0.973531213836644	0	20293	312	612.656
MSTA-int	-2.14403471236986	0	3304	28	123.759
MSTA1	-0.211368260628897	0.75	563	14	16.209
MSTA1-int	-Inf	0.838	29	0	1.038
MSTB	-1.05824072180258	0	8800	128	266.546
MSTB-int	-0.880654595675837	0.012	902	19	34.983
MSTB1	-0.409043626149051	0.004	4944	113	150.042
MSTB1-int	0.680382065799839	0.208	231	13	8.112
MSTB2	-1.17027470330826	0	1621	22	49.512
MSTB2-int	0.26274589567567	0.808	94	4	3.334
MSTC	-0.4818955986569	0.016	3291	71	99.157
MSTC-int	-0.630591854150484	0.566	210	5	7.741
MSTD	-0.419545020196778	0	7813	176	235.401
MSTD-int	-0.382364230594494	0.354	751	21	27.373
OldhAT1	-0.0683743075831233	0.678	4404	116	121.63
ORSL	-0.143888105618425	0.676	1252	33	36.461
ORSL-2a	0.00683618393442792	1	376	11	10.948
ORSL-2b	0.297035641655771	0.41	733	26	21.162
PABL_A	-0.227494650859301	0.704	544	15	17.562
PABL_A-int	-0.0603068378637663	1	459	16	16.683
PABL_B	0.499857821190808	0.294	393	17	12.022
PABL_B-int	-0.950095094173686	0.368	265	5	9.66
Penelope1_Vert	-0.107295371481299	0.768	1123	29	31.239
Plat_L3	0.102025734087167	0.482	3386	105	97.831
PRIMA4_LTR	0.137118856359071	0.814	349	12	10.912
PRIMA4-int	-0.0509245308252417	1	443	14	14.503
PRIMA41-int	0.93098532208482	0.026	511	34	17.833
PRIMAX-int	0.330368457688015	0.772	78	3	2.386
PrimLTR79	0.783389931257558	0.278	136	7	4.067
REP522	-2.85079942312548	0.048	294	1	7.214
Ricksha	-0.843983844048327	0.248	431	8	14.36
Ricksha_0	-1.29971356006424	0.102	386	5	12.309
Ricksha_a	-0.799916202989014	1	57	1	1.741
Ricksha_b	-1.00468115611791	0.616	118	2	4.013
Ricksha_c	-1.21091631423773	0	1032	13	30.093
SAR	2.02326977932285	0.428	13	1	0.246
SATR1	-0.406586142798867	0.408	728	22	29.162
SATR2	-0.407331831753386	0.518	450	13	17.241
SST1	-0.779364792659731	0.302	650	8	13.731
SSU-rRNA_Hsa	-Inf	0.162	90	0	2.541
SVA_A	0.137232185200665	0.584	1230	42	38.189
SVA_B	-0.893750501720566	0.008	839	16	29.728
SVA_C	-0.769489659858405	0.068	540	12	20.456
SVA_D	-1.01191110177544	0	1491	31	62.514
SVA_E	-0.0355568840139266	1	704	21	21.524
SVA_F	-0.187767747046025	0.582	1023	31	35.309
TAR1	2.98235213418058	0	155	26	3.29
THE1-int	-1.67987414774662	0.1	200	2	6.408
THE1A	-0.968841795367261	0	4308	67	131.137
THE1A-int	-1.31361736323529	0	1481	25	62.141
THE1B	-1.3091576721212	0	22924	283	701.265
THE1B-int	-2.70990327110599	0	4277	27	176.655
THE1C	-1.17633209174376	0	10046	137	309.622
THE1C-int	-2.13624929987507	0	1824	17	74.735
THE1D	-1.0791211515303	0	12935	187	395.084
THE1D-int	-2.29213386314254	0	2667	20	97.956
Tigger1	-1.39260512486576	0	12353	170	446.339
Tigger10	-0.337833401063202	0.276	1481	35	44.235
Tigger11a	0.0692190001962094	0.95	419	13	12.391
Tigger12	-0.383275739763504	0.362	910	20	26.086
Tigger12A	-1.44181543122832	0.006	748	8	21.733
Tigger12c	-0.923719678749389	0.026	865	13	24.661
Tigger13a	-0.749801460946076	0.002	3189	57	95.849
Tigger14a	-0.697735147106325	0.022	1312	23	37.305
Tigger15a	0.353341047518824	0	4892	182	142.464
Tigger16a	0.298950039960602	0.138	1822	64	52.022
Tigger16b	0.237032327340821	0.322	1342	45	38.182
Tigger17	0.111695104791513	0.992	57	2	1.851
Tigger17a	-0.0269517809053037	0.992	2457	77	78.452
Tigger17b	-0.0114956388378294	1	94	3	3.024
Tigger17c	-1.36695161658586	0.068	347	4	10.317
Tigger17d	-0.548225225319755	0.46	336	7	10.236
Tigger18a	-0.25406487719702	0.482	1273	32	38.162
Tigger19a	0.150832685397289	0.314	3637	115	103.584
Tigger19b	0.0407337599311101	0.786	3685	106	103.049
Tigger1a_Art	-1.59024270806259	0.142	315	3	9.033
Tigger1a_Mars	-0.538041453333663	1	45	1	1.452
Tigger2	-0.789654737777071	0	2835	56	96.805
Tigger20a	-0.437511845853743	0.216	1378	30	40.628
Tigger21a	-1.35021433796647	0.358	173	2	5.099
Tigger22N1	-0.0184561405680361	1	1102	32	32.412
Tigger23a	-1.06772475289775	0.026	580	8	16.769
Tigger2a	-1.0689725761246	0	3391	49	102.799
Tigger2b_Pri	-1.0412210752531	0	2191	32	65.855
Tigger3	0.0622500064941542	0.878	1166	39	37.353
Tigger3a	-0.322417653768674	0.008	5480	132	165.056
Tigger3b	0.0946150185665399	0.478	6456	226	211.654
Tigger3c	-0.196503852191587	0.432	2425	61	69.901
Tigger3d	-0.326230522311299	0.498	696	15	18.806
Tigger4	-1.69501387263258	0	1466	15	48.567
Tigger4a	-0.522599838621629	0.006	3595	72	103.431
Tigger4b	-0.317512847894978	0.148	2565	61	76.017
Tigger5	-1.95995557967556	0.002	545	4	15.562
Tigger5b	-1.22794035937527	0	2854	34	79.639
Tigger6	0.776577450065063	0.17	256	12	7.005
Tigger6a	-0.893750501720566	0.06	699	12	22.296
Tigger6b	-1.46388398047101	0.316	179	2	5.517
Tigger7	-0.160021511255421	0.436	3017	79	88.267
Tigger8	-0.355990105833111	0.368	959	22	28.157
Tigger9a	-0.200571955708359	0.624	1043	26	29.878
Tigger9b	-0.972447589447723	0.06	774	12	23.546
tRNA-Ala-GCA	-0.177598929327733	1	41	1	1.131
tRNA-Ala-GCG	3.30281927193966	0.004	11	3	0.304
tRNA-Ala-GCY	2.65896308216493	0.044	34	3	0.475
tRNA-Ala-GCY_	0.86184085477053	0.336	80	4	2.201
tRNA-Arg-AGA	1.46461056035593	0.2	40	3	1.087
tRNA-Arg-AGG	2.55922493930755	0.026	21	3	0.509
tRNA-Arg-CGA	2.21759143507263	0.402	8	1	0.215
tRNA-Arg-CGA_	-Inf	1	2	0	0.045
tRNA-Arg-CGG	2.20756106993536	0.132	16	2	0.433
tRNA-Arg-CGY_	1.67116353577046	0.084	49	4	1.256
tRNA-Asn-AAC	2.33157826492108	0.004	53	6	1.192
tRNA-Asn-AAT	-Inf	1	2	0	0.025
tRNA-Asp-GAY	2.94897599697553	0	48	8	1.036
tRNA-Cys-TGY	0.663907079498824	0.364	138	6	3.787
tRNA-Gln-CAA	1.71075571484336	0.26	23	2	0.611
tRNA-Gln-CAA_	-Inf	0.806	34	0	0.921
tRNA-Gln-CAG	-0.206643223983395	1	85	2	2.308
tRNA-Glu-GAA	0.946193556304206	0.242	99	5	2.595
tRNA-Glu-GAG	1.04692104738749	0.776	20	1	0.484
tRNA-Glu-GAG_	0.99079617267016	0.214	97	5	2.516
tRNA-Gly-GGA	1.6229688233009	0.004	109	9	2.922
tRNA-Gly-GGG	0.145605322246899	1	44	1	0.904
tRNA-Gly-GGY	2.7178567712185	0.002	37	6	0.912
tRNA-His-CAY	-Inf	1	1	0	0.043
tRNA-His-CAY_	2.43596333813339	0.004	53	5	0.924
tRNA-Ile-ATA	0.761213140412883	0.512	65	3	1.77
tRNA-Ile-ATC	-Inf	1	9	0	0.072
tRNA-Ile-ATT	1.47593632422279	0.096	55	4	1.438
tRNA-Leu-CTA	4.0350469470992	0.12	2	1	0.061
tRNA-Leu-CTA_	-Inf	1	7	0	0.174
tRNA-Leu-CTG	3.83135796444116	0.002	15	4	0.281
tRNA-Leu-CTY	1.29867274258706	0.374	30	2	0.813
tRNA-Leu-TTA	3.10366355917359	0.008	12	3	0.349
tRNA-Leu-TTA(m)	-Inf	0.944	27	0	0.739
tRNA-Leu-TTG	2.50430483737593	0.008	26	4	0.705
tRNA-Lys-AAA	1.612637459164	0.092	51	4	1.308
tRNA-Lys-AAG	1.31760648893727	0.086	73	5	2.006
tRNA-Met	-0.167357927738514	1	52	1	1.123
tRNA-Met_	0.59618693838341	0.776	47	2	1.323
tRNA-Met-i	2.01741705307741	0.028	45	5	1.235
tRNA-Phe-TTY	1.29453809685586	0.078	91	6	2.446
tRNA-Pro-CCA	3.50089823593268	0.004	9	3	0.265
tRNA-Pro-CCG	4.12029423371771	0.008	4	2	0.115
tRNA-Pro-CCY	2.09850554495242	0.188	17	2	0.467
tRNA-SeC(e)-TGA	3.57346686188333	0.16	3	1	0.084
tRNA-Ser-AGY	2.42662547355406	0.114	14	2	0.372
tRNA-Ser-TCA	5.32192809488736	0.05	1	1	0.025
tRNA-Ser-TCA_	3.08314123530025	0.224	4	1	0.118
tRNA-Ser-TCA(m)	-Inf	0.814	31	0	0.882
tRNA-Ser-TCG	2.27229732716276	0.378	7	1	0.207
tRNA-Ser-TCY	3.31832585820717	0.002	15	4	0.401
tRNA-Thr-ACA	2.7388904710907	0.002	26	5	0.749
tRNA-Thr-ACG	4.10780328953452	0.116	2	1	0.058
tRNA-Thr-ACG_	1.67576543772947	0.532	12	1	0.313
tRNA-Thr-ACY	3.62950089679765	0	15	5	0.404
tRNA-Thr-ACY_	-Inf	1	12	0	0.351
tRNA-Trp-TGG	2.95083394319612	0.01	13	3	0.388
tRNA-Tyr-TAC	2.36735952413437	0	37	5	0.969
tRNA-Tyr-TAT	-Inf	1	6	0	0.164
tRNA-Val-GTA	3.25612603649162	0.004	12	3	0.314
tRNA-Val-GTG	2.40049176408106	0	43	5	0.947
tRNA-Val-GTY	1.34373246520571	0.394	31	2	0.788
U1	2.45492442721779	0	223	31	5.654
U13	0.306085640619045	0.68	179	6	4.853
U13_	-0.503179096147861	0.49	316	6	8.504
U14	4.20201863115217	0.028	7	3	0.163
U17	2.94341647163363	0.078	9	2	0.26
U2	-0.196025898048334	0.558	1111	26	29.784
U3	1.09608029100774	0.022	234	14	6.549
U4	-0.566896316005849	0.74	161	3	4.444
U5	1.23737782873304	0.01	214	14	5.938
U6	-0.0361029816205235	0.924	1799	47	48.191
U7	0.679751655022542	0.194	250	11	6.867
U8	1.15040098884855	0.478	34	2	0.901
UCON1	-1.21950414201162	0.174	245	3	6.986
UCON100	0.951763814347152	0.814	19	1	0.517
UCON101	0.259905092913639	0.776	208	7	5.846
UCON103	1.41888982477445	0.62	14	1	0.374
UCON105	0.158509872386634	0.682	642	20	17.919
UCON11	-Inf	0.51	45	0	1.334
UCON12	0.210896782498619	1	59	2	1.728
UCON12A	-Inf	1	23	0	0.649
UCON14	-Inf	0.138	100	0	2.848
UCON15	-0.530070742225084	1	50	1	1.444
UCON16	-Inf	0.646	38	0	1.096
UCON17	-Inf	0.736	33	0	1.026
UCON18	-Inf	0.764	33	0	0.935
UCON19	-Inf	0.798	31	0	0.904
UCON2	0.0291463456595165	1	138	4	3.92
UCON20	-0.389566811762726	1	43	1	1.31
UCON21	-Inf	0.91	29	0	0.809
UCON22	-Inf	0.67	38	0	1.132
UCON23	0.204233052217608	1	31	1	0.868
UCON24	-Inf	1	22	0	0.617
UCON25	0.611534902716846	0.75	50	2	1.309
UCON26	1.612637459164	0	207	18	5.886
UCON27	-Inf	0.098	102	0	3.172
UCON28a	-0.911116306378219	0.544	129	2	3.761
UCON28b	-Inf	0.214	75	0	2.229
UCON28c	-Inf	0.288	68	0	1.943
UCON29	-0.480471945227477	0.63	235	5	6.976
UCON31	-0.762136169901112	0.648	119	2	3.392
UCON33	0.653657657070487	0.386	136	6	3.814
UCON34	0.930068743247834	0.018	339	18	9.447
UCON35	1.31443355834044	0.01	173	12	4.825
UCON37	0.257275136545109	0.784	172	6	5.02
UCON38	-0.513995979367013	0.636	208	4	5.712
UCON39	0.0149854073965879	1	107	3	2.969
UCON4	0.853530968116437	0.178	138	7	3.874
UCON40	-0.534061602421118	0.618	245	5	7.24
UCON41	-0.0596148562972227	0.988	575	16	16.675
UCON44	-0.809963153966156	0.236	360	6	10.519
UCON47	0.448442968170596	0.576	154	6	4.397
UCON48	-0.90432352190472	0.394	194	3	5.615
UCON49	-1.60454581636871	0.438	109	1	3.041
UCON5	-1.85399564717639	0.236	123	1	3.615
UCON51	-Inf	0.606	44	0	1.179
UCON55	-0.229587922740652	0.716	412	10	11.725
UCON56	-Inf	1	15	0	0.427
UCON57	0.623709616662948	0.974	22	1	0.649
UCON58	0.258856645044684	0.716	236	8	6.686
UCON59	-Inf	0.562	45	0	1.258
UCON6	0.878321443411748	0.28	96	5	2.72
UCON60	0.898349923905565	0.604	38	2	1.073
UCON61	-Inf	1	16	0	0.443
UCON62	-Inf	1	24	0	0.638
UCON63	-Inf	1	14	0	0.384
UCON64	-Inf	1	16	0	0.45
UCON65	-Inf	0.874	32	0	0.882
UCON66	-Inf	0.312	64	0	1.811
UCON67	-Inf	1	20	0	0.569
UCON68	-Inf	1	12	0	0.343
UCON69	-Inf	0.876	29	0	0.817
UCON7	-0.855591107710452	0.612	125	2	3.619
UCON70	-Inf	0.37	59	0	1.678
UCON71	-Inf	1	17	0	0.477
UCON71_Crp	-0.616545903251069	0.444	282	5	7.666
UCON73	0.0178343184572927	1	259	7	6.914
UCON75	-Inf	1	24	0	0.666
UCON76	0.981365825860949	0.134	141	8	4.052
UCON78	0.785322543791557	0.184	180	9	5.222
UCON8	0.227692025041597	0.762	207	7	5.978
UCON80	0.75268006502018	0.678	43	2	1.187
UCON80_AMi	-0.987684677566761	0.34	228	3	5.949
UCON81	0.866436474258894	0.624	40	2	1.097
UCON83	-0.43189034828618	1	49	1	1.349
UCON84	-Inf	0.088	109	0	3.198
UCON85	0.320125852253377	1	28	1	0.801
UCON86	-Inf	0.25	70	0	2.038
UCON87	-Inf	1	6	0	0.182
UCON88	-Inf	0.796	33	0	0.922
UCON89	1.77595972578207	0.034	50	5	1.46
UCON9	-Inf	0.51	49	0	1.342
UCON92	-Inf	1	19	0	0.545
UCON93	1.50021787985269	0.306	27	2	0.707
UCON94	0.200912693925996	1	31	1	0.87
UCON96	0.886299500835272	0.83	18	1	0.541
UCON97	0.824954513889086	0.632	40	2	1.129
UCON99	-0.515005916433729	1	56	1	1.429
X1_DNA	-0.658730012602203	0.218	710	13	20.523
X1_LINE	-Inf	0.174	83	0	2.519
X1_LR	1.27578631324264	0.672	15	1	0.413
X10b_DNA	-0.541349629607548	0.468	308	6	8.732
X11_DNA	-0.163498732282879	0.968	267	7	7.84
X12_DNA	0.204085318354298	0.37	1379	45	39.064
X12_LINE	0.507035922036087	0.354	227	9	6.333
X13_LINE	-1.09423606984577	0.434	148	2	4.27
X15_LINE	-0.171206827418142	0.988	243	6	6.756
X17_LINE	-0.0213217882739548	1	965	27	27.402
X2_LINE	-0.485169180050906	0.722	188	4	5.599
X20_LINE	0.141780233728934	0.94	162	5	4.532
X21_LINE	-0.3928669162308	1	47	1	1.313
X22_DNA	-Inf	0.962	25	0	0.708
X23_DNA	-Inf	0.422	60	0	1.663
X24_DNA	-0.529404524230844	0.346	457	9	12.99
X24_LINE	-0.0935601761623379	0.932	568	15	16.005
X26_DNA	-0.0600217560324089	0.99	971	27	28.147
X2a_DNA	-0.765898405157716	0.178	420	7	11.903
X2b_DNA	-1.44015490868031	0.19	192	2	5.427
X30_DNA	0.0734724602551616	0.856	765	23	21.858
X32_DNA	-0.252173413202027	0.768	327	8	9.528
X33a_DNA	-Inf	0.254	69	0	2.061
X34_DNA	-Inf	0.134	105	0	2.73
X4a_DNA	-0.0997664862929296	1	182	5	5.358
X4b_DNA	-0.270933420706315	0.578	708	17	20.512
X5a_DNA	1.01912164696062	0.006	429	24	11.842
X5B_LINE	-0.0377336274465149	1	75	2	2.053
X6a_DNA	-0.330832721696088	0.324	1005	23	28.928
X6A_LINE	-0.359521170427595	0.262	1055	23	29.509
X6b_DNA	-0.0945479140088551	0.834	987	26	27.761
X6B_LINE	-0.619354315545512	0.088	891	16	24.579
X7A_LINE	0.443693215775023	0.092	937	36	26.469
X7B_LINE	-0.105999832727872	0.854	940	25	26.906
X7C_LINE	0.404371806411604	0.214	621	23	17.378
X7D_LINE	-0.639695233399582	1	58	1	1.558
X8_LINE	-0.393306360352653	0.718	231	5	6.567
X9_LINE	0.12021582850909	0.77	670	20	18.401
X9a_DNA	-0.258997704020918	0.552	702	17	20.343
X9b_DNA	-0.831390857513114	0.104	606	10	17.794
Zaphod	-1.07593525310282	0.002	2330	34	71.675
Zaphod2	-0.650764559116902	0.154	875	16	25.12
Zaphod3	-0.706761598316362	0.052	1235	22	35.907
Zaphod4a	-0.764200545969449	0.338	394	7	11.889
Zaphod5a	0.352915787371046	0.81	80	3	2.349
Zaphod5b	-0.0976107966264223	1	74	2	2.14
