	log.enrich	pval	total	real.overlap	random.mean
(CATTC)n	-Inf	0.746	64	0	1.64
(GAATG)n	-Inf	0.22	35	0	2.148
5S	-0.321158452275944	0.328	1317	30	37.48
7SK	-0.674073194852978	0.094	762	14	22.338
7SLRNA	0.433080495691355	0.052	1428	56	41.478
ACRO1	-Inf	0.684	86	0	1.787
ALR/Alpha	-Inf	0	1700	0	123.603
Alu	-0.00695411101940684	0.956	8195	226	227.092
AluJb	0.232772532855221	0	121115	4274	3637.165
AluJo	0.355555917897268	0	47320	1805	1410.731
AluJr	0.075274724795184	0.006	117446	3706	3517.592
AluJr4	-0.0771325294661613	0.34	12658	359	378.716
AluSc	-0.228899722244549	0	38726	997	1168.425
AluSc5	-0.302375297465962	0.044	4259	104	128.25
AluSc8	-0.0904267795520983	0.098	21085	597	635.617
AluSg	0.101613158370616	0.01	44393	1443	1344.862
AluSg4	0.21193690831237	0.002	12565	432	372.979
AluSg7	0.208306964546113	0.056	6031	210	181.766
AluSp	0.15591871589151	0	67237	2260	2028.487
AluSq	0.126956439239109	0.098	12718	419	383.704
AluSq10	-0.388618163503035	0.118	1575	36	47.129
AluSq2	-0.0523962238127379	0.17	53394	1556	1613.55
AluSq4	-0.46127368887052	0.046	1683	37	50.94
AluSx	0.155186064862828	0	129556	4351	3907.27
AluSx1	0.138855825191516	0	110941	3696	3356.852
AluSx3	0.146994148713136	0	40018	1329	1200.26
AluSx4	0.0205849895807354	0.77	12119	371	365.744
AluSz	0.0412203450271537	0.106	122105	3816	3708.513
AluSz6	-0.0865599742086049	0.044	42260	1202	1276.326
AluY	-0.352281105312447	0	101596	2407	3072.722
AluYa5	-1.05221713475964	0	3853	56	116.128
AluYa8	0.724595570583036	0.068	405	18	10.893
AluYb8	-1.23658445811318	0	2715	35	82.474
AluYb9	-3.54732643222811	0	383	1	11.691
AluYc	-0.442842669499714	0.002	6889	150	203.892
AluYc3	0.123599378441384	0.768	581	19	17.44
AluYd8	-0.22012354597429	0.888	229	6	6.989
AluYe5	0.171151813696172	0.456	1343	45	39.966
AluYe6	0.210181337385573	0.81	199	7	6.051
AluYf1	-0.093651841322619	0.68	2082	59	62.957
AluYg6	-0.281125932906072	0.448	857	21	25.518
AluYh3	-0.424742971562511	0.294	665	15	20.135
AluYh3a3	0.288945678187934	0.728	161	6	4.911
AluYh7	-0.191667922329894	0.78	502	12	13.705
AluYh9	0.407682504751832	0.572	178	6	4.523
AluYi6	-0.301853654724322	0.602	462	11	13.56
AluYi6_4d	-Inf	0.528	44	0	1.35
AluYj4	-0.503357077555509	0.002	2913	61	86.468
AluYk11	-2.38791392438595	0.06	176	1	5.234
AluYk12	-1.59454854955035	0.394	100	1	3.02
AluYk2	-0.201717960445336	0.062	6900	179	205.862
AluYk3	-0.353657436386484	0.002	6210	147	187.836
AluYk4	-1.17785402525995	0.002	1117	15	33.936
AluYm1	-0.143936734381646	0.274	4835	131	144.744
AmnSINE1	0.200986396704673	0.22	2633	90	78.296
AmnSINE2	0.551718755399721	0.042	671	29	19.784
Arthur1	-1.95447061681116	0	2360	19	73.639
Arthur1A	-0.0292559863163318	0.99	1183	35	35.717
Arthur1B	-1.46764066087795	0	2347	26	71.908
Arthur1C	0.0349125741618438	0.968	727	22	21.474
Arthur2	-1.76836079044174	0	1016	9	30.66
BC200	0.348034284230461	0.27	707	26	20.427
BLACKJACK	-1.62722478532937	0	2162	22	67.962
BSR/Beta	-5.41589384525681	0	1956	1	42.692
CER	-Inf	0.034	86	0	3.832
Chap1_Mam	-0.422917971380367	0.454	498	11	14.747
Chap1a_Mam	-1.63166973860088	0	1431	14	43.382
Charlie1	-0.640353024876406	0.016	1939	38	59.231
Charlie10	-0.835600745019295	0.034	1157	20	35.692
Charlie10a	-0.600111137155605	0.436	307	6	9.095
Charlie10b	-0.212880566344385	0.91	276	7	8.113
Charlie11	-0.219091058246197	1	113	3	3.492
Charlie12	1.55215635563791	0.308	23	2	0.682
Charlie13a	-0.425789800165893	0.516	561	13	17.463
Charlie13b	0.172877817309393	0.726	408	14	12.419
Charlie14a	-1.37118710585132	0.04	521	6	15.521
Charlie15a	-0.0205368236792731	0.982	3250	95	96.362
Charlie15b	-0.547622567096676	0.064	1942	40	58.467
Charlie16	-0.363121592647172	0.252	1476	34	43.731
Charlie16a	-0.0131644591984478	1	1474	42	42.385
Charlie17	-0.378255500808895	0.608	550	13	16.897
Charlie17a	-0.222224955942897	0.434	1251	32	37.329
Charlie17b	-1.22677273547573	0.088	543	7	16.383
Charlie18a	-0.142759389473182	0.51	2509	68	75.073
Charlie19a	-0.0352944555009963	0.956	1620	47	48.164
Charlie1a	-0.725959234509188	0	5856	110	181.94
Charlie1b	-0.487299241503012	0.024	3087	66	92.52
Charlie20a	-0.745237332129749	0.092	891	16	26.82
Charlie21a	-0.741636478665612	0.184	772	14	23.409
Charlie22a	-0.124456217067973	0.752	1121	31	33.793
Charlie23a	-0.280442750725666	0.308	1506	37	44.939
Charlie24	-0.360195694732358	0.28	1289	30	38.508
Charlie25	-2.50445090285438	0	1094	6	34.046
Charlie26a	0.0226284797227513	0.998	517	16	15.751
Charlie29a	-1.24680563019419	0.004	986	13	30.851
Charlie29b	-1.75152963979122	0	1465	13	43.773
Charlie2a	-0.785782391278652	0.008	2095	37	63.789
Charlie2b	-0.768874788289045	0	3743	67	114.164
Charlie3	-0.742930127030807	0.356	342	7	11.715
Charlie30a	0.093160701127105	0.856	467	15	14.062
Charlie30b	-0.0401520974608963	1	620	18	18.508
Charlie31a	-0.358514714688022	0.428	812	19	24.36
Charlie32a	-0.666120302595831	0.4	266	5	7.934
Charlie4	0.311622142719085	0.34	919	34	27.395
Charlie4a	0.0442020341654622	0.814	2908	92	89.224
Charlie4z	0.226912540984333	0.036	6037	208	177.728
Charlie5	-0.356993508364902	0.17	2609	61	78.126
Charlie6	-Inf	0.018	264	0	8.502
Charlie7	-1.37950298782731	0	3983	47	122.284
Charlie7a	-0.911032914083302	0.004	1465	23	43.249
Charlie7b_Mars	-Inf	0.886	58	0	1.808
Charlie8	0.0906839237421332	0.524	4420	142	133.349
Charlie9	0.0702450656003035	0.814	1322	42	40.004
Cheshire	-1.10245657665073	0.018	1037	15	32.208
Chompy-6_Croc	-Inf	1	14	0	0.428
Chompy-7_Croc	1.03800632257975	0.764	17	1	0.487
CR1_Mam	-0.156272671949966	0.624	1729	47	52.377
CR1-1_Amn	-Inf	0.29	66	0	1.973
CR1-11_Crp	0.399730246490995	1	24	1	0.758
CR1-12_AMi	-Inf	0.03	132	0	3.943
CR1-13_AMi	-1.66630212817309	0.35	102	1	3.174
CR1-16_AMi	-0.907044474872798	0.206	309	5	9.376
CR1-3_Croc	-1.22766860227315	0	1348	17	39.812
CR1-8_Crp	-Inf	1	5	0	0.135
CR1-L3A_Croc	-1.68392098080932	0.024	320	3	9.639
CR1-L3B_Croc	-0.111031312388744	1	38	1	1.08
CRP1	-Inf	1	6	0	0.192
D20S16	-Inf	0.342	388	0	11.007
DNA1_Mam	-2.36960607003184	0.14	172	1	5.168
ERV24_Prim-int	-1.73259482754501	0.066	435	4	13.293
ERV24B_Prim-int	-Inf	0.002	379	0	12.786
ERV3-16A3_I-int	-2.323166969005	0	6685	44	220.189
ERV3-16A3_LTR	-1.29328639391586	0	1117	14	34.312
ERVL-B4-int	-2.26461149122333	0	4138	28	134.547
ERVL-E-int	-1.89162357659929	0	9119	78	289.421
ERVL-int	-2.74604398299834	0	831	4	26.835
ERVL47-int	-Inf	0.022	211	0	7.395
Eulor1	-Inf	0.192	85	0	2.418
Eulor10	1.37457363627575	0.218	39	3	1.157
Eulor11	-0.0332761548742984	1	103	3	3.07
Eulor12	-Inf	0.366	57	0	1.681
Eulor2A	-Inf	0.238	68	0	2.046
Eulor2B	-0.784085142734757	0.974	58	1	1.722
Eulor2C	-Inf	0.692	40	0	1.149
Eulor3	-Inf	0.71	38	0	1.136
Eulor4	-Inf	0.784	32	0	1.043
Eulor5A	-0.345964030342872	0.93	126	3	3.813
Eulor5B	-0.344828496997441	1	43	1	1.27
Eulor6A	-Inf	0.822	30	0	0.889
Eulor6B	-0.920674411041618	0.838	63	1	1.893
Eulor6C	-Inf	1	21	0	0.613
Eulor6D	-0.24731993497982	1	77	2	2.374
Eulor6E	-Inf	0.776	31	0	0.94
Eulor7	-Inf	1	12	0	0.364
Eulor8	-0.107353098448296	1	145	4	4.309
Eulor9A	0.938273168357673	0.176	125	7	3.653
Eulor9B	0.172993990361023	1	30	1	0.887
Eulor9C	-0.0754185345212553	1	106	3	3.161
EuthAT-2	-1.19286484677525	0.022	1166	16	36.577
EuthAT-N1	0.664859793685787	0.512	82	4	2.523
EuthAT-N1a	0.42081985187285	0.828	51	2	1.494
Eutr10	-1.12602886941463	0.016	996	14	30.556
Eutr11	-0.610700062134764	0.284	620	12	18.324
Eutr15	-1.99363813543159	0.004	659	5	19.912
Eutr16	-0.675183625787811	0.254	524	10	15.968
Eutr18	-0.262397782285526	0.576	682	17	20.391
Eutr2	-1.21516085210537	0.248	232	3	6.965
Eutr2B	-0.665392771041891	0.314	441	8	12.688
Eutr5	-0.439238958697824	0.52	411	9	12.203
EUTREP14	-3.59419021986166	0	393	1	12.077
EUTREP15	-1.5837597536395	0.208	197	2	5.995
EUTREP16	-0.185001533768948	0.828	424	11	12.505
EUTREP2	-1.4625758880422	0.002	834	9	24.804
EUTREP4	-Inf	0	301	0	9.133
EUTREP6	1.36959452851768	0.66	13	1	0.387
EUTREP7	-0.758900089708683	0.414	279	5	8.461
EUTREP8	-1.00575926928868	0.242	269	4	8.032
EutTc1-N1	-Inf	0.568	61	0	1.801
EutTc1-N2	-1.41006969175638	0.266	197	2	5.315
FAM	-0.0264738636952952	0.91	4362	127	129.352
FLAM_A	-0.0213189294877375	0.776	15391	442	448.58
FLAM_C	0.44668204925762	0	25202	1005	737.397
FordPrefect	-1.95910242974286	0.006	614	5	19.441
FordPrefect_a	-0.275347667272645	0.838	281	7	8.472
FRAM	0.221323362094954	0.002	20741	708	607.307
GSAT	-Inf	0.142	39	0	2.815
GSATII	-Inf	0.214	175	0	5.591
GSATX	-Inf	0.576	53	0	1.92
HAL1	-0.910306506187066	0	21741	362	680.359
HAL1b	-1.53551297936034	0	4461	47	136.249
HAL1M8	-0.915893213046833	0.004	2273	38	71.696
HAL1ME	-1.44916515681218	0	7554	84	229.362
Harlequin-int	-0.323209920863193	0.642	590	18	22.52
hAT-1_Mam	0.133812065796219	0.678	1483	50	45.571
hAT-16_Crp	1.67807190511264	0.262	23	2	0.625
hAT-4b_Ther	-2.85219864253357	0.038	235	1	7.221
hAT-5_Mam	-0.536890519853485	0.178	920	19	27.566
hAT-N1_Mam	0.296702385764962	0.634	240	9	7.327
hAT-N1a_Mam	-0.847395658352504	0.112	473	8	14.394
Helitron1Na_Mam	-2.36513259345253	0.03	332	2	10.304
Helitron1Nb_Mam	-Inf	0	361	0	10.672
Helitron2Na_Mam	-2.12311434890056	0.002	435	3	13.069
Helitron3Na_Mam	-0.763071576815481	0.042	1129	20	33.942
HERV-Fc1_LTR1	-Inf	1	17	0	0.416
HERV-Fc1_LTR2	-Inf	1	3	0	0.108
HERV-Fc1_LTR3	-Inf	1	5	0	0.159
HERV-Fc1-int	-Inf	1	6	0	0.246
HERV-Fc2_LTR	3.96578428466209	0.006	4	2	0.128
HERV-Fc2-int	-Inf	1	5	0	0.262
HERV1_I-int	-Inf	0.446	49	0	2.135
HERV1_LTRa	-Inf	0.87	27	0	0.867
HERV1_LTRb	-Inf	1	10	0	0.297
HERV1_LTRc	-Inf	0.704	34	0	1.103
HERV1_LTRd	0.86775220170156	0.86	16	1	0.548
HERV1_LTRe	-Inf	0.908	34	0	0.867
HERV15-int	2.05612193980351	0.012	122	13	3.126
HERV16-int	-2.49311162654111	0	1930	11	61.929
HERV17-int	-2.70854041575034	0	916	5	32.683
HERV3-int	0.103710534900632	0.882	322	11	10.237
HERV30-int	-0.402722176845605	1	72	2	2.644
HERV35I-int	-0.660907559879667	0.362	627	13	20.554
HERV4_I-int	-1.20851725980554	0.224	349	5	11.555
HERV9-int	-1.71307989891986	0.012	367	5	16.393
HERV9N-int	-2.20006486151431	0.044	229	2	9.19
HERV9NC-int	-1.20689323612177	0.11	257	5	11.542
HERVE_a-int	-Inf	0.004	190	0	7.559
HERVE-int	-1.15042969819421	0.208	284	5	11.099
HERVFH19-int	-1.9913177569002	0.36	114	1	3.976
HERVFH21-int	0.437190641517394	0.634	132	7	5.17
HERVH-int	1.1291067368547	0	5931	468	213.969
HERVH48-int	-0.345396375391268	0.966	124	4	5.082
HERVI-int	2.18647531070219	0	88	16	3.515
HERVIP10B3-int	1.60933231444033	0.002	248	28	9.177
HERVIP10F-int	0.199610355365622	0.746	327	14	12.191
HERVIP10FH-int	1.46136251482936	0	439	40	14.526
HERVK-int	-1.64570165857883	0.12	258	3	9.387
HERVK11-int	-0.487339338084243	0.67	286	7	9.813
HERVK11D-int	-Inf	0.438	43	0	1.885
HERVK13-int	-1.27441076931784	0.974	68	1	2.419
HERVK14-int	-0.866215634847651	0.348	440	8	14.583
HERVK14C-int	-Inf	0.322	81	0	2.864
HERVK22-int	0.511017660844428	0.318	449	22	15.438
HERVK3-int	-1.20100646605609	0.252	368	5	11.495
HERVK9-int	-2.14649230697719	0.004	722	6	26.565
HERVKC4-int	-1.09423606984577	0.94	65	1	2.135
HERVL-int	-2.56111225221208	0	2403	16	94.426
HERVL18-int	-1.54975130303364	0.144	507	6	17.566
HERVL32-int	-Inf	0.21	137	0	4.266
HERVL40-int	-0.380830177778569	0.432	1398	33	42.969
HERVL66-int	-0.252173413202027	1	141	3	3.573
HERVL74-int	-1.57022003262646	0.19	393	4	11.878
HERVP71A-int	-0.241687670742404	0.952	254	8	9.459
HERVS71-int	-Inf	0.022	188	0	7.861
HSAT4	-Inf	0.148	100	0	4.398
HSAT5	-0.58880456701555	0.874	279	4	6.016
HSAT6	-Inf	1	19	0	0.386
HSATI	-Inf	1	60	0	0.882
HSMAR1	-3.01137636348404	0	725	3	24.19
HSMAR2	-2.72801723588988	0	1829	9	59.629
HUERS-P1-int	-1.64092936096918	0.058	530	6	18.712
HUERS-P2-int	-0.880019361553795	0.392	267	5	9.202
HUERS-P3-int	-0.663625910441792	0.29	790	17	26.929
HUERS-P3b-int	-0.566084490515466	0.502	538	12	17.766
HY1	0.310832418199289	0.43	461	17	13.705
HY3	0.0996872251074263	0.852	576	17	15.865
HY4	0.523729421450564	0.438	164	7	4.869
HY5	-Inf	1	23	0	0.621
Kanga1	-1.48439596250267	0.004	818	9	25.182
Kanga11a	-1.03773362744651	0.02	895	13	26.689
Kanga1a	-1.01836026723673	0.012	852	13	26.333
Kanga1b	-0.751157630942934	0.28	382	7	11.782
Kanga1c	-0.377985849104119	0.338	834	19	24.691
Kanga1d	-0.671955247096932	0.172	686	13	20.712
Kanga2_a	-1.13326460212549	0	1568	22	48.258
L1HS	-3.50277612351447	0	1642	4	45.342
L1M	-0.574343753920013	0.144	778	15	22.335
L1M1	-2.86011030016847	0	10162	48	348.514
L1M2	-2.39091864444128	0	9331	57	298.96
L1M2a	-3.03500799380723	0.006	459	2	16.393
L1M2a1	-0.166072675946706	1	128	4	4.488
L1M2b	-1.81147103052984	0.12	213	2	7.02
L1M2c	-2.93357263826102	0.004	452	2	15.28
L1M3	-1.74093722345536	0	7486	67	223.949
L1M3a	-Inf	0	673	0	20.256
L1M3b	-3.21692042585688	0	589	2	18.596
L1M3c	-1.79018817029203	0.002	1090	10	34.586
L1M3d	-3.08133962745194	0.002	532	2	16.928
L1M3de	-3.95568477586932	0.004	498	1	15.516
L1M3e	-1.93292506061528	0.006	811	7	26.728
L1M3f	-1.29971356006424	0.036	694	10	24.618
L1M4	-1.48370906083509	0	20797	229	640.437
L1M4a1	-2.70971479561848	0	2713	13	85.045
L1M4a2	-1.67094821464309	0	2113	21	66.869
L1M4b	-1.82663061737157	0	4399	39	138.336
L1M4c	-3.18509804152778	0	3723	13	118.237
L1M5	-1.65432380907977	0	46104	443	1394.456
L1M6	-2.53255772522861	0	5437	29	167.793
L1M6B	-1.88531404408186	0	740	6	22.166
L1M7	-2.49691344552768	0	3102	17	95.961
L1M8	-1.04863860730869	0.006	1753	26	53.783
L1MA1	-3.10429006038513	0	4356	18	154.795
L1MA10	-2.05632562713446	0	5240	39	162.211
L1MA2	-2.64709492492873	0	7599	43	269.354
L1MA3	-2.17797456860237	0	9329	73	330.338
L1MA4	-2.70234725302712	0	10977	55	357.973
L1MA4A	-3.12705872840689	0	6355	25	218.413
L1MA5	-2.78003325525252	0	4601	22	151.111
L1MA5A	-1.88062865422204	0	3535	31	114.153
L1MA6	-2.98756605341743	0	5653	23	182.421
L1MA7	-2.42484975531817	0	8860	52	279.226
L1MA8	-2.31477881747159	0	11543	74	368.171
L1MA9	-2.43040303919481	0	17080	100	539.044
L1MB1	-3.09205235583457	0	6361	24	204.65
L1MB2	-1.1374679388668	0	9323	129	283.793
L1MB3	-0.898254185574199	0	18216	304	566.598
L1MB4	-1.24371294602759	0	9583	125	296.009
L1MB5	-0.555253237440082	0	10120	211	310.049
L1MB7	-0.753882751962767	0	23879	449	757.16
L1MB8	-0.910151597506736	0	17029	284	533.705
L1MC	-1.91628554634606	0	8093	64	241.568
L1MC1	-1.86144358052633	0	13334	121	439.679
L1MC2	-1.68512721245404	0	6531	64	205.804
L1MC3	-1.47606258225808	0	13567	156	433.974
L1MC4	-0.966783202832403	0	24233	383	748.565
L1MC4a	-0.938175137958693	0	10189	165	316.157
L1MC5	-0.86495998970289	0	14811	249	453.501
L1MC5a	-0.744998884077686	0	18323	333	558.099
L1MCa	-1.96377124367989	0	7351	61	237.949
L1MCb	-1.41323994713012	0	2184	26	69.247
L1MCc	-1.41794769630415	0	3320	39	104.21
L1MD	-1.9045207338642	0	8747	71	265.813
L1MD1	-1.55823042754023	0	7120	79	232.649
L1MD2	-1.46604935780934	0	11235	129	356.381
L1MD3	-0.955706150680842	0	5553	87	168.739
L1MDa	-2.63940113849973	0	7208	37	230.537
L1MDb	-3.95521979535127	0	1016	2	31.022
L1ME1	-1.73023367664656	0	32075	309	1025.205
L1ME2	-1.45727247546675	0	13123	151	414.629
L1ME2z	-0.971407172613428	0	7469	117	229.408
L1ME3	-0.999451473990886	0	9350	146	291.889
L1ME3A	-1.44018760478578	0	16176	187	507.436
L1ME3B	-1.55509920573472	0	8464	89	261.53
L1ME3C	-1.30823326763583	0	3352	42	104.008
L1ME3Cz	-1.66978591279124	0	14582	141	448.616
L1ME3D	-1.35504818801937	0	4406	53	135.577
L1ME3E	-1.14715638412155	0	4645	65	143.96
L1ME3F	-1.39904677178598	0	4641	55	145.05
L1ME3G	-0.947684982046589	0	19078	298	574.775
L1ME4a	-1.08643135003949	0	29875	426	904.603
L1ME4b	-0.668987068165969	0	25168	480	763.179
L1ME4c	-0.980926749916106	0	9612	146	288.165
L1ME5	-1.56980161171661	0	3487	36	106.871
L1MEa	-0.924226599007903	0.278	368	6	11.386
L1MEb	-1.67121343518303	0	1753	17	54.142
L1MEc	-2.23912726523637	0	18334	123	580.697
L1MEd	-1.88664028982323	0	17206	145	536.171
L1MEf	-2.11461882954475	0	11747	86	372.445
L1MEg	-2.30486010908504	0	13699	87	429.884
L1MEg1	-1.21167974730673	0.018	1034	14	32.425
L1MEg2	-1.56370727525784	0.01	761	8	23.649
L1MEh	-1.74997857689956	0	3089	28	94.179
L1MEi	-1.67641497590688	0	5382	52	166.209
L1MEj	-2.32577016118176	0	2432	15	75.2
L1P	-Inf	0.016	170	0	4.765
L1P1	-5.20466243053881	0	3334	3	110.632
L1P2	-3.94960496505707	0	1647	4	61.803
L1P3	-3.18303447534442	0	3541	13	118.068
L1P3b	-1.52205574916096	0.52	88	1	2.872
L1P4	-3.20365896733811	0	3933	13	119.768
L1P4a	-4.36632221424582	0	592	1	20.625
L1P4b	0.00723156923107605	1	158	5	4.975
L1P4c	-Inf	0.308	107	0	3.525
L1P4d	-Inf	0.026	162	0	5.658
L1P4e	-2.7266132708064	0.088	199	1	6.619
L1P5	-3.56144834178548	0	809	2	23.612
L1PA10	-2.8686472605359	0	7337	35	255.633
L1PA11	-2.52416014033864	0	4243	26	149.562
L1PA12	-3.34279176186401	0	1835	6	60.874
L1PA13	-3.40479415314769	0	9214	30	317.736
L1PA14	-2.74654119297278	0	3079	16	107.377
L1PA15	-3.39412617189773	0	8639	29	304.882
L1PA15-16	-3.16599230967975	0	1519	6	53.853
L1PA16	-2.56415775610798	0	14511	83	490.87
L1PA17	-2.55654295358628	0	4850	27	158.84
L1PA2	-3.59315688898042	0	5114	17	205.162
L1PA3	-4.07151162350414	0	11102	27	453.953
L1PA4	-3.4487478098026	0	12283	44	480.429
L1PA5	-3.07307324983252	0	11650	53	446.029
L1PA6	-3.41668213553145	0	6196	24	256.292
L1PA7	-3.17614391051276	0	13418	58	524.255
L1PA8	-2.80529245560071	0	8382	40	279.6
L1PA8A	-3.38795986350426	0	2467	9	94.215
L1PB	-3.87568178349211	0	1911	4	58.716
L1PB1	-3.09274808158189	0	13410	56	477.747
L1PB2	-2.14807110053889	0	2963	23	101.944
L1PB3	-3.17838457142408	0	3726	14	126.741
L1PB4	-2.29279906839209	0	7713	51	249.903
L1PBa	-2.01813562476543	0	2222	20	81.012
L1PBa1	-2.60549433385251	0	468	3	18.258
L1PBb	-3.62854031926276	0.002	336	1	12.368
L1PREC2	-3.13753426266339	0	8315	32	281.606
L2	-0.455320783940291	0	55157	1221	1674.098
L2-1_AMi	-1.03245353722596	0.004	949	14	28.637
L2-1_Crp	-Inf	0.602	42	0	1.201
L2-2_Mam	-0.462314127170419	0.308	557	12	16.533
L2-3_AMi	-Inf	1	11	0	0.392
L2-3_Crp	-1.41556939501292	0	1749	20	53.353
L2a	-0.232595486985217	0	170012	4402	5172.116
L2b	0.322423312645747	0	93700	3522	2816.633
L2c	-0.225930538395358	0	129292	3333	3898.048
L2d	-0.29048211153116	0	28368	695	850.019
L2d2	-0.301121429575187	0	53617	1297	1598.036
L3	-0.429773813627517	0	46112	1028	1384.739
L3b	-0.00485351140935333	0.974	9843	292	292.984
L4_A_Mam	-1.02015625722118	0	6659	101	204.842
L4_B_Mam	-1.02685063497047	0	3332	49	99.841
L4_C_Mam	-1.10506341609428	0	5094	72	154.878
L5	-0.642668569167276	0.134	745	14	21.857
LFSINE_Vert	0.137209319892943	0.438	2331	76	69.105
Looper	-1.52523367703304	0.064	559	6	17.27
LOR1-int	-2.51702367206458	0	1421	8	45.792
LOR1a	-2.3832757397635	0	852	5	26.086
LOR1b	-2.55491623468032	0	1133	6	35.258
LSAU	-1.3305584000308	0.744	143	1	2.515
LSU-rRNA_Hsa	-0.0674092623952152	1	454	12	12.574
LTR06	-Inf	0.172	104	0	2.922
LTR1	-0.612588406698718	0.488	252	5	7.645
LTR101_Mam	-1.85183897284934	0	1176	10	36.096
LTR102_Mam	-1.05528243550119	0.096	528	8	16.625
LTR103_Mam	-1.32564225701563	0.004	762	9	22.558
LTR103b_Mam	-2.22504351240496	0	621	4	18.701
LTR104_Mam	-1.21436395911069	0	1986	26	60.33
LTR105_Mam	-1.57821416547245	0.006	682	7	20.902
LTR106_Mam	-1.34426039498542	0.01	664	8	20.312
LTR107_Mam	-0.895080992169204	0.186	427	7	13.018
LTR108a_Mam	-Inf	0.234	86	0	2.428
LTR108b_Mam	-Inf	0.57	54	0	1.616
LTR108c_Mam	0.536377543148107	0.766	44	2	1.379
LTR108d_Mam	-Inf	0.348	67	0	1.972
LTR108e_Mam	-1.43429461795993	0.238	182	2	5.405
LTR109A2	-Inf	1	27	0	0.788
LTR10A	1.31631252748045	0.014	327	25	10.039
LTR10B	1.19154630024961	0.112	82	6	2.627
LTR10B1	2.02834358478882	0	171	22	5.393
LTR10B2	2.60515663846914	0	107	20	3.287
LTR10C	1.27868603231947	0	539	41	16.899
LTR10D	1.44352970979186	0.002	182	15	5.515
LTR10E	1.49622386295087	0	293	25	8.862
LTR10F	0.580332703427087	0.15	450	21	14.045
LTR10G	2.00346662971978	0	131	15	3.741
LTR12	-2.14475339979057	0	791	6	26.533
LTR12_	-2.60975496217244	0	557	3	18.312
LTR12B	-1.07290612266968	0.288	178	3	6.311
LTR12C	-1.23221048382347	0	2781	45	105.717
LTR12D	-2.05024047373097	0.002	502	4	16.567
LTR12E	-1.95828590092326	0.222	115	1	3.886
LTR12F	-0.508283759989716	0.26	653	14	19.913
LTR13	-0.931052646282509	0.056	524	9	17.16
LTR13_	-0.709290635723358	1	48	1	1.635
LTR13A	0.825167504963643	0.128	210	12	6.773
LTR14	0.012072832300575	1	96	3	2.975
LTR14A	-1.06246714350071	0.454	144	2	4.177
LTR14B	-0.575070247451549	0.356	368	8	11.918
LTR14C	0.0781828601533785	1	137	4	3.789
LTR15	-1.05762355847813	0.206	311	4	8.326
LTR16	-1.15517688406101	0	3080	43	95.766
LTR16A	-1.20864867972692	0	4295	57	131.739
LTR16A1	-1.39788850813076	0	2734	32	84.325
LTR16A2	-1.73839909035175	0	1849	17	56.723
LTR16B	-2.85539177160777	0	702	3	21.711
LTR16B1	-1.76803992772199	0.002	1203	11	37.465
LTR16B2	-1.52670875432083	0	1681	18	51.863
LTR16C	-1.71118021692458	0	6765	63	206.28
LTR16D	-1.79713752167239	0	1137	10	34.753
LTR16D1	-Inf	0.008	214	0	6.569
LTR16D2	-3.26738597772062	0	314	1	9.629
LTR16E1	-2.0356424294455	0	2540	19	77.901
LTR16E2	-1.9335130051035	0	2368	19	72.577
LTR17	-0.654537379340545	0.064	855	18	28.334
LTR18A	-2.64777499312618	0.062	198	1	6.267
LTR18B	0.576212692985733	0.202	371	18	12.073
LTR18C	-Inf	0.222	77	0	2.383
LTR19-int	-0.741143354955316	0.644	229	4	6.686
LTR19A	-1.41316077559081	0.024	457	5	13.316
LTR19B	-0.066950243924627	1	287	8	8.38
LTR19C	-0.100977647724821	1	140	4	4.29
LTR1A1	-2.02455608969015	0.006	367	3	12.206
LTR1A2	-0.655555369109631	0.094	851	18	28.354
LTR1B	-1.93709324843981	0.018	349	3	11.488
LTR1B0	-Inf	0.074	92	0	3.15
LTR1B1	-0.961005868384136	0.398	174	3	5.84
LTR1C	0.499537844468478	0.698	64	3	2.122
LTR1C1	-1.21785109681113	0.696	72	1	2.326
LTR1C3	0.723404081149128	0.566	65	3	1.817
LTR1D	-0.243804462662724	0.766	306	9	10.657
LTR1D1	-0.167500662840376	0.902	310	9	10.108
LTR1E	-1.04795710739665	0.088	300	5	10.338
LTR1F	-0.593592805864596	0.706	136	3	4.527
LTR1F1	-2.89801481906676	0.014	234	1	7.454
LTR1F2	-0.592636428606577	0.724	137	3	4.524
LTR2	0.306450915356301	0.278	897	35	28.302
LTR21A	1.02620507034739	0.176	94	6	2.946
LTR21B	-0.18269229751619	1	36	1	1.135
LTR21C	-Inf	1	22	0	0.7
LTR22	0.592919224549499	0.546	109	4	2.652
LTR22A	-0.803227036434928	0.518	170	3	5.235
LTR22B	-2.00863030514344	0.218	154	1	4.024
LTR22B1	-0.00633393372205064	1	156	5	5.022
LTR22B2	-0.331131922217202	1	39	1	1.258
LTR22C	-Inf	1	17	0	0.554
LTR22C0	-0.843983844048327	0.628	113	2	3.59
LTR22C2	-1.20539251298968	0.642	82	1	2.306
LTR22E	-Inf	0.078	118	0	3.535
LTR23	1.20939475733339	0	878	60	25.947
LTR23-int	0.2966461293781	0.712	203	7	5.699
LTR24	0.421117008421973	0.444	314	13	9.709
LTR24B	0.383119568463409	0.408	462	18	13.802
LTR24C	1.04344766126048	0.014	377	24	11.644
LTR25	-1.71369581484336	0.132	315	2	6.56
LTR25-int	-4.18308946064076	0	622	1	18.165
LTR26	-1.65619124814113	0.006	610	6	18.911
LTR26B	-1.14893410452634	0.474	137	2	4.435
LTR26C	0.845258386748021	0.09	316	18	10.019
LTR26D	0.994240730711315	0.094	229	14	7.028
LTR26E	1.24240775524384	0.074	124	9	3.804
LTR27	0.161384329739359	0.786	322	12	10.73
LTR2752	-0.212702730283649	0.88	233	7	8.112
LTR27B	0.0144995696951152	1	151	5	4.95
LTR27C	-0.337996463515016	0.966	119	3	3.792
LTR27D	-Inf	0	272	0	8.477
LTR27E	-0.54022570059554	0.588	222	5	7.271
LTR28	-1.23572705983806	0.344	140	2	4.71
LTR28B	-1.15623479785027	0.162	264	4	8.915
LTR28C	0.426043858935862	0.45	228	10	7.443
LTR29	1.20781738956665	0	730	52	22.512
LTR2B	0.8092354472585	0.034	354	19	10.843
LTR2C	-0.805209895582326	0.36	313	5	8.737
LTR3	-Inf	0.102	97	0	3.116
LTR30	-0.600586933908411	0.696	149	3	4.549
LTR31	-0.664482840364683	0.454	251	5	7.925
LTR32	-0.405842168900292	0.28	1235	29	38.421
LTR33	-0.977134620130645	0	9406	145	285.44
LTR33A	-0.832836728045292	0.004	2229	38	67.685
LTR33A_	-1.10744684212142	0	1779	25	53.866
LTR33B	-2.44292875559421	0	1635	9	48.937
LTR33C	-2.27416224732089	0	944	6	29.023
LTR34	1.57020730811232	0	271	25	8.419
LTR35	0.680767452483282	0.436	117	6	3.743
LTR35A	1.37894449670026	0.072	95	8	3.076
LTR35B	-0.343692069179019	0.862	206	5	6.345
LTR36	0.682603305716517	0.096	505	25	15.576
LTR37-int	-2.26663664251399	0	1395	9	43.308
LTR37A	-0.287070341289303	0.226	2029	50	61.008
LTR37B	-0.963081028507605	0	2097	32	62.383
LTR38	-1.40181247567359	0.134	258	3	7.927
LTR38-int	0.180331816503544	0.892	116	4	3.53
LTR38A1	0.558213018777256	0.424	164	7	4.754
LTR38B	-0.303537234792967	0.824	236	6	7.405
LTR38C	0.00795672382834308	1	132	4	3.978
LTR39	-0.157265503992623	0.728	1297	35	39.031
LTR39-int	-2.51475349843975	0.13	197	1	5.715
LTR3A	-2.42088657497553	0.1	179	1	5.355
LTR3B	-1.24184018356467	0.664	90	1	2.365
LTR3B_	-2.10701824988212	0.06	276	2	8.616
LTR4	-1.39725534559443	0.58	107	1	2.634
LTR40a	-2.17154998036264	0	2032	14	63.071
LTR40A1	-1.34636936146146	0.032	580	7	17.799
LTR40b	-1.23196482114138	0	1142	15	35.233
LTR40c	-1.22048474218091	0.012	610	8	18.642
LTR41	-0.398634130031231	0.288	1199	27	35.593
LTR41B	-0.687956494044482	0.138	868	16	25.776
LTR41C	-0.0901759497902069	0.892	766	22	23.419
LTR42	-0.24786001735988	0.766	338	9	10.687
LTR43	-0.777156666004501	0.244	470	8	13.71
LTR43-int	-Inf	0.264	182	0	5.087
LTR43B	-1.91015700383547	0.082	250	2	7.517
LTR44	-1.23654364117634	0.266	233	3	7.069
LTR45	-0.0973411087967018	1	177	5	5.349
LTR45B	-0.887525270741587	0.176	448	7	12.95
LTR45C	-0.895080992169204	0.226	473	7	13.018
LTR46	-0.135816270569771	1	260	7	7.691
LTR46-int	-Inf	0.318	82	0	3.096
LTR47A	-0.952401344671401	0.052	696	11	21.286
LTR47A2	-1.12167855658825	0.288	287	4	8.704
LTR47B	-Inf	0.604	43	0	1.321
LTR47B2	0.172451929471351	0.896	175	6	5.324
LTR47B3	-0.242450073677701	1	122	3	3.549
LTR47B4	-1.65901117119815	0.434	105	1	3.158
LTR48	0.176442436427039	0.596	1009	34	30.086
LTR48B	0.483984852996335	0.076	1026	44	31.46
LTR49	1.33677317890359	0	1584	116	45.925
LTR49-int	-0.210710616288813	0.54	2333	62	71.75
LTR5	0.465938397578882	0.868	25	1	0.724
LTR5_Hs	1.70633120759562	0	701	73	22.37
LTR50	-0.872040724534607	0	2597	44	80.531
LTR51	-1.34482849699744	0.056	416	5	12.7
LTR52	-2.49863383307648	0	1109	6	33.909
LTR52-int	-Inf	0.088	176	0	5.204
LTR53	-0.745691502175119	0.136	516	9	15.091
LTR53-int	-2.57082720196369	0.03	354	2	11.883
LTR53B	-2.5491762786681	0.052	198	1	5.853
LTR54	0.375155653128659	0.192	1137	45	34.696
LTR54B	-0.407896548749527	0.326	884	20	26.535
LTR55	-0.88037767270174	0.178	425	7	12.886
LTR56	0.531689481526819	0.084	1050	43	29.745
LTR57	-2.09322211053902	0.02	282	2	8.534
LTR57-int	-2.0319832593175	0.026	387	3	12.269
LTR58	0.324334592594458	0.838	76	3	2.396
LTR59	0.490456162039664	0.602	116	5	3.559
LTR5A	-1.59836520532364	0.048	306	3	9.084
LTR5B	0.603840510926845	0.104	469	23	15.134
LTR60	-Inf	0.764	38	0	1.065
LTR60B	-1.94990839795332	0.098	254	2	7.727
LTR61	-0.823749360308273	0.532	200	3	5.31
LTR62	1.01811256243904	0.02	326	21	10.369
LTR64	0.280660076515628	0.616	384	14	11.525
LTR65	0.305689323044713	0.518	477	18	14.563
LTR66	-0.0824548738349827	1	435	11	11.647
LTR67B	-1.67370716794733	0	3787	36	114.852
LTR68	-0.832147383508891	0.236	356	6	10.682
LTR69	-2.21007709890321	0.146	147	1	4.627
LTR6A	1.1643992549807	0	329	20	8.923
LTR6B	0.821692582203042	0.17	163	9	5.092
LTR7	2.03101693916747	0	2427	315	77.075
LTR70	-2.32883646422954	0.168	162	1	5.024
LTR71A	-0.432424976804764	0.788	170	4	5.398
LTR71B	-0.389933863040851	0.784	251	6	7.862
LTR72	0.640478829572405	0.332	161	8	5.132
LTR72B	-2.35586200632929	0.144	163	1	5.119
LTR73	-0.224657734120738	0.946	229	6	7.011
LTR75	-0.243516761372054	0.848	311	8	9.471
LTR75_1	-0.449957483628003	0.886	130	3	4.098
LTR75B	0.529072742524873	0.396	204	9	6.237
LTR76	-0.875517969318855	0.432	207	3	5.504
LTR77	-Inf	0.104	105	0	3.333
LTR78	-1.56653343871915	0	4897	51	151.058
LTR78B	-1.89931887578082	0	3301	27	100.72
LTR79	-1.6296830111248	0	4095	40	123.778
LTR7B	0.303250764403137	0.338	888	33	26.744
LTR7C	-0.202748557026449	0.944	332	9	10.358
LTR7Y	1.49152524834715	0	258	22	7.824
LTR8	0.677337629073504	0	3504	176	110.056
LTR80A	-Inf	0	401	0	12.269
LTR80B	-3.94626298433245	0	513	1	15.415
LTR81	-3.31266517355839	0.004	336	1	9.936
LTR81A	-0.686388468847624	0.102	853	16	25.748
LTR81AB	-2.02272289426108	0.046	275	2	8.127
LTR81B	-0.893750501720566	0.02	1161	19	35.302
LTR81C	-1.16652264432811	0.016	739	10	22.447
LTR82A	-0.952596687844223	0.012	1049	17	32.901
LTR82B	-0.0867837661420665	0.864	1162	34	36.108
LTR83	-2.92694824794977	0	736	3	22.815
LTR84a	-0.95504221779363	0.076	702	11	21.325
LTR84b	-1.05935527761642	0.002	1302	19	39.596
LTR85a	-1.30232540936071	0	1893	23	56.724
LTR85b	-1.0198995574377	0.008	1200	18	36.5
LTR85c	-1.07297335641768	0.002	1186	17	35.764
LTR86A1	-1.26269086611533	0.024	554	7	16.796
LTR86A2	-0.198965545586061	0.876	308	8	9.183
LTR86B1	-0.614788355994681	0.454	302	6	9.188
LTR86B2	-3.09895848008817	0.004	285	1	8.568
LTR86C	-0.374065718222538	0.702	301	7	9.072
LTR87	-1.14743695881748	0.022	718	10	22.152
LTR88a	-1.62027359712869	0	912	9	27.669
LTR88b	-1.03292366188703	0	1640	24	49.108
LTR88c	-1.6657565826794	0	1044	10	31.728
LTR89	-1.60363983120538	0	1101	11	33.43
LTR89B	-1.70126387985496	0.002	749	7	22.763
LTR8A	1.12141255386053	0	1481	101	46.424
LTR8B	-0.678891385419186	0.024	1644	33	52.83
LTR9	-0.454785431918911	0.278	850	19	26.041
LTR90A	-0.627373373440915	0.306	407	8	12.358
LTR90B	-0.694835630101976	0.188	536	10	16.187
LTR91	-1.35975788153865	0	1592	19	48.762
LTR91A	-2.64347141979221	0	2468	12	74.98
LTR9A1	0.823768424618702	0.028	491	28	15.819
LTR9B	0.968403155105661	0	709	42	21.465
LTR9C	2.15762451179371	0	172	24	5.379
LTR9D	0.786171344713037	0.01	755	42	24.355
MADE1	-1.77095960076231	0	8005	68	232.071
MADE2	-0.633599880770607	0	2711	51	79.123
Mam_R4	-0.54399071966485	0.264	564	12	17.496
MamGyp-int	-Inf	0	695	0	21
MamGypLTR1a	-1.75253452581717	0	1103	10	33.695
MamGypLTR1b	-1.74177093770234	0	1224	11	36.789
MamGypLTR1c	-1.21929761491358	0.002	1168	15	34.925
MamGypLTR1d	-0.564073255736942	0.218	777	16	23.655
MamGypLTR2b	-2.71364083303955	0	879	4	26.239
MamGypLTR2c	-1.98563704268517	0	1055	8	31.683
MamGypLTR3	-0.878136766626948	0.07	680	11	20.218
MamGypLTR3a	-1.42639000650875	0	1350	15	40.316
MamGypLTR4	-0.670516651188165	0.164	724	14	22.283
MamGypsy2-I	-1.28220459438204	0	2302	29	70.531
MamGypsy2-LTR	-1.5880582994736	0	916	9	27.058
MamRep1151	-1.5888414603409	0	1278	13	39.105
MamRep137	-0.326575696780745	0.136	2500	60	75.242
MamRep1527	-1.82844694980857	0	1314	11	39.067
MamRep1879	0.0360434499912291	0.91	1507	46	44.865
MamRep1894	-1.37288246809252	0.002	709	8	20.719
MamRep38	-0.459408809049223	0.036	2167	46	63.249
MamRep4096	-0.228263656196005	0.496	1282	33	38.657
MamRep434	-0.311838420602501	0.154	2142	52	64.547
MamRep488	-0.426923424887859	0.4	503	11	14.788
MamRep564	-1.00528020734143	0.016	804	12	24.088
MamRep605	-0.888546761990616	0	3594	58	107.376
MamRep605b	-0.741514646914956	0	2391	43	71.893
MamRTE1	-0.278938457140777	0.002	9028	222	269.353
MamRTE2	-Inf	0.504	49	0	1.459
MamSINE1	-0.234125218436665	0.044	5945	150	176.429
MamTip1	0.15694383471532	0.652	774	26	23.32
MamTip1b	-0.592742724059997	0.306	460	9	13.573
MamTip2	-0.219164504005052	0.088	5279	135	157.148
MamTip2b	-0.729033637725816	0	6841	123	203.876
MamTip3	-0.516902686275513	0.12	1176	25	35.772
MamTip3B	-0.819025804751208	0.082	836	14	24.699
MARE10	0.267079617891743	0.878	81	3	2.493
MARE11	-Inf	1	13	0	0.403
MARE4	0.264084020315078	0.632	312	11	9.16
MARE6	0.0788175977415527	0.962	187	6	5.681
MARE8	-0.102546159999572	1	218	6	6.442
MARE9	0.836501267717121	0.866	29	1	0.56
MARNA	-0.80475948502184	0	3187	55	96.077
MER101	-0.712312778836114	0.332	370	7	11.469
MER101-int	-4.20590074510744	0	1253	2	36.909
MER101B	-0.236339539168374	0.894	269	7	8.246
MER102a	0.202039506043333	0.202	3088	106	92.148
MER102b	0.484406535127452	0.002	3205	134	95.782
MER102c	-0.115875147374435	0.516	3172	87	94.276
MER103C	-0.510727445628777	0	9080	190	270.706
MER104	-0.568994121287388	0.016	2260	45	66.757
MER105	0.143744637459043	0.712	730	24	21.724
MER106A	-0.895755008520306	0.034	740	12	22.327
MER106B	-0.522528453962339	0.222	834	17	24.42
MER107	-0.0731347046302153	0.764	361	10	10.52
MER110	-2.02355107743015	0	802	6	24.395
MER110-int	-3.68717269447643	0.004	412	1	12.881
MER110A	-0.365729859054473	0.516	633	15	19.328
MER112	-0.0109654506576354	1	4569	135	136.03
MER113	-0.319090095945941	0.086	3816	92	114.774
MER113A	-0.255826072709902	0.266	2109	52	62.089
MER115	-0.205300506137687	0.358	2559	68	78.399
MER117	-0.231889084828687	0.108	4434	113	132.704
MER119	-0.506242573094994	0.176	1221	26	36.929
MER11A	-3.10332977711185	0	992	4	34.376
MER11B	-0.0871610695521436	0.962	562	18	19.121
MER11C	0.441195931029215	0.062	885	42	30.934
MER11D	-1.59088142198155	0.048	267	3	9.037
MER121	-1.23909248294191	0.002	941	12	28.326
MER121B	-0.0894981508391025	1	70	2	2.128
MER123	-0.535057594894842	1	48	1	1.449
MER124	-0.926252500749818	0.03	765	12	22.804
MER125	-0.483708309943942	0.788	138	3	4.195
MER126	0.864946765638351	0.062	276	15	8.236
MER127	-0.687060688339892	0.484	213	4	6.44
MER129	-1.92371967874939	0.208	125	1	3.794
MER130	-2.40762467556661	0.064	181	1	5.306
MER131	-0.0282155071304359	0.976	1137	32	32.632
MER132	0.898349923905565	0.574	37	2	1.073
MER133A	-0.732920382108257	1	54	1	1.662
MER133B	-Inf	0.582	41	0	1.243
MER134	-1.43189034828618	0.476	90	1	2.698
MER135	-0.531186947341413	0.194	822	17	24.567
MER136	-Inf	0.812	29	0	0.894
MER1A	-1.57700577689281	0	3307	34	101.439
MER1B	-0.766854255867153	0	5525	99	168.454
MER2	-0.532620583284334	0	9338	193	279.185
MER20	0.0534908764215538	0.446	17280	530	510.709
MER20B	-0.61605517121201	0	4240	84	128.745
MER21-int	-0.46821836153495	0.342	1094	25	34.585
MER21A	0.0240594626741679	0.946	2062	65	63.925
MER21B	0.0081501599618932	0.988	2871	90	89.493
MER21C	0.114419502994373	0.398	5724	191	176.437
MER2B	-1.11973396127984	0	2101	29	63.019
MER3	-0.00355630731194516	1	11144	329	329.812
MER30	-0.0428151412967993	0.832	4256	123	126.705
MER30B	-0.762561430048889	0.434	255	4	6.786
MER31-int	-1.81385300358287	0.002	1194	10	35.158
MER31A	0.40095431023334	0.064	1379	56	42.412
MER31B	-0.327532010162987	0.234	1525	37	46.43
MER33	-0.127751532610078	0.256	9845	268	292.814
MER34	-0.0811298266748819	0.86	1355	39	41.256
MER34-int	-0.531402255970628	0.578	423	9	13.008
MER34A	0.257860484702635	0.326	1513	55	45.998
MER34A1	0.412998765662851	0.24	804	33	24.785
MER34B	0.476489955942881	0.204	668	29	20.843
MER34B-int	-1.69703241708197	0.046	641	6	19.454
MER34C	0.568703915857366	0.364	206	9	6.068
MER34C_	1.35447568779822	0	685	52	20.336
MER34C2	1.04470627464974	0.06	613	39	18.905
MER34D	0.816037165157405	0.116	254	14	7.952
MER39	0.256290137616844	0.142	3390	126	105.492
MER39B	0.402685314986099	0.15	1222	49	37.066
MER4-int	-0.207021132556872	0.518	3127	86	99.27
MER41-int	-1.79640231325946	0	1776	17	59.05
MER41A	0.909354991254087	0	2640	156	83.058
MER41B	0.366496634648824	0.034	2941	116	89.977
MER41C	0.19319478076516	0.558	863	30	26.24
MER41D	-0.0266483218245938	1	488	14	14.261
MER41E	0.986424050721124	0.024	365	22	11.104
MER41G	-0.847596102262641	0.744	120	2	3.599
MER44A	-0.614277952388057	0.006	2404	48	73.478
MER44B	-0.561779601952422	0.016	2176	45	66.424
MER44C	-0.71085401148853	0.034	1126	22	36.009
MER44D	-2.35282913289778	0	657	4	20.433
MER45A	-0.121391454456932	0.488	3563	97	105.515
MER45B	-0.979938225667027	0.016	1331	21	41.42
MER45C	-0.26055021229552	0.496	1235	31	37.136
MER45R	-0.742149970025929	0.156	661	12	20.072
MER46C	-0.000285155720364306	1	2870	86	86.017
MER47A	-0.46011888327131	0.018	2639	58	79.788
MER47B	-1.10396382222618	0.02	623	9	19.345
MER47C	-0.279393094433462	0.53	791	19	23.06
MER48	-0.329984649758421	0.842	196	5	6.285
MER49	-0.416738425501334	0.246	1428	32	42.717
MER4A	0.844039344710812	0.004	890	49	27.297
MER4A1	0.469117720334095	0.012	2314	96	69.351
MER4A1_	0.0106932796475365	1	416	13	12.904
MER4B	0.858541049832965	0	1788	100	55.151
MER4B-int	-0.233637105769988	0.596	1620	44	51.735
MER4C	1.07184237238772	0	697	45	21.407
MER4CL34	1.09169532572185	0	933	62	29.091
MER4D	1.31016918498707	0	1373	106	42.747
MER4D0	1.0439433475876	0.012	457	29	14.065
MER4D1	1.40911735936905	0	1595	131	49.327
MER4E	0.292566604717039	0.394	746	29	23.677
MER4E1	0.839211047438771	0	1092	59	32.978
MER50	-0.0330176684383437	0.894	2591	80	81.852
MER50-int	-1.92067441104162	0.022	555	5	18.93
MER50B	-1.09443877621908	0.018	700	10	21.353
MER50C	0.15789274551037	0.962	83	3	2.689
MER51-int	0.501062507895092	0.32	621	29	20.491
MER51A	0.459264172680566	0.11	955	42	30.549
MER51B	1.18243291860818	0	725	51	22.471
MER51C	-1.00551975819975	0.388	192	3	6.023
MER51D	-0.692724753013087	0.646	171	3	4.849
MER51E	-1.93073733756289	0.072	242	2	7.625
MER52-int	-2.0830431287018	0.02	501	4	16.948
MER52A	-1.0675285832793	0	1465	25	52.396
MER52C	-0.249086725912782	0.734	399	11	13.073
MER52D	0.786832206317993	0	664	39	22.605
MER53	-0.577875918680885	0	6020	120	179.118
MER54A	-0.815386251900408	0.09	774	13	22.877
MER54B	-0.30397995583271	0.694	438	11	13.58
MER57-int	-3.84562385993104	0	1366	3	43.129
MER57A-int	-0.847699176859059	0.024	1976	35	62.987
MER57A1	-0.733831544252157	0.036	1093	20	33.261
MER57B1	-0.900903735956138	0.014	1033	17	31.743
MER57B2	-0.331377647662635	0.32	1145	28	35.23
MER57C1	-Inf	0.014	195	0	5.859
MER57C2	-2.85768247561603	0	472	2	14.497
MER57D	-2.23888874123264	0.004	464	3	14.161
MER57E1	-0.401084301505006	0.482	512	12	15.846
MER57E2	-0.235114320376357	1	80	2	2.354
MER57E3	2.14321345371192	0	277	32	7.244
MER57F	-1.05646792317051	0.136	424	6	12.479
MER58A	-0.405589682773085	0.002	13824	311	411.96
MER58B	0.0135418690470454	0.888	7134	216	213.982
MER58C	0.142213382655082	0.434	2642	86	77.927
MER58D	-0.53131907235479	0.098	1174	24	34.686
MER5A	0.135241711648483	0.008	35585	1158	1054.379
MER5A1	-0.0379538678184032	0.616	16237	469	481.502
MER5B	-0.0236659851509681	0.732	25480	738	750.206
MER5C	-0.31751457321979	0.298	1374	33	41.124
MER5C1	-1.18745105402733	0.014	627	8	18.22
MER6	-1.10372142611413	0.016	826	12	25.789
MER61-int	-0.552236526034759	0.19	1202	28	41.058
MER61A	-0.25810250241345	0.508	813	21	25.114
MER61B	-0.124328135002202	0.928	435	12	13.08
MER61C	0.0448360123830491	0.986	316	10	9.694
MER61D	0.4262729518563	0.446	269	11	8.186
MER61E	0.272442533246211	0.652	320	12	9.935
MER61F	-0.351345641722454	0.876	167	4	5.103
MER63A	-0.92709135050258	0	3616	57	108.382
MER63B	-0.918914597404419	0	2472	39	73.737
MER63C	-1.83182658387532	0	904	8	28.479
MER63D	-0.0702794040816082	0.844	1752	50	52.496
MER65-int	-1.39872922381281	0.016	1092	13	34.277
MER65A	-0.482041541985603	0.116	1485	32	44.695
MER65B	-0.674686619927999	0.56	211	4	6.385
MER65C	-0.561832348307771	0.226	700	14	20.666
MER65D	-0.353271957922987	0.636	525	11	14.052
MER66-int	-3.10679497432014	0.004	794	3	25.844
MER66A	-1.0100636833447	0.15	340	5	10.07
MER66B	-0.414250360017221	0.128	1486	33	43.976
MER66C	-1.38246963682241	0.01	603	7	18.25
MER66D	-0.180511626929617	1	249	7	7.933
MER67A	-1.25055740066578	0.092	481	6	14.276
MER67B	1.1383694005635	0.002	498	33	14.991
MER67C	-0.113728277221411	0.698	1703	48	51.937
MER67D	-0.196966683892489	0.616	1055	28	32.096
MER68	-0.386994834693852	0.166	1529	36	47.076
MER68-int	0.185938681866807	0.752	402	13	11.428
MER68B	-0.183669733218137	0.792	475	13	14.765
MER68C	-2.28894910458459	0.164	165	1	4.887
MER6A	-0.650195595391126	0.058	1034	21	32.957
MER6B	-0.375387026828883	0.38	693	16	20.755
MER6C	-2.03913839390696	0.232	168	1	4.11
MER70-int	-Inf	0.01	263	0	8.399
MER70A	-2.06583077417367	0.004	542	4	16.747
MER70B	-2.60017458578966	0	995	5	30.318
MER70C	-1.11403380055027	0.206	279	4	8.658
MER72	-0.504695160875021	0.246	793	17	24.12
MER72B	-1.10880321149663	0.344	198	3	6.47
MER73	-0.339788935135419	0.764	288	7	8.859
MER74A	-0.225619296439555	0.41	1625	43	50.279
MER74B	-0.239373599258007	0.546	958	25	29.512
MER74C	-1.88244741643173	0.058	234	2	7.374
MER75	-2.95084163754915	0	485	2	15.464
MER75A	-Inf	0.144	92	0	2.659
MER75B	-0.257010618206024	1	124	3	3.585
MER76	-1.12895322038601	0.024	728	10	21.87
MER76-int	-2.31527638701493	0.318	155	1	4.977
MER77	-0.823111329027487	0.014	1373	23	40.692
MER77B	-1.03195974139754	0.002	1318	20	40.896
MER8	-0.759460231953293	0	2006	35	59.25
MER81	-0.23683986691429	0.12	3748	93	109.592
MER83	-0.546686842746082	0.364	516	11	16.068
MER83A-int	-1.78324709737812	0.522	105	1	3.442
MER83B	-0.555161723187914	0.778	150	3	4.408
MER83B-int	-2.2147465226824	0.076	277	2	9.284
MER83C	-0.23786960086751	0.996	156	4	4.717
MER84	0.335647196594339	0.524	364	14	11.094
MER84-int	-1.11769504266975	0.588	143	2	4.34
MER85	-1.32381547874082	0	929	11	27.536
MER87	-1.32019582126613	0.322	166	2	4.994
MER87B	-2.68099940717571	0.058	211	1	6.413
MER88	-0.208309153776927	1	113	3	3.466
MER89	-0.0524158941511387	0.94	1436	42	43.554
MER89-int	-3.45667475025585	0	789	2	21.958
MER90	-0.375636426097764	0.422	727	17	22.056
MER90a	-0.577321914735842	0.104	1265	26	38.794
MER91A	0.171104270694038	0.24	3694	123	109.244
MER91B	0.417161648061783	0.034	1476	58	43.436
MER91C	-0.443547716650921	0.066	1665	36	48.958
MER92-int	-2.2967510558642	0	1020	6	29.481
MER92A	-0.216610068742442	1	156	4	4.648
MER92B	-0.581904142405164	0.196	832	17	25.446
MER92C	-0.927517246198476	0.654	125	2	3.804
MER92D	0.0222229067416173	1	226	7	6.893
MER94	-0.52052785370995	0	4852	100	143.448
MER94B	0.122648373550737	0.766	634	20	18.37
MER95	-Inf	0.056	141	0	4.201
MER96	-0.16285452819051	0.592	1291	34	38.063
MER96B	-0.463448081431256	0.05	2245	48	66.184
MER97a	-2.11819358383957	0.07	280	2	8.683
MER97b	-0.47534433714261	0.878	181	4	5.561
MER97c	-2.73747044908606	0.068	211	1	6.669
MER97d	0.193634693877545	0.866	138	5	4.372
MER99	-1.61274565723469	0.124	301	3	9.175
MER9a1	-3.53804145333366	0	351	1	11.616
MER9a2	-Inf	0.002	322	0	9.654
MER9a3	-2.22681676504987	0	595	4	18.724
MER9B	0.714301874041875	0.664	39	2	1.219
Merlin1_HS	-Inf	0.622	56	0	1.771
MERX	-0.913251888594784	0.178	442	7	13.183
MIR	0.0719831642936813	0.002	177613	5562	5291.294
MIR1_Amn	1.00722541672044	0	12053	707	351.734
MIR3	0.503812830877593	0	89786	3751	2645.357
MIRb	0.241132799962376	0	228856	8041	6803.335
MIRc	0.33360023772533	0	103104	3836	3044.072
MLT-int	-1.66607484262069	0.018	417	4	12.694
MLT1-int	-2.00090140274153	0.086	267	2	8.005
MLT1A	-1.3375130986314	0	9313	111	280.514
MLT1A-int	-1.03572444246766	0.164	448	7	14.351
MLT1A0	-1.66738458549428	0	21288	204	647.982
MLT1A0-int	-2.6463931012189	0	953	5	31.305
MLT1A1	-1.76764113046344	0	6913	62	211.108
MLT1A1-int	-3.98741182744001	0	462	1	15.861
MLT1B	-1.02640925602219	0	18094	270	549.976
MLT1B-int	-Inf	0	567	0	17.949
MLT1C	-0.979561065115017	0	6716	104	205.074
MLT1C-int	-2.05415387176271	0.336	130	1	4.153
MLT1C2	-0.666345554458956	0	16393	314	498.333
MLT1C2-int	-1.43903796284271	0.074	436	5	13.557
MLT1D	-1.11955154942852	0	19733	277	601.864
MLT1D-int	-1.07625503379092	0.074	598	9	18.977
MLT1E	-1.65004967110551	0	922	9	28.246
MLT1E-int	-Inf	1	12	0	0.378
MLT1E1	-1.44603561745074	0	1065	12	32.695
MLT1E1-int	-Inf	0.9	45	0	1.159
MLT1E1A	-1.65257422484586	0	3422	34	106.894
MLT1E1A-int	-Inf	0.258	84	0	2.536
MLT1E2	-1.67627869338321	0	4091	40	127.841
MLT1E2-int	-2.04194382997017	0.292	128	1	4.118
MLT1E3	-1.59416177718506	0	2066	21	63.403
MLT1E3-int	-1.07382023329167	0.918	74	1	2.105
MLT1F	-1.66973348552244	0	4411	43	136.807
MLT1F-int	-3.05258978615893	0	530	2	16.594
MLT1F1	-1.4915110836354	0	3329	36	101.226
MLT1F1-int	-1.35304093573761	0.348	160	2	5.109
MLT1F2	-1.61511248884241	0	6215	62	189.928
MLT1F2-int	-3.2861418728343	0.016	327	1	9.755
MLT1G	-1.5823633096732	0	2894	30	89.838
MLT1G-int	-Inf	0.028	185	0	5.849
MLT1G1	-1.79559065462632	0	3680	33	114.562
MLT1G1-int	-Inf	0.004	299	0	9.812
MLT1G3	-1.30060070802979	0	2818	35	86.216
MLT1G3-int	-0.963474123974886	0.444	246	4	7.8
MLT1H	-1.81725992255067	0	10252	89	313.646
MLT1H-int	-2.42556672407525	0	836	5	26.862
MLT1H1	-1.62783395670502	0	3756	37	114.348
MLT1H1-int	-Inf	0	426	0	12.422
MLT1H2	-1.52916127800285	0	4849	50	144.309
MLT1H2-int	-1.45443913468656	0.108	354	4	10.962
MLT1I	-1.5870463065044	0	11268	113	339.49
MLT1I-int	-3.69960715389318	0	829	2	25.985
MLT1J	-1.22271581813382	0	15494	202	471.439
MLT1J-int	-2.04814105140312	0	1457	11	45.493
MLT1J1	-2.18747024952269	0	5003	33	150.317
MLT1J1-int	-2.34189089236544	0.006	476	3	15.209
MLT1J2	-2.17574541612679	0	6991	47	212.355
MLT1J2-int	-0.912419935015309	0.12	596	10	18.822
MLT1K	-0.858561936010694	0	17999	300	543.969
MLT1K-int	-1.64915556264865	0.192	208	2	6.273
MLT1L	-1.37872411587525	0	12248	141	366.654
MLT1L-int	-0.780310099043376	0.78	112	2	3.435
MLT1M	-0.844746155525971	0	2329	39	70.042
MLT1M-int	-Inf	1	1	0	0.037
MLT1N2	-1.40302803836325	0	5816	66	174.541
MLT1N2-int	-Inf	0.262	74	0	2.308
MLT1O	-1.00801556397617	0	5156	77	154.858
MLT1O-int	1.48196850739783	0.552	12	1	0.358
MLT2A1	-3.84507600078347	0	3849	8	114.967
MLT2A2	-3.1433467680314	0	3928	14	123.7
MLT2B1	-1.99739048536814	0	4532	35	139.747
MLT2B2	-2.01802667507482	0	2229	17	68.855
MLT2B3	-2.56800348242524	0	3363	17	100.808
MLT2B4	-2.01347218543489	0	4762	36	145.351
MLT2B5	-3.5465858290081	0.002	383	1	11.685
MLT2C1	-1.2038544393627	0	2710	35	80.624
MLT2C2	-1.92451454254979	0	1378	11	41.757
MLT2D	-1.66585785482196	0	4584	44	139.613
MLT2E	-1.04590888229142	0.098	405	6	12.388
MLT2F	-1.83568633922197	0	1946	17	60.68
MSR1	2.54124112329184	0	445	78	13.4
MST-int	-1.82374936030827	0.076	235	2	7.08
MSTA	-2.26824255298675	0	20293	128	616.622
MSTA-int	-2.34546089288538	0	3304	22	111.809
MSTA1	-0.887178635698861	0.098	563	9	16.646
MSTA1-int	-Inf	0.986	29	0	0.988
MSTB	-1.69363675287432	0	8800	83	268.481
MSTB-int	-1.16689904067052	0	902	14	31.434
MSTB1	-1.47883761689208	0	4944	54	150.511
MSTB1-int	-Inf	0.006	231	0	7.647
MSTB2	-2.18243227698164	0	1621	11	49.931
MSTB2-int	-Inf	0.19	94	0	3.084
MSTC	-1.19640675125158	0	3291	44	100.834
MSTC-int	-0.86274892579353	0.428	210	4	7.274
MSTD	-1.54150879553116	0	7813	82	238.701
MSTD-int	-Inf	0	751	0	25.399
OldhAT1	-0.0822859525165945	0.566	4404	121	128.102
ORSL	-0.585923976958601	0.09	1252	25	37.525
ORSL-2a	0.071471755133038	0.948	376	12	11.42
ORSL-2b	0.229707643652246	0.542	733	26	22.173
PABL_A	0.624450790602132	0.078	544	27	17.514
PABL_A-int	-3.97993387180048	0.002	459	1	15.779
PABL_B	-0.564012265437375	0.426	393	8	11.827
PABL_B-int	-2.17727999596932	0.116	265	2	9.046
Penelope1_Vert	0.189827524950173	0.472	1123	38	33.315
Plat_L3	-0.412838561820723	0.018	3386	76	101.179
PRIMA4_LTR	0.543456660687529	0.258	349	16	10.978
PRIMA4-int	0.579408524217007	0.22	443	21	14.054
PRIMA41-int	-1.47577665713652	0.082	511	6	16.688
PRIMAX-int	-1.12961273813047	0.986	78	1	2.188
PrimLTR79	0.276834656542415	0.756	136	5	4.127
REP522	-0.651453580084018	0.638	294	4	6.283
Ricksha	-3.76426121821711	0.004	431	1	13.588
Ricksha_0	-3.62140722286775	0.002	386	1	12.307
Ricksha_a	-Inf	0.56	57	0	1.73
Ricksha_b	-Inf	0.126	118	0	3.952
Ricksha_c	-2.94040169796984	0	1032	4	30.705
SAR	3.27928375747887	0.184	13	1	0.103
SATR1	-3.07439125844889	0	728	3	25.27
SATR2	-3.96078969496992	0	450	1	15.571
SST1	-Inf	0.01	650	0	12.714
SSU-rRNA_Hsa	0.303412607354514	0.872	90	3	2.431
SVA_A	0.211314289386466	0.386	1230	44	38.005
SVA_B	-1.48413813120167	0	839	10	27.975
SVA_C	-1.20421898587239	0.016	540	8	18.433
SVA_D	-1.33308539976436	0	1491	22	55.427
SVA_E	0.00750777562466167	1	704	21	20.891
SVA_F	-0.859792898895363	0.016	1023	18	32.666
TAR1	-Inf	0.15	155	0	2.687
THE1-int	-Inf	0.01	200	0	5.822
THE1A	-2.72917206190423	0	4308	20	132.615
THE1A-int	-4.78206777185372	0	1481	2	55.027
THE1B	-2.98994520176524	0	22924	89	707.055
THE1B-int	-4.49203628406922	0	4277	7	157.52
THE1C	-2.28404674368536	0	10046	64	311.707
THE1C-int	-2.8939446080163	0	1824	9	66.897
THE1D	-2.49144483941018	0	12935	71	399.262
THE1D-int	-3.16694034648427	0	2667	10	89.814
Tigger1	-1.92111376524842	0	12353	111	420.374
Tigger10	-0.592476970740608	0.064	1481	30	45.235
Tigger11a	-0.19935111537553	0.86	419	11	12.63
Tigger12	-0.51144140580732	0.21	910	19	27.084
Tigger12A	-0.911819389725089	0.06	748	12	22.577
Tigger12c	-0.32368573773434	0.38	865	21	26.282
Tigger13a	-0.681659396868123	0.004	3189	61	97.843
Tigger14a	-1.12902651502574	0	1312	18	39.368
Tigger15a	-0.430319651098879	0.004	4892	109	146.881
Tigger16a	0.0848045319222751	0.748	1822	57	53.746
Tigger16b	-0.138923660579979	0.65	1342	36	39.639
Tigger17	1.15762451179371	0.288	57	4	1.793
Tigger17a	-0.910208494804721	0	2457	41	77.052
Tigger17b	-Inf	0.124	94	0	2.954
Tigger17c	-1.33213503775662	0.092	347	4	10.071
Tigger17d	-0.155173536325178	0.914	336	9	10.022
Tigger18a	-0.585887008949454	0.11	1273	26	39.025
Tigger19a	0.154730761020099	0.3	3637	120	107.796
Tigger19b	0.0916582396429891	0.542	3685	115	107.921
Tigger1a_Art	0.127210631993763	0.882	315	10	9.156
Tigger1a_Mars	-0.49467161164755	1	45	1	1.409
Tigger2	-1.10751660090187	0	2835	43	92.654
Tigger20a	-0.751172324757505	0.022	1378	25	42.079
Tigger21a	-0.104068226463717	1	173	5	5.374
Tigger22N1	-0.812336085294707	0.034	1102	19	33.365
Tigger23a	-0.31548342388811	0.51	580	14	17.422
Tigger2a	-0.89171080731149	0	3391	56	103.901
Tigger2b_Pri	-1.25657938369649	0	2191	28	66.9
Tigger3	-1.11421022305625	0.01	1166	17	36.801
Tigger3a	-0.516437606553302	0	5480	117	167.359
Tigger3b	-1.35845877988793	0	6456	81	207.693
Tigger3c	-0.748061760471817	0.006	2425	43	72.22
Tigger3d	-0.866458442402487	0.062	696	11	20.055
Tigger4	-1.74397651723369	0	1466	14	46.894
Tigger4a	-0.147299984026631	0.39	3595	97	107.427
Tigger4b	-0.228356954201049	0.258	2565	66	77.319
Tigger5	-0.283146779297809	0.584	545	13	15.819
Tigger5b	-0.384516119908379	0.12	2854	64	83.547
Tigger6	-0.242856523896163	0.926	256	6	7.1
Tigger6a	-Inf	0	699	0	21.627
Tigger6b	-0.904580434921317	0.548	179	3	5.616
Tigger7	-0.945798940594284	0	3017	47	90.534
Tigger8	-0.615713647758421	0.104	959	19	29.114
Tigger9a	0.0759346744819322	0.854	1043	33	31.308
Tigger9b	0.0579322128161234	0.892	774	25	24.016
tRNA-Ala-GCA	-Inf	0.59	41	0	1.21
tRNA-Ala-GCG	2.53951952995999	0.09	11	2	0.344
tRNA-Ala-GCY	2.7115429972863	0.032	34	3	0.458
tRNA-Ala-GCY_	-Inf	0.234	80	0	2.22
tRNA-Arg-AGA	1.73096685354476	0.064	40	4	1.205
tRNA-Arg-AGG	2.7809089417538	0.012	21	4	0.582
tRNA-Arg-CGA	1.85725982788392	0.488	8	1	0.276
tRNA-Arg-CGA_	-Inf	1	2	0	0.055
tRNA-Arg-CGG	1.02034044828418	0.786	16	1	0.493
tRNA-Arg-CGY_	2.09644749176334	0.006	49	6	1.403
tRNA-Asn-AAC	0.675765437729469	0.688	53	2	1.252
tRNA-Asn-AAT	-Inf	1	2	0	0.013
tRNA-Asp-GAY	1.95595566729398	0.036	48	4	1.031
tRNA-Cys-TGY	0.344098677935406	0.716	138	5	3.939
tRNA-Gln-CAA	1.48398485299634	0.284	23	2	0.715
tRNA-Gln-CAA_	-Inf	0.758	34	0	0.945
tRNA-Gln-CAG	0.341902794648629	0.822	85	3	2.367
tRNA-Glu-GAA	-1.40871186102943	0.474	99	1	2.655
tRNA-Glu-GAG	-Inf	1	20	0	0.544
tRNA-Glu-GAG_	-0.414135532984451	1	97	2	2.665
tRNA-Gly-GGA	0.968604803724466	0.2	109	6	3.066
tRNA-Gly-GGG	1.05139915250664	0.486	44	2	0.965
tRNA-Gly-GGY	1.6363616532278	0.134	37	3	0.965
tRNA-His-CAY	-Inf	1	1	0	0.037
tRNA-His-CAY_	-Inf	0.778	53	0	0.976
tRNA-Ile-ATA	1.35919400429156	0.092	65	5	1.949
tRNA-Ile-ATC	-Inf	1	9	0	0.093
tRNA-Ile-ATT	-0.637842060324105	1	55	1	1.556
tRNA-Leu-CTA	-Inf	1	2	0	0.069
tRNA-Leu-CTA_	-Inf	1	7	0	0.208
tRNA-Leu-CTG	1.78587519464715	0.466	15	1	0.29
tRNA-Leu-CTY	0.298672742587059	1	30	1	0.813
tRNA-Leu-TTA	-Inf	1	12	0	0.357
tRNA-Leu-TTA(m)	-Inf	0.924	27	0	0.794
tRNA-Leu-TTG	1.50430483737593	0.312	26	2	0.705
tRNA-Lys-AAA	1.05589120089205	0.358	51	3	1.443
tRNA-Lys-AAG	-1.12234140752612	0.688	73	1	2.177
tRNA-Met	0.701341684435485	0.698	52	2	1.23
tRNA-Met_	-0.448900951145128	1	47	1	1.365
tRNA-Met-i	1.21647350007605	0.264	45	3	1.291
tRNA-Phe-TTY	-1.35783347862949	0.606	91	1	2.563
tRNA-Pro-CCA	1.8520421186129	0.48	9	1	0.277
tRNA-Pro-CCG	3.17136841831198	0.218	4	1	0.111
tRNA-Pro-CCY	1.99424073071132	0.19	17	2	0.502
tRNA-SeC(e)-TGA	3.33642766458248	0.19	3	1	0.099
tRNA-Ser-AGY	2.30044836747691	0.102	14	2	0.406
tRNA-Ser-TCA	-Inf	1	1	0	0.028
tRNA-Ser-TCA_	-Inf	1	4	0	0.127
tRNA-Ser-TCA(m)	-Inf	0.824	31	0	0.867
tRNA-Ser-TCG	3.12658049656514	0.034	7	2	0.229
tRNA-Ser-TCY	2.88541086819807	0.024	15	3	0.406
tRNA-Thr-ACA	2.34007544159762	0.01	26	4	0.79
tRNA-Thr-ACG	-Inf	1	2	0	0.061
tRNA-Thr-ACG_	-Inf	1	12	0	0.358
tRNA-Thr-ACY	2.18770715512673	0.132	15	2	0.439
tRNA-Thr-ACY_	-Inf	1	12	0	0.362
tRNA-Trp-TGG	1.42662547355406	0.622	13	1	0.372
tRNA-Tyr-TAC	1.88363524330822	0.068	37	4	1.084
tRNA-Tyr-TAT	-Inf	1	6	0	0.181
tRNA-Val-GTA	2.56064282152574	0.112	12	2	0.339
tRNA-Val-GTG	2.03209362970985	0.038	43	4	0.978
tRNA-Val-GTY	1.2276920250416	0.452	31	2	0.854
U1	1.59461267075488	0	223	18	5.96
U13	0.99539074674741	0.06	179	10	5.016
U13_	-1.56754544764375	0.06	316	3	8.892
U14	3.82282633082004	0.054	7	3	0.212
U17	2.85725982788392	0.084	9	2	0.276
U2	-0.59049366511255	0.056	1111	21	31.621
U3	0.0580351974835237	1	234	7	6.724
U4	1.33491047542079	0.012	161	12	4.757
U5	0.781585152237657	0.12	214	11	6.399
U6	-0.133059771890478	0.546	1799	47	51.541
U7	-0.0536078758005123	1	250	7	7.265
U8	0.15521264992094	1	34	1	0.898
UCON1	-1.28550086130466	0.144	245	3	7.313
UCON100	0.783389931257558	0.906	19	1	0.581
UCON101	-1.59478738657447	0.144	208	2	6.041
UCON103	-Inf	1	14	0	0.403
UCON105	-0.781264325575212	0.066	642	11	18.905
UCON11	-0.449957483628004	1	45	1	1.366
UCON12	0.210896782498619	1	59	2	1.728
UCON12A	-Inf	1	23	0	0.659
UCON14	-0.586404474895063	0.898	100	2	3.003
UCON15	0.388355456626338	0.916	50	2	1.528
UCON16	-Inf	0.634	38	0	1.099
UCON17	0.0543922968186277	1	33	1	0.963
UCON18	-Inf	0.856	33	0	0.862
UCON19	-Inf	0.75	31	0	0.974
UCON2	0.507719501788696	0.476	138	6	4.22
UCON20	-Inf	0.516	43	0	1.334
UCON21	-Inf	0.804	29	0	0.918
UCON22	-0.101650076094435	1	38	1	1.073
UCON23	-Inf	0.762	31	0	0.942
UCON24	-Inf	0.986	22	0	0.709
UCON25	0.547931769776189	0.788	50	2	1.368
UCON26	-1.02927618237063	0.274	207	3	6.123
UCON27	-Inf	0.102	102	0	3.183
UCON28a	-Inf	0.038	129	0	3.925
UCON28b	-0.168642035558839	1	75	2	2.248
UCON28c	-Inf	0.234	68	0	2.11
UCON29	0.328354364046795	0.582	235	9	7.168
UCON31	-1.8314719328477	0.248	119	1	3.559
UCON33	0.953159745797028	0.128	136	8	4.132
UCON34	-0.311648423927967	0.682	339	8	9.929
UCON35	0.453467085772697	0.488	173	7	5.112
UCON37	0.377069649079823	0.594	172	7	5.39
UCON38	0.852042118612899	0.1	208	11	6.094
UCON39	-1.66811912468643	0.36	107	1	3.178
UCON4	-0.0690146779151805	1	138	4	4.196
UCON40	-Inf	0.004	245	0	7.353
UCON41	-1.11752882398867	0.02	575	8	17.358
UCON44	-0.875386904586456	0.202	360	6	11.007
UCON47	0.123119662837083	0.996	154	5	4.591
UCON48	-0.513238062333091	0.684	194	4	5.709
UCON49	-Inf	0.076	109	0	3.243
UCON5	-1.87499363893297	0.226	123	1	3.668
UCON51	-Inf	0.5	44	0	1.388
UCON55	-0.301587646603187	0.604	412	10	12.325
UCON56	-Inf	1	15	0	0.447
UCON57	-Inf	0.986	22	0	0.685
UCON58	-0.842978831788326	0.354	236	4	7.175
UCON59	-0.425459304765355	1	45	1	1.343
UCON6	-0.511973981781801	0.904	96	2	2.852
UCON60	-Inf	0.634	38	0	1.14
UCON61	-Inf	1	16	0	0.469
UCON62	-Inf	0.978	24	0	0.706
UCON63	-Inf	1	14	0	0.405
UCON64	1.00578235259401	0.8	16	1	0.498
UCON65	-Inf	0.784	32	0	0.975
UCON66	-0.939602720356044	0.82	64	1	1.918
UCON67	-Inf	1	20	0	0.525
UCON68	-Inf	1	12	0	0.326
UCON69	-Inf	0.864	29	0	0.846
UCON7	-0.905735977667026	0.584	125	2	3.747
UCON70	1.84252505534489	0.01	59	6	1.673
UCON71	-Inf	1	17	0	0.526
UCON71_Crp	-0.445373577649802	0.596	282	6	8.17
UCON73	-0.308593868584276	0.768	259	6	7.431
UCON75	-Inf	0.982	24	0	0.722
UCON76	0.489713183702132	0.538	141	6	4.273
UCON78	0.160309095822706	0.87	180	6	5.369
UCON8	-0.669480371877426	0.49	207	4	6.362
UCON80	0.672312635823953	0.718	43	2	1.255
UCON80_AMi	-0.38404980679516	0.734	228	5	6.525
UCON81	-Inf	0.63	40	0	1.199
UCON83	-0.542010355536609	1	49	1	1.456
UCON84	-0.741574847418796	0.738	109	2	3.344
UCON85	0.232768962976124	1	28	1	0.851
UCON86	0.437004619334055	0.766	70	3	2.216
UCON87	2.41119543298445	0.356	6	1	0.188
UCON88	2.833559992405	0	33	7	0.982
UCON89	1.44124256962624	0.104	50	4	1.473
UCON9	-0.532067552289031	1	49	1	1.446
UCON92	-Inf	1	19	0	0.577
UCON93	-Inf	0.902	27	0	0.802
UCON94	-Inf	0.826	31	0	0.909
UCON96	-Inf	1	18	0	0.523
UCON97	-0.288063200325316	1	40	1	1.221
UCON99	-Inf	0.448	56	0	1.491
X1_DNA	-0.848731425348432	0.11	710	12	21.611
X1_LINE	-0.379620962055708	1	83	2	2.602
X1_LR	-Inf	1	15	0	0.448
X10b_DNA	-2.17807719720577	0.012	308	2	9.051
X11_DNA	0.163806540058932	0.82	267	9	8.034
X12_DNA	0.0304438122105831	0.936	1379	42	41.123
X12_LINE	-0.427391629686718	0.658	227	5	6.724
X13_LINE	-0.528737998443572	0.792	148	3	4.328
X15_LINE	-0.478609468404512	0.622	243	5	6.967
X17_LINE	-0.321526593447106	0.34	965	23	28.742
X2_LINE	-2.5053828490623	0.046	188	1	5.678
X20_LINE	0.545824106814198	0.394	162	7	4.795
X21_LINE	-0.551885103471725	1	47	1	1.466
X22_DNA	-Inf	0.916	25	0	0.749
X23_DNA	-Inf	0.372	60	0	1.834
X24_DNA	-0.771991189220796	0.176	457	8	13.661
X24_LINE	0.0921692873326653	0.858	568	18	16.886
X26_DNA	-0.777119525739059	0.044	971	17	29.133
X2a_DNA	-1.06073915785768	0.064	420	6	12.516
X2b_DNA	-2.53007074222508	0.044	192	1	5.776
X30_DNA	-0.805514709092931	0.044	765	13	22.721
X32_DNA	-1.30275771563804	0.062	327	4	9.868
X33a_DNA	-1.11769504266975	0.78	69	1	2.17
X34_DNA	-0.584481522206653	0.876	105	2	2.999
X4a_DNA	0.139765518339447	0.91	182	6	5.446
X4b_DNA	0.380553450444223	0.25	708	28	21.508
X5a_DNA	-0.0276259059775613	1	429	12	12.232
X5B_LINE	-0.164142648848306	1	75	2	2.241
X6a_DNA	0.174094681570616	0.568	1005	34	30.135
X6A_LINE	-0.506721948689093	0.118	1055	22	31.258
X6b_DNA	-0.0563357916024911	0.962	987	28	29.115
X6B_LINE	-0.451624119079504	0.164	891	19	25.984
X7A_LINE	0.061746659951808	0.874	937	29	27.785
X7B_LINE	-0.891004336179077	0.016	940	15	27.817
X7C_LINE	0.106327148110766	0.812	621	20	18.579
X7D_LINE	-Inf	0.382	58	0	1.646
X8_LINE	-0.398788147633769	0.714	231	5	6.592
X9_LINE	0.0510254457202292	0.936	670	20	19.305
X9a_DNA	-0.82984955984469	0.046	702	12	21.33
X9b_DNA	-0.402488308467892	0.408	606	14	18.505
Zaphod	-3.37432411433154	0	2330	7	72.589
Zaphod2	-0.69655030107857	0.152	875	16	25.93
Zaphod3	-1.64781336012414	0	1235	12	37.603
Zaphod4a	-0.151622696425187	0.982	394	11	12.219
Zaphod5a	-1.40053792958373	0.58	80	1	2.64
Zaphod5b	-Inf	0.208	74	0	2.247
