	log.enrich	pval	total	real.overlap	random.mean
(CATTC)n	-Inf	1	64	0	0.666
(GAATG)n	-Inf	0.86	35	0	0.858
5S	0.350695631291482	0.24	1317	34	26.663
7SK	-0.52852585746311	0.248	762	11	15.867
7SLRNA	0.920219621595696	0	1428	56	29.592
ACRO1	1.40736357139342	0.344	86	3	1.131
ALR/Alpha	-4.14651946077851	0	1700	3	53.131
Alu	0.538661543680697	0	8195	237	163.153
AluJb	0.771999545427835	0	121115	4398	2575.492
AluJo	0.789210960585914	0	47320	1726	998.768
AluJr	0.627332300767496	0	117446	3851	2493.031
AluJr4	0.640986137932282	0	12658	419	268.694
AluSc	0.325397594542203	0	38726	1033	824.415
AluSc5	0.425592712923196	0	4259	122	90.833
AluSc8	0.350352732157197	0	21085	571	447.888
AluSg	0.580949586483058	0	44393	1419	948.635
AluSg4	0.690327999135245	0	12565	425	263.378
AluSg7	0.259463208840985	0.052	6031	153	127.816
AluSp	0.618470142918956	0	67237	2195	1429.738
AluSq	0.633009819856772	0	12718	417	268.894
AluSq10	0.546382982680703	0.018	1575	49	33.552
AluSq2	0.503786684144277	0	53394	1615	1138.984
AluSq4	0.694321256757712	0	1683	58	35.844
AluSx	0.663330033283497	0	129556	4361	2753.619
AluSx1	0.649030623546183	0	110941	3707	2363.986
AluSx3	0.537305145441892	0	40018	1232	848.918
AluSx4	0.540970271156313	0	12119	376	258.428
AluSz	0.605581580323045	0	122105	3973	2611.081
AluSz6	0.605078847005129	0	42260	1371	901.344
AluY	0.377673612006533	0	101596	2805	2158.946
AluYa5	-0.868072123927231	0	3853	45	82.135
AluYa8	-0.18541350871132	0.926	405	7	7.96
AluYb8	-0.49983188970457	0.014	2715	41	57.976
AluYb9	-0.996027123425076	0.2	383	4	7.978
AluYc	0.277722770290384	0.014	6889	176	145.181
AluYc3	0.564667738503309	0.154	581	18	12.17
AluYd8	-0.735522177296537	0.556	229	3	4.995
AluYe5	0.146120221085617	0.602	1343	31	28.014
AluYe6	0.910840868088762	0.134	199	8	4.255
AluYf1	0.468063301436906	0.016	2082	61	44.099
AluYg6	-0.384602457650755	0.386	857	14	18.277
AluYh3	0.408673326400211	0.29	665	19	14.313
AluYh3a3	-0.791188941503361	0.704	161	2	3.461
AluYh7	0.0257643957909292	1	502	10	9.823
AluYh9	-1.71281585443737	0.378	178	1	3.278
AluYi6	-0.735088870478176	0.242	462	6	9.987
AluYi6_4d	-Inf	0.766	44	0	0.94
AluYj4	0.480049667395878	0.002	2913	85	60.941
AluYk11	-0.914564523493939	0.572	176	2	3.77
AluYk12	0.494786550930949	0.716	100	3	2.129
AluYk2	0.445967535751024	0	6900	196	143.882
AluYk3	0.309588355706946	0.01	6210	164	132.327
AluYk4	0.309836227152801	0.276	1117	30	24.202
AluYm1	0.560385786449334	0	4835	149	101.04
AmnSINE1	0.161371524621192	0.41	2633	63	56.333
AmnSINE2	0.259847027428607	0.502	671	17	14.198
Arthur1	-0.7326683462874	0.03	2360	31	51.513
Arthur1A	0.336598448251323	0.274	1183	32	25.341
Arthur1B	-0.767174526123111	0.01	2347	30	51.058
Arthur1C	0.385148837577896	0.306	727	20	15.314
Arthur2	-0.750837343957111	0.132	1016	13	21.876
BC200	0.435377947563019	0.214	707	20	14.79
BLACKJACK	-1.66799806275459	0	2162	15	47.666
BSR/Beta	-1.53236683556796	0.21	1956	10	28.926
CER	0.209227962138	0.972	86	2	1.73
Chap1_Mam	0.0759346744819322	0.916	498	11	10.436
Chap1a_Mam	0.0580955434779416	0.862	1431	32	30.737
Charlie1	0.706317929809178	0.02	1939	68	41.676
Charlie10	-0.327744840921175	0.544	1157	20	25.101
Charlie10a	0.439393727211579	0.484	307	9	6.637
Charlie10b	0.268568467395281	0.71	276	7	5.811
Charlie11	-1.31034012061215	0.82	113	1	2.48
Charlie12	-Inf	1	23	0	0.501
Charlie13a	0.298081352932995	0.602	561	15	12.2
Charlie13b	-0.801903614678655	0.348	408	5	8.717
Charlie14a	-0.66253105421686	0.378	521	7	11.08
Charlie15a	0.405825361709115	0.018	3250	92	69.442
Charlie15b	0.215538750295385	0.464	1942	49	42.2
Charlie16	-0.661247943530072	0.118	1476	20	31.629
Charlie16a	-0.00417776078911008	1	1474	30	30.087
Charlie17	-0.417800018204802	0.714	550	9	12.023
Charlie17a	0.0372384939901533	0.996	1251	27	26.312
Charlie17b	-0.331259340635557	0.758	543	9	11.323
Charlie18a	0.424687669312563	0.038	2509	72	53.64
Charlie19a	0.779187373475343	0.002	1620	59	34.379
Charlie1a	-0.266365089166825	0.216	5856	106	127.494
Charlie1b	0.589779517018932	0.002	3087	99	65.78
Charlie20a	-0.559209402508063	0.314	891	13	19.155
Charlie21a	-0.476381687567235	0.536	772	12	16.695
Charlie22a	0.421061286906614	0.178	1121	32	23.9
Charlie23a	0.132306826343094	0.67	1506	35	31.933
Charlie24	0.16671160554118	0.608	1289	31	27.617
Charlie25	-1.11787635030138	0.11	1094	11	23.873
Charlie26a	-0.651814364541351	0.334	517	7	10.998
Charlie29a	-0.191163656909536	0.756	986	19	21.692
Charlie29b	-0.148515804065362	0.772	1465	28	31.036
Charlie2a	-1.32660126197498	0.002	2095	18	45.146
Charlie2b	-0.579716525811467	0.048	3743	54	80.706
Charlie3	-0.381467966585142	0.8	342	6	7.816
Charlie30a	-0.735666583987103	0.276	467	6	9.991
Charlie30b	0.254009779696738	0.582	620	16	13.417
Charlie31a	-0.13643750298176	0.874	812	16	17.587
Charlie32a	-0.17683337078449	0.998	266	5	5.652
Charlie4	-0.0349570416174634	1	919	19	19.466
Charlie4a	-0.172533233350864	0.532	2908	56	63.114
Charlie4z	0.657771978558841	0	6037	202	128.039
Charlie5	-0.191175872642598	0.584	2609	49	55.943
Charlie6	-1.57700577689281	0.456	264	2	5.967
Charlie7	-0.597545810504797	0.036	3983	57	86.249
Charlie7a	0.17067230488912	0.552	1465	35	31.095
Charlie7b_Mars	-Inf	1	58	0	1.356
Charlie8	0.557582542181382	0	4420	141	95.801
Charlie9	0.0231686688318019	0.96	1322	29	28.538
Cheshire	-0.0836105157547329	0.956	1037	21	22.253
Chompy-6_Croc	-Inf	1	14	0	0.281
Chompy-7_Croc	1.46195854666634	0.622	17	1	0.363
CR1_Mam	0.272103741782949	0.322	1729	45	37.265
CR1-1_Amn	0.501238534328148	0.838	66	2	1.413
CR1-11_Crp	0.960159735468209	0.82	24	1	0.514
CR1-12_AMi	-Inf	0.114	132	0	2.87
CR1-13_AMi	-1.13422093976063	0.702	102	1	2.195
CR1-16_AMi	-2.70110542377817	0.024	309	1	6.503
CR1-3_Croc	0.150451027696372	0.568	1348	32	28.831
CR1-8_Crp	-Inf	1	5	0	0.095
CR1-L3A_Croc	0.0365258760251139	1	320	7	6.825
CR1-L3B_Croc	-Inf	0.864	38	0	0.81
CRP1	2.84684321193858	0.266	6	1	0.139
D20S16	-Inf	0.736	388	0	8.111
DNA1_Mam	1.09696172988709	0.134	172	8	3.74
ERV24_Prim-int	-1.64739126701787	0.238	435	3	9.398
ERV24B_Prim-int	-0.308344231373982	0.916	379	7	8.668
ERV3-16A3_I-int	-1.48042790203648	0	6685	54	150.677
ERV3-16A3_LTR	-0.0748032492666318	0.908	1117	23	24.224
ERVL-B4-int	-1.69958335928192	0	4138	28	90.946
ERVL-E-int	-1.82031334786924	0	9119	57	201.3
ERVL-int	-4.17336732956095	0	831	1	18.043
ERVL47-int	-2.19124678971627	0.386	211	1	4.567
Eulor1	-Inf	0.342	85	0	1.832
Eulor10	0.229382353343797	1	39	1	0.853
Eulor11	-0.142086629617527	1	103	2	2.207
Eulor12	-0.212880566344385	1	57	1	1.159
Eulor2A	-Inf	0.462	68	0	1.486
Eulor2B	-Inf	0.522	58	0	1.275
Eulor2C	-Inf	0.87	40	0	0.817
Eulor3	-Inf	0.924	38	0	0.869
Eulor4	-Inf	1	32	0	0.747
Eulor5A	-Inf	0.112	126	0	2.77
Eulor5B	-Inf	0.922	43	0	0.893
Eulor6A	0.597277823154395	0.976	30	1	0.661
Eulor6B	-Inf	0.566	63	0	1.292
Eulor6C	-Inf	1	21	0	0.468
Eulor6D	0.82708584097326	0.492	77	3	1.691
Eulor6E	-Inf	0.998	31	0	0.667
Eulor7	-Inf	1	12	0	0.275
Eulor8	-1.63876894441695	0.4	145	1	3.114
Eulor9A	-Inf	0.226	125	0	2.579
Eulor9B	0.599462070416271	0.954	30	1	0.66
Eulor9C	-Inf	0.198	106	0	2.329
EuthAT-2	-1.86450454618987	0.014	1166	7	25.49
EuthAT-N1	0.183605090830879	1	82	2	1.761
EuthAT-N1a	0.857259827883918	0.6	51	2	1.104
Eutr10	-0.348832278589023	0.512	996	17	21.65
Eutr11	0.209672792185736	0.71	620	15	12.971
Eutr15	-0.807870078299782	0.248	659	8	14.005
Eutr16	0.112214807621661	0.91	524	12	11.102
Eutr18	0.32604162712075	0.394	682	18	14.359
Eutr2	-1.31614574229336	0.352	232	2	4.98
Eutr2B	-1.63521265024807	0.114	441	3	9.319
Eutr5	-1.12366619645382	0.172	411	4	8.716
EUTREP14	-2.12713799046969	0.012	393	2	8.737
EUTREP15	-0.0440443327060211	1	197	4	4.124
EUTREP16	-0.586084160719482	0.47	424	6	9.007
EUTREP2	-0.565434701047939	0.182	834	12	17.758
EUTREP4	-Inf	0.006	301	0	6.492
EUTREP6	-Inf	1	13	0	0.27
EUTREP7	-1.59955584254637	0.216	279	2	6.061
EUTREP8	-1.54744982914397	0.18	269	2	5.846
EutTc1-N1	-Inf	0.774	61	0	1.29
EutTc1-N2	-0.42867840994823	0.888	197	3	4.038
FAM	0.518328132519448	0	4362	133	92.858
FLAM_A	0.528974039344122	0	15391	464	321.574
FLAM_C	0.847492734059678	0	25202	951	528.518
FordPrefect	-Inf	0	614	0	13.617
FordPrefect_a	-0.0313951962755342	1	281	6	6.132
FRAM	0.555067120469446	0	20741	638	434.239
GSAT	0.453043821858589	0.792	39	2	1.461
GSATII	-Inf	0.744	175	0	3.531
GSATX	-Inf	0.96	53	0	1.216
HAL1	-0.251125641481361	0.026	21741	399	474.864
HAL1b	-1.5710396508767	0	4461	32	95.078
HAL1M8	0.0251183164962585	0.93	2273	50	49.137
HAL1ME	-0.761852593479385	0	7554	96	162.784
Harlequin-int	1.78492288573671	0	590	47	13.639
hAT-1_Mam	0.64268447599829	0.064	1483	50	32.026
hAT-16_Crp	-Inf	1	23	0	0.491
hAT-4b_Ther	-Inf	0.056	235	0	5.195
hAT-5_Mam	0.164590347231157	0.734	920	22	19.628
hAT-N1_Mam	-0.771744752214225	0.484	240	3	5.122
hAT-N1a_Mam	0.234323819879654	0.674	473	12	10.201
Helitron1Na_Mam	-1.83126923596772	0.144	332	2	7.117
Helitron1Nb_Mam	-0.347287690608243	0.846	361	6	7.633
Helitron2Na_Mam	-0.410030914322441	0.636	435	7	9.301
Helitron3Na_Mam	-1.62830700559833	0.004	1129	8	24.732
HERV-Fc1_LTR1	-Inf	1	17	0	0.284
HERV-Fc1_LTR2	-Inf	1	3	0	0.075
HERV-Fc1_LTR3	3.29335894269059	0.188	5	1	0.102
HERV-Fc1-int	-Inf	1	6	0	0.116
HERV-Fc2_LTR	-Inf	1	4	0	0.083
HERV-Fc2-int	-Inf	1	5	0	0.174
HERV1_I-int	2.29436958724393	0.036	49	7	1.427
HERV1_LTRa	2.21535643068932	0.078	27	3	0.646
HERV1_LTRb	3.21759143507263	0.074	10	2	0.215
HERV1_LTRc	1.96015973546821	0.126	34	3	0.771
HERV1_LTRd	1.38082178394093	0.63	16	1	0.384
HERV1_LTRe	-Inf	1	34	0	0.614
HERV15-int	1.59437062813357	0.186	122	6	1.987
HERV16-int	-1.51423169459356	0.004	1930	15	42.847
HERV17-int	-0.173161105512514	0.84	916	19	21.423
HERV3-int	-0.163069294851255	1	322	6	6.718
HERV30-int	0.159234662676126	0.97	72	2	1.791
HERV35I-int	-0.629369573512285	0.542	627	9	13.922
HERV4_I-int	-0.631895859053804	0.72	349	5	7.748
HERV9-int	-1.25882039687641	0.152	367	4	9.572
HERV9N-int	-1.46649661255207	0.304	229	2	5.527
HERV9NC-int	-Inf	0.012	257	0	6.774
HERVE_a-int	1.89432192210546	0.002	190	17	4.573
HERVE-int	2.27928375747887	0.002	284	32	6.592
HERVFH19-int	-Inf	0.378	114	0	2.55
HERVFH21-int	-0.205392512989685	1	132	3	3.459
HERVH-int	0.468708081884602	0.036	5931	193	139.464
HERVH48-int	0.372860129034449	0.764	124	4	3.089
HERVI-int	-Inf	0.448	88	0	2.298
HERVIP10B3-int	-1.03773362744651	0.644	248	3	6.159
HERVIP10F-int	1.97603500919995	0	327	32	8.134
HERVIP10FH-int	0.990313383394045	0.07	439	19	9.564
HERVK-int	-1.50792146495733	0.356	258	2	5.688
HERVK11-int	0.20660942409552	0.806	286	7	6.066
HERVK11D-int	2.13416034784134	0.046	43	5	1.139
HERVK13-int	-Inf	1	68	0	1.646
HERVK14-int	-3.2790254919511	0.092	440	1	9.707
HERVK14C-int	-0.885964756753971	1	81	1	1.848
HERVK22-int	-2.30844825212784	0.098	449	2	9.907
HERVK3-int	1.52472641846474	0.03	368	22	7.646
HERVK9-int	-1.76324158565858	0.066	722	5	16.973
HERVKC4-int	1.08722241211206	0.382	65	3	1.412
HERVL-int	-4.28300807241465	0	2403	3	58.403
HERVL18-int	-0.260748328396448	0.938	507	10	11.981
HERVL32-int	-Inf	0.546	137	0	2.807
HERVL40-int	-0.079975376720596	0.966	1398	28	29.596
HERVL66-int	-1.26843439357638	0.958	141	1	2.409
HERVL74-int	-1.11852584893567	0.526	393	4	8.685
HERVP71A-int	-0.260387037428937	1	254	5	5.989
HERVS71-int	-0.576602755675876	0.894	188	3	4.474
HSAT4	-Inf	0.618	100	0	2.704
HSAT5	1.16380654005893	0.246	279	9	4.017
HSAT6	-Inf	1	19	0	0.206
HSATI	-Inf	1	60	0	0.477
HSMAR1	-1.23939804156656	0.046	725	7	16.527
HSMAR2	-2.3223247814817	0	1829	8	40.011
HUERS-P1-int	-0.332736572463861	0.836	530	10	12.594
HUERS-P2-int	-1.01316445919845	0.56	267	3	6.055
HUERS-P3-int	-3.12523780488702	0.012	790	2	17.451
HUERS-P3b-int	-0.970485572940122	0.478	538	6	11.757
HY1	0.95514576421574	0.022	461	19	9.8
HY3	0.843085685346761	0.018	576	20	11.149
HY4	0.777195438954739	0.3	164	6	3.501
HY5	-Inf	1	23	0	0.404
Kanga1	-0.557859343394771	0.344	818	12	17.665
Kanga11a	-0.099332613292436	0.916	895	18	19.283
Kanga1a	-0.0274686382997593	1	852	18	18.346
Kanga1b	-0.230554376018155	0.926	382	7	8.213
Kanga1c	-0.245211679711255	0.674	834	15	17.779
Kanga1d	-0.881175155349275	0.144	686	8	14.735
Kanga2_a	-0.331216869079822	0.454	1568	27	33.968
L1HS	-2.14350226437138	0	1642	6	26.51
L1M	-0.684908482509296	0.184	778	10	16.076
L1M1	-1.44737071528069	0	10162	85	231.804
L1M2	-1.52761372886775	0	9331	70	201.816
L1M2a	-3.37239496523802	0.028	459	1	10.356
L1M2a1	-0.511468039275866	1	128	2	2.851
L1M2b	-1.20163386116965	0.502	213	2	4.6
L1M2c	-0.756596350501715	0.464	452	6	10.137
L1M3	-1.40698856866414	0	7486	59	156.458
L1M3a	-2.76860780611581	0.026	673	2	13.629
L1M3b	-Inf	0.002	589	0	12.371
L1M3c	-1.39670752138398	0.04	1090	9	23.697
L1M3d	-1.93332083704895	0.052	532	3	11.458
L1M3de	-3.36457243229586	0.04	498	1	10.3
L1M3e	-1.82700600963898	0.018	811	5	17.74
L1M3f	-2.98395125189148	0.008	694	2	15.823
L1M4	-1.09452842572333	0	20797	208	444.17
L1M4a1	-2.29447371515313	0	2713	12	58.869
L1M4a2	-1.14068518368837	0.012	2113	21	46.302
L1M4b	-0.832792518807972	0.01	4399	54	96.181
L1M4c	-1.58325162587981	0	3723	27	80.904
L1M5	-0.808835133070168	0	46104	560	981.006
L1M6	-1.93126823709052	0	5437	31	118.231
L1M6B	-2.39185935163953	0.006	740	3	15.745
L1M7	-2.37637587890974	0	3102	13	67.5
L1M8	-1.41953889151378	0.006	1753	14	37.45
L1MA1	-2.20496588629507	0	4356	22	101.434
L1MA10	-1.37742667192269	0	5240	44	114.314
L1MA2	-1.52672562708567	0	7599	61	175.76
L1MA3	-1.2719634488991	0	9329	90	217.341
L1MA4	-1.39343982090993	0	10977	93	244.315
L1MA4A	-2.09166001450732	0	6355	34	144.921
L1MA5	-1.14185924107307	0	4601	46	101.506
L1MA5A	-0.79486174761948	0.006	3535	45	78.071
L1MA6	-1.90056971428292	0	5653	33	123.209
L1MA7	-1.4744471686772	0	8860	70	194.514
L1MA8	-1.36272464557319	0	11543	98	252.027
L1MA9	-1.72200942764766	0	17080	113	372.782
L1MB1	-1.21779940861662	0	6361	60	139.555
L1MB2	-0.566974422486524	0	9323	133	197.028
L1MB3	-0.14231183315297	0.31	18216	357	394.011
L1MB4	-0.412384691393906	0.016	9583	155	206.287
L1MB5	-0.158558048252744	0.346	10120	193	215.421
L1MB7	-0.150099572525258	0.2	23879	469	520.424
L1MB8	-0.302808397184053	0.012	17029	300	370.063
L1MC	-1.44717816706098	0	8093	62	169.058
L1MC1	-0.9938409911027	0	13334	150	298.722
L1MC2	-0.958184183772117	0	6531	73	141.829
L1MC3	-0.746820433059278	0	13567	177	297.022
L1MC4	-0.387836743373933	0	24233	400	523.372
L1MC4a	-0.293406255935551	0.082	10189	181	221.821
L1MC5	-0.131738307598949	0.302	14811	292	319.919
L1MC5a	-0.208476865100879	0.08	18323	340	392.859
L1MCa	-0.751247255834873	0	7351	97	163.275
L1MCb	-1.66702920141055	0.002	2184	15	47.634
L1MCc	-1.71111440948619	0	3320	22	72.031
L1MD	-1.31643927286718	0	8747	75	186.788
L1MD1	-1.26263958451374	0	7120	67	160.756
L1MD2	-0.660696973083397	0	11235	156	246.612
L1MD3	-0.385878885752195	0.082	5553	90	117.599
L1MDa	-1.27380506535671	0	7208	65	157.169
L1MDb	-1.098352178318	0.116	1016	10	21.411
L1ME1	-0.989450458822878	0	32075	357	708.798
L1ME2	-1.06105485756518	0	13123	138	287.931
L1ME2z	-0.258613422765356	0.212	7469	134	160.308
L1ME3	-0.550121135919953	0.004	9350	139	203.525
L1ME3A	-0.493986119824233	0	16176	251	353.491
L1ME3B	-0.966478100654743	0	8464	93	181.728
L1ME3C	-1.04777767143437	0.004	3352	35	72.357
L1ME3Cz	-0.709971692358066	0	14582	193	315.704
L1ME3D	-0.972692654004265	0.004	4406	48	94.2
L1ME3E	-0.391782000601196	0.144	4645	77	101.025
L1ME3F	-0.935182177109042	0	4641	53	101.343
L1ME3G	-0.255674894627002	0.016	19078	340	405.924
L1ME4a	-0.155165775370312	0.06	29875	575	640.291
L1ME4b	-0.063042679089337	0.504	25168	516	539.048
L1ME4c	-0.0133980104917326	0.94	9612	203	204.894
L1ME5	-1.01564800462233	0	3487	37	74.807
L1MEa	-3.05137210172103	0.044	368	1	8.29
L1MEb	-0.999658268599473	0.024	1753	19	37.991
L1MEc	-0.923395252420433	0	18334	211	400.177
L1MEd	-1.07722754705931	0	17206	177	373.466
L1MEf	-1.2749676782379	0	11747	106	256.513
L1MEg	-1.69313055780604	0	13699	92	297.489
L1MEg1	-1.20820508950445	0.08	1034	10	23.105
L1MEg2	-Inf	0	761	0	16.52
L1MEh	-0.873747589998682	0.01	3089	36	65.967
L1MEi	-1.22962483557437	0	5382	50	117.253
L1MEj	-1.4635949252919	0.002	2432	19	52.401
L1P	-1.76723103702388	0.324	170	1	3.404
L1P1	-3.01786253660933	0	3334	9	72.897
L1P2	-2.97859835634551	0	1647	5	39.411
L1P3	-2.05274535598046	0	3541	19	78.83
L1P3b	-Inf	0.382	88	0	1.889
L1P4	-1.32822720697728	0	3933	33	82.861
L1P4a	-2.75424616183689	0.02	592	2	13.494
L1P4b	1.88985951508068	0.004	158	12	3.238
L1P4c	-0.146655222119465	0.906	107	2	2.214
L1P4d	-Inf	0.166	162	0	3.686
L1P4e	-2.15477761178082	0.254	199	1	4.453
L1P5	-2.48473966590891	0	809	3	16.792
L1PA10	-1.87045478468986	0	7337	46	168.198
L1PA11	-1.34204411635243	0	4243	39	98.869
L1PA12	-3.00974129739239	0	1835	5	40.271
L1PA13	-2.72541397767482	0	9214	32	211.632
L1PA14	-1.3858093658679	0	3079	27	70.556
L1PA15	-2.60890240924261	0	8639	33	201.313
L1PA15-16	-0.883497345444662	0.072	1519	19	35.052
L1PA16	-1.96250495569209	0	14511	84	327.38
L1PA17	-1.23149919339207	0	4850	46	108.013
L1PA2	-3.05754269413099	0	5114	15	124.883
L1PA3	-3.36425076000263	0	11102	27	278.038
L1PA4	-2.70701094647589	0	12283	46	300.365
L1PA5	-1.90227672572441	0	11650	76	284.09
L1PA6	-1.9010162725277	0	6196	42	156.86
L1PA7	-2.25640685379425	0	13418	69	329.682
L1PA8	-1.56414973199281	0	8382	63	186.293
L1PA8A	-3.32907574491622	0	2467	6	60.298
L1PB	-2.74785282557542	0	1911	6	40.303
L1PB1	-1.69475844609139	0	13410	97	314.011
L1PB2	-1.27513478933909	0	2963	28	67.766
L1PB3	-1.88494612009449	0	3726	23	84.948
L1PB4	-1.44596207247374	0	7713	63	171.64
L1PBa	-1.52740402235141	0	2222	18	51.888
L1PBa1	0.621735012363742	0.216	468	18	11.698
L1PBb	-0.654985383337308	0.608	336	5	7.873
L1PREC2	-2.50818276567235	0	8315	33	187.738
L2	-0.0779753064062464	0.198	55157	1122	1184.311
L2-1_AMi	-0.154597610153502	0.738	949	18	20.036
L2-1_Crp	1.25153876699596	0.402	42	2	0.84
L2-2_Mam	0.145850866463455	0.77	557	13	11.75
L2-3_AMi	-Inf	1	11	0	0.233
L2-3_Crp	-0.00735068413389766	1	1749	37	37.189
L2a	0.143273128264717	0	170012	4045	3662.596
L2b	0.467629249121791	0	93700	2777	2008.193
L2c	0.208846803229333	0	129292	3207	2774.788
L2d	0.181616521383218	0.006	28368	690	608.383
L2d2	0.15793983870726	0	53617	1276	1143.684
L3	0.0532060341095879	0.42	46112	1020	983.068
L3b	0.143440098717012	0.186	9843	232	210.043
L4_A_Mam	0.0644748766458001	0.668	6659	150	143.444
L4_B_Mam	-0.204746560253156	0.412	3332	62	71.454
L4_C_Mam	-0.134943749342822	0.524	5094	100	109.805
L5	0.299793935603185	0.482	745	19	15.435
LFSINE_Vert	-0.462924828675394	0.058	2331	36	49.62
Looper	0.492436657184486	0.436	559	17	12.084
LOR1-int	-2.62152444367146	0.006	1421	5	30.77
LOR1a	-3.18547014606694	0	852	2	18.195
LOR1b	-1.80523348464111	0	1133	7	24.464
LSAU	-0.6959938131099	1	143	1	1.62
LSU-rRNA_Hsa	-0.833983011007121	0.312	454	5	8.913
LTR06	-Inf	0.308	104	0	2.204
LTR1	-0.818850560895434	0.53	252	3	5.292
LTR101_Mam	-0.420758953670579	0.294	1176	19	25.434
LTR102_Mam	-0.961623328286945	0.266	528	6	11.685
LTR103_Mam	0.260515686003574	0.516	762	19	15.861
LTR103b_Mam	-0.281711736318019	0.672	621	11	13.372
LTR104_Mam	-0.284311065464209	0.38	1986	35	42.624
LTR105_Mam	-1.871449415677	0.01	682	4	14.636
LTR106_Mam	-1.05042706692566	0.084	664	7	14.498
LTR107_Mam	-0.399600810329675	0.676	427	7	9.234
LTR108a_Mam	-0.795766947782392	1	86	1	1.736
LTR108b_Mam	-Inf	0.866	54	0	1.143
LTR108c_Mam	-Inf	0.92	44	0	0.983
LTR108d_Mam	-Inf	0.544	67	0	1.475
LTR108e_Mam	-1.9126498648972	0.276	182	1	3.765
LTR109A2	-Inf	1	27	0	0.6
LTR10A	3.57715190869118	0	327	84	7.038
LTR10B	0.133685438622953	1	82	2	1.823
LTR10B1	1.26997601525264	0.046	171	9	3.732
LTR10B2	-1.26363540356833	0.634	107	1	2.401
LTR10C	0.928486931918678	0.022	539	22	11.559
LTR10D	1.23220397568052	0.058	182	9	3.831
LTR10E	0.808896806322519	0.188	293	11	6.279
LTR10F	1.58973126715552	0.004	450	30	9.967
LTR10G	0.19319478076516	0.95	131	3	2.624
LTR12	-1.32604420335959	0.016	791	7	17.55
LTR12_	-2.05473273267843	0.002	557	3	12.464
LTR12B	0.361045750202166	0.704	178	5	3.893
LTR12C	-1.07963411236871	0	2781	32	67.632
LTR12D	-1.88375113515491	0.02	502	3	11.071
LTR12E	0.235031127361042	0.936	115	3	2.549
LTR12F	-0.938527766844655	0.112	653	7	13.416
LTR13	-0.694466343363306	0.268	524	7	11.328
LTR13_	-Inf	0.766	48	0	1
LTR13A	0.99296400935287	0.146	210	9	4.522
LTR14	2.22904412920888	0	96	10	2.133
LTR14A	-1.43829285157915	0.54	144	1	2.71
LTR14B	-1.44077506069245	0.098	368	3	8.144
LTR14C	-0.367930141431883	1	137	2	2.581
LTR15	-1.50207595604579	0.194	311	2	5.665
LTR16	-1.0783536516111	0	3080	32	67.572
LTR16A	-0.704468183157624	0	4295	57	92.884
LTR16A1	-0.678266850730242	0.016	2734	37	59.208
LTR16A2	-0.522701458964518	0.106	1849	28	40.226
LTR16B	-1.13346958499285	0.042	702	7	15.357
LTR16B1	-0.699884728697476	0.078	1203	16	25.99
LTR16B2	-0.855710696153184	0.012	1681	20	36.193
LTR16C	-0.830482898099128	0	6765	82	145.819
LTR16D	-1.44519698238171	0	1137	9	24.507
LTR16D1	0.128787175742486	0.906	214	5	4.573
LTR16D2	-1.77167433390837	0.126	314	2	6.829
LTR16E1	-1.33139253876882	0	2540	22	55.362
LTR16E2	-0.731743838059102	0.006	2368	31	51.48
LTR17	-0.583852308253221	0.186	855	13	19.485
LTR18A	-2.10601323762212	0.288	198	1	4.305
LTR18B	-0.256665640911006	0.84	371	7	8.363
LTR18C	-0.756169328139299	1	77	1	1.689
LTR19-int	0.14337278830161	0.874	229	5	4.527
LTR19A	0.0676364085651444	1	457	10	9.542
LTR19B	-0.210139457401668	0.974	287	5	5.784
LTR19C	1.25990509291364	0.142	140	7	2.923
LTR1A1	-2.04421923663312	0.044	367	2	8.249
LTR1A2	-1.09250815618904	0.03	851	9	19.192
LTR1B	-1.33304201787672	0.232	349	3	7.558
LTR1B0	-Inf	0.236	92	0	2.158
LTR1B1	-Inf	0.042	174	0	4.19
LTR1C	0.466935078130362	0.798	64	2	1.447
LTR1C1	-0.679874147746623	1	72	1	1.602
LTR1C3	-Inf	0.796	65	0	1.294
LTR1D	-2.82211827472934	0.016	306	1	7.072
LTR1D1	-1.79160572470455	0.084	310	2	6.924
LTR1E	-2.77673568699921	0.02	300	1	6.853
LTR1F	-Inf	0.122	136	0	3.066
LTR1F1	-0.734655433479005	0.518	234	3	4.992
LTR1F2	-0.624802765252947	0.812	137	2	3.084
LTR2	0.852637474049342	0	897	35	19.382
LTR21A	0.970723817629368	0.322	94	4	2.041
LTR21B	-Inf	0.916	36	0	0.836
LTR21C	-Inf	1	22	0	0.525
LTR22	0.128156351490682	1	109	2	1.83
LTR22A	-0.287275272921302	1	170	3	3.661
LTR22B	-1.52907129982911	0.51	154	1	2.886
LTR22B1	-1.78366618090783	0.308	156	1	3.443
LTR22B2	0.204233052217608	1	39	1	0.868
LTR22C	-Inf	1	17	0	0.388
LTR22C0	-0.294547233895515	1	113	2	2.453
LTR22C2	-0.655351828612554	1	82	1	1.575
LTR22E	-Inf	0.26	118	0	2.454
LTR23	1.34510624252668	0	878	48	18.894
LTR23-int	-0.49501287599944	1	203	3	4.228
LTR24	1.57961384621848	0	314	21	7.026
LTR24B	1.2715399671575	0.008	462	23	9.527
LTR24C	-0.225803744723394	0.936	377	7	8.186
LTR25	-1.14110576043013	0.494	315	2	4.411
LTR25-int	0.120053000535829	0.842	622	13	11.962
LTR26	-0.684930917876042	0.332	610	8	12.861
LTR26B	0.760235373489053	0.454	137	5	2.952
LTR26C	1.65657864086641	0	316	21	6.661
LTR26D	0.556090293163353	0.502	229	7	4.761
LTR26E	2.00578235259401	0.006	124	11	2.739
LTR27	-0.03341041526627	1	322	7	7.164
LTR2752	-2.47378691161437	0.082	233	1	5.555
LTR27B	-0.775261292347751	0.728	151	2	3.423
LTR27C	-0.354452160579562	1	119	2	2.557
LTR27D	-2.60880924267552	0.066	272	1	6.1
LTR27E	-0.713402554340085	0.666	222	3	4.919
LTR28	-0.643394453479892	0.844	140	2	3.124
LTR28B	-Inf	0.006	264	0	6.015
LTR28C	-0.764968872638959	0.54	228	3	5.098
LTR29	1.12676050717626	0.002	730	35	16.028
LTR2B	2.58112043442676	0	354	45	7.52
LTR2C	0.832291747671747	0.19	313	11	6.178
LTR3	-Inf	0.236	97	0	2.179
LTR30	0.912310871392771	0.208	149	6	3.188
LTR31	-0.885183866320351	0.492	251	3	5.541
LTR32	0.44189566834309	0.212	1235	36	26.502
LTR33	-0.563482387187893	0	9406	137	202.463
LTR33A	-1.27300854475114	0.002	2229	20	48.333
LTR33A_	-0.673443355684833	0.036	1779	24	38.277
LTR33B	-2.13963320511453	0	1635	8	35.252
LTR33C	-1.38287472033511	0.014	944	8	20.863
LTR34	1.37756937026282	0.018	271	15	5.773
LTR35	2.61352011140377	0	117	15	2.451
LTR35A	2.50703592203609	0	95	12	2.111
LTR35B	0.628799615471852	0.386	206	7	4.527
LTR36	-0.842375488206288	0.314	505	6	10.758
LTR37-int	-1.43543463780659	0.046	1395	11	29.751
LTR37A	-0.251870548701935	0.434	2029	36	42.867
LTR37B	-0.487154367148371	0.128	2097	31	43.452
LTR38	-0.917622701726283	0.48	258	3	5.667
LTR38-int	0.194845147054826	0.884	116	3	2.621
LTR38A1	-0.710172748279662	0.806	164	2	3.272
LTR38B	-0.764119645669933	0.628	236	3	5.095
LTR38C	1.72950428068555	0.034	132	9	2.714
LTR39	0.830021566397503	0.008	1297	48	27.001
LTR39-int	1.04580368961312	0.22	197	8	3.875
LTR3A	2.20266957870681	0	179	17	3.693
LTR3B	0.227692025041597	0.982	90	2	1.708
LTR3B_	-1.02337364962651	0.41	276	3	6.098
LTR4	2.16731248356047	0.004	107	8	1.781
LTR40a	-1.1279303716824	0	2032	20	43.709
LTR40A1	-1.34993137336011	0.074	580	5	12.745
LTR40b	-1.81779865050185	0	1142	7	24.678
LTR40c	-0.535610627078901	0.36	610	9	13.046
LTR41	-0.456630947938026	0.346	1199	18	24.702
LTR41B	-0.521205399748548	0.368	868	13	18.657
LTR41C	-1.45391260364389	0.03	766	6	16.437
LTR42	0.664097572011266	0.24	338	12	7.573
LTR43	-1.28258807025916	0.144	470	4	9.731
LTR43-int	-Inf	0.716	182	0	3.383
LTR43B	-0.867105729502655	0.528	250	3	5.472
LTR44	-0.675665407405542	0.732	233	3	4.792
LTR45	0.0181473467102592	1	177	4	3.95
LTR45B	-0.652142272136664	0.464	448	6	9.429
LTR45C	-3.16928366111573	0.024	473	1	8.996
LTR46	1.37359424009226	0.018	260	14	5.403
LTR46-int	0.576332195577716	0.616	82	3	2.012
LTR47A	-0.573180602789373	0.292	696	10	14.878
LTR47A2	-0.0433445048771693	1	287	6	6.183
LTR47B	-Inf	0.994	43	0	0.828
LTR47B2	-1.97085365434048	0.236	175	1	3.92
LTR47B3	-1.29278174922785	0.782	122	1	2.45
LTR47B4	-0.166072675946706	1	105	2	2.244
LTR48	0.708188455947178	0.032	1009	34	20.811
LTR48B	0.454558739063117	0.17	1026	30	21.892
LTR49	0.377471197082848	0.21	1584	42	32.331
LTR49-int	-0.515688708481876	0.312	2333	34	48.609
LTR5	-Inf	1	25	0	0.547
LTR5_Hs	0.290121229315016	0.474	701	18	14.721
LTR50	-0.506017921943488	0.09	2597	40	56.805
LTR51	0.392294880844855	0.476	416	12	9.143
LTR52	-1.25507768200545	0.014	1109	10	23.868
LTR52-int	-Inf	0.264	176	0	3.612
LTR53	-1.7996399569296	0.02	516	3	10.444
LTR53-int	-2.95046841415012	0.154	354	1	7.73
LTR53B	-2.04194382997017	0.216	198	1	4.118
LTR54	0.230549251972455	0.544	1137	29	24.717
LTR54B	0.901541941105838	0.008	884	35	18.736
LTR55	0.0335695326937021	0.98	425	9	8.793
LTR56	0.809188699620409	0.012	1050	37	21.116
LTR57	-1.50817508103267	0.236	282	2	5.689
LTR57-int	-2.01310489169949	0.124	387	2	8.073
LTR58	-Inf	0.658	76	0	1.681
LTR59	1.01042497941909	0.286	116	5	2.482
LTR5A	-0.595264942037584	0.556	306	4	6.043
LTR5B	1.09395236771752	0.006	469	21	9.838
LTR60	0.272297327162762	1	38	1	0.828
LTR60B	1.05343925896146	0.094	254	11	5.3
LTR61	-0.293566675820053	1	200	3	3.677
LTR62	0.143811049180963	0.804	326	8	7.241
LTR64	0.947758018818862	0.068	384	16	8.295
LTR65	0.556534796148489	0.294	477	15	10.199
LTR66	-3.01987979435658	0.032	435	1	8.111
LTR67B	-1.08846300126328	0	3787	38	80.806
LTR68	-0.922388165003844	0.348	356	4	7.581
LTR69	-1.68840418839746	0.44	147	1	3.223
LTR6A	-0.287826867285081	0.85	329	5	6.104
LTR6B	0.5631985264295	0.522	163	5	3.384
LTR7	0.397801055445303	0.064	2427	70	53.131
LTR70	-0.828225360358884	0.774	162	2	3.551
LTR71A	-0.882447416431731	0.646	170	2	3.687
LTR71B	0.107544208086232	0.91	251	6	5.569
LTR72	1.76406875149259	0.004	161	12	3.533
LTR72B	-1.83592407425437	0.33	163	1	3.57
LTR73	-0.306262239727851	0.964	229	4	4.946
LTR75	-0.422448312233464	0.776	311	5	6.701
LTR75_1	1.07450687905939	0.224	130	6	2.849
LTR75B	-Inf	0.064	204	0	4.333
LTR76	0.0660497423045758	1	207	4	3.821
LTR77	-Inf	0.24	105	0	2.279
LTR78	-0.831877241191673	0	4897	60	106.8
LTR78B	-1.70104491777559	0	3301	22	71.53
LTR79	-0.778291046746576	0	4095	51	87.47
LTR7B	1.39337406850301	0	888	49	18.653
LTR7C	2.09204251490397	0	332	31	7.271
LTR7Y	1.4656727323464	0.006	258	15	5.431
LTR8	1.04890960048095	0	3504	159	76.85
LTR80A	-1.53721322261978	0.112	401	3	8.707
LTR80B	-1.8491986517647	0.048	513	3	10.809
LTR81	1.08151199171559	0.03	336	15	7.088
LTR81A	-0.283724264600979	0.678	853	15	18.26
LTR81AB	-0.999278472082541	0.414	275	3	5.997
LTR81B	-0.262977154894645	0.6	1161	21	25.199
LTR81C	-1.65260121759652	0.01	739	5	15.72
LTR82A	-0.214746522682395	0.726	1049	20	23.21
LTR82B	-0.220386243092469	0.67	1162	22	25.631
LTR83	-2.43784915019448	0.002	736	3	16.255
LTR84a	-1.31855787300222	0.066	702	6	14.965
LTR84b	-0.409772371456767	0.34	1302	21	27.898
LTR85a	-0.696848490291821	0.042	1893	25	40.524
LTR85b	-2.10618078829194	0	1200	6	25.833
LTR85c	-0.669877160489095	0.114	1186	16	25.455
LTR86A1	-0.378388310715436	0.59	554	9	11.699
LTR86A2	-1.72312164595063	0.168	308	2	6.603
LTR86B1	-0.418351887785521	0.724	302	5	6.682
LTR86B2	-1.64362534009972	0.154	285	2	6.249
LTR86C	-1.71567376554819	0.144	301	2	6.569
LTR87	-0.362797152399756	0.592	718	12	15.431
LTR88a	-0.288949104584587	0.586	912	16	19.548
LTR88b	0.148472608414357	0.628	1640	39	35.186
LTR88c	-0.0931738089825008	0.932	1044	21	22.401
LTR89	-1.97465167328637	0	1101	6	23.582
LTR89B	-0.6712027765419	0.238	749	10	15.924
LTR8A	0.0830063934862162	0.8	1481	34	32.099
LTR8B	1.08413396550531	0.002	1644	77	36.319
LTR9	-0.372315357289824	0.456	850	14	18.122
LTR90A	0.180495303958067	0.772	407	10	8.824
LTR90B	-0.947728488352517	0.21	536	6	11.573
LTR91	-0.868894667422258	0.022	1592	19	34.699
LTR91A	-1.01737377157696	0.004	2468	26	52.63
LTR9A1	0.153740716810854	0.798	491	12	10.787
LTR9B	0.408607810401885	0.33	709	20	15.067
LTR9C	-0.33227828305693	0.998	172	3	3.777
LTR9D	-0.880663760066533	0.144	755	9	16.571
MADE1	-0.510077928082569	0	8005	118	168.047
MADE2	-0.399902353098323	0.058	2711	43	56.735
Mam_R4	0.108401347430112	0.848	564	13	12.059
MamGyp-int	-1.09934330138703	0.156	695	7	14.998
MamGypLTR1a	-0.47276298114931	0.316	1103	17	23.592
MamGypLTR1b	-0.281280114761804	0.5	1224	22	26.736
MamGypLTR1c	0.111666237900593	0.77	1168	27	24.989
MamGypLTR1d	0.0756889315965468	0.86	777	18	17.08
MamGypLTR2b	-1.08421548275841	0.034	879	9	19.082
MamGypLTR2c	-0.591743237467958	0.194	1055	15	22.606
MamGypLTR3	-0.251870548701935	0.736	680	12	14.289
MamGypLTR3a	-0.235573899368581	0.592	1350	24	28.257
MamGypLTR4	-1.38745445272982	0.036	724	6	15.697
MamGypsy2-I	-0.402779612402707	0.316	2302	38	50.238
MamGypsy2-LTR	-0.268584105094278	0.56	916	16	19.274
MamRep1151	-0.64020958152471	0.19	1278	18	28.054
MamRep137	-0.155560357633748	0.594	2500	48	53.465
MamRep1527	-1.19229939084343	0.018	1314	12	27.422
MamRep1879	0.454750462519389	0.074	1507	44	32.104
MamRep1894	-0.00566346962459112	1	709	15	15.059
MamRep38	-0.237971547307215	0.368	2167	39	45.994
MamRep4096	0.428041191420265	0.178	1282	37	27.501
MamRep434	0.148079525508951	0.54	2142	51	46.025
MamRep488	0.173943087269105	0.748	503	12	10.637
MamRep564	-0.64347841652609	0.18	804	11	17.183
MamRep605	-1.01309548608008	0	3594	38	76.693
MamRep605b	0.291984479805246	0.184	2391	63	51.457
MamRTE1	-0.178680166761907	0.166	9028	171	193.546
MamRTE2	-0.0299828662157143	1	49	1	1.021
MamSINE1	0.16131237005763	0.222	5945	142	126.978
MamTip1	0.281737023049067	0.482	774	20	16.452
MamTip1b	0.291150622894821	0.58	460	12	9.807
MamTip2	-0.0388447830900648	0.836	5279	110	113.002
MamTip2b	-0.199933828450991	0.152	6841	127	145.878
MamTip3	-0.670443812122809	0.108	1176	16	25.465
MamTip3B	-0.992687876033099	0.106	836	9	17.909
MARE10	-0.785759774427011	0.984	81	1	1.724
MARE11	-Inf	1	13	0	0.283
MARE4	0.238714726638381	0.698	312	8	6.78
MARE6	0.567040592723894	0.504	187	6	4.05
MARE8	1.22370455879924	0.016	218	11	4.71
MARE9	-Inf	1	29	0	0.421
MARNA	-0.134432944910301	0.578	3187	62	68.055
MER101	-1.98386007192363	0.094	370	2	7.911
MER101-int	-1.63250088948452	0.058	1253	8	24.804
MER101B	-0.960758810409239	0.406	269	3	5.839
MER102a	0.346669193833129	0.07	3088	83	65.271
MER102b	0.489860904599601	0	3205	96	68.361
MER102c	0.246973170802895	0.168	3172	80	67.413
MER103C	-0.172173065848713	0.136	9080	171	192.675
MER104	-0.0118001269335312	1	2260	47	47.386
MER105	0.358361493425128	0.346	730	20	15.601
MER106A	-0.0151585504674611	1	740	16	16.169
MER106B	-0.108189880004664	0.896	834	16	17.246
MER107	0.177156570673388	0.45	361	9	7.96
MER110	-1.75326221926786	0.006	802	5	16.856
MER110-int	-3.17136697561622	0.06	412	1	9.009
MER110A	-0.991110398647468	0.15	633	7	13.914
MER112	0.306457287247981	0.044	4569	120	97.035
MER113	0.332207060501579	0.078	3816	103	81.815
MER113A	0.385688195628216	0.086	2109	58	44.394
MER115	0.138949308062825	0.546	2559	61	55.399
MER117	0.138853907729819	0.378	4434	104	94.457
MER119	0.44893521555924	0.176	1221	36	26.373
MER11A	-1.03894691536916	0.01	992	11	22.602
MER11B	-0.660152814876375	0.242	562	8	12.642
MER11C	-1.33392458255539	0.01	885	8	20.167
MER11D	1.73504328203518	0	267	20	6.008
MER121	-1.02772025835593	0.018	941	10	20.388
MER121B	-Inf	0.466	70	0	1.541
MER123	-Inf	0.818	48	0	1.009
MER124	-0.721853842163465	0.144	765	10	16.493
MER125	-1.57143411587651	0.396	138	1	2.972
MER126	-0.956056652412403	0.344	276	3	5.82
MER127	-1.18142064028014	0.346	213	2	4.536
MER129	0.876731112505653	0.308	125	5	2.723
MER130	-0.397620446201434	0.896	181	3	3.952
MER131	-0.6570606769508	0.084	1137	15	23.653
MER132	-Inf	0.948	37	0	0.777
MER133A	-Inf	0.68	54	0	1.104
MER133B	-Inf	0.868	41	0	0.872
MER134	-0.946356571633634	0.822	90	1	1.927
MER135	-0.793604609736322	0.12	822	10	17.334
MER136	-Inf	1	29	0	0.615
MER1A	-0.439070706158268	0.038	3307	52	70.498
MER1B	-0.0809499731508829	0.618	5525	112	118.464
MER2	0.0537306551732482	0.632	9338	206	198.469
MER20	0.195735405150693	0.038	17280	415	362.348
MER20B	0.0653941117963688	0.764	4240	95	90.79
MER21-int	1.54102259837956	0	1094	67	23.024
MER21A	1.9158390970477	0	2062	169	44.788
MER21B	0.35331233402698	0.106	2871	79	61.84
MER21C	0.0266282445957106	0.876	5724	125	122.714
MER2B	-0.135198489464454	0.668	2101	41	45.028
MER3	0.354296819731405	0	11144	303	237.022
MER30	0.55538111695119	0	4256	132	89.823
MER30B	-0.242754922076276	1	255	4	4.733
MER31-int	-0.481663642212888	0.584	1194	17	23.738
MER31A	1.13952471196929	0	1379	66	29.958
MER31B	0.596164684015419	0.032	1525	49	32.414
MER33	0.287336634204657	0.008	9845	254	208.131
MER34	0.0392906062631151	0.91	1355	30	29.194
MER34-int	-2.13602728516192	0.122	423	2	8.791
MER34A	0.384718238573558	0.204	1513	42	32.169
MER34A1	-0.525400742639262	0.384	804	12	17.272
MER34B	0.364111223268192	0.432	668	19	14.762
MER34B-int	0.524915117051217	0.422	641	19	13.205
MER34C	1.50021787985269	0.01	206	12	4.242
MER34C_	0.635478502232239	0.142	685	22	14.162
MER34C2	0.35979041847529	0.334	613	18	14.027
MER34D	-0.921436330806298	0.494	254	3	5.682
MER39	1.06618372498405	0	3390	155	74.025
MER39B	1.4443474250781	0	1222	72	26.457
MER4-int	0.0205525188781113	0.938	3127	69	68.024
MER41-int	0.344245189059823	0.396	1776	50	39.386
MER41A	1.45285633955908	0	2640	158	57.717
MER41B	1.7548671826581	0	2941	213	63.112
MER41C	1.57378495140967	0	863	54	18.14
MER41D	-0.53647924956338	0.548	488	7	10.153
MER41E	0.741597042897852	0.158	365	13	7.775
MER41G	-0.279768421593595	1	120	2	2.428
MER44A	0.0289796981756408	0.944	2404	53	51.946
MER44B	0.376793238358949	0.102	2176	61	46.979
MER44C	-0.729269967984199	0.112	1126	15	24.867
MER44D	0.0828356119454561	0.926	657	15	14.163
MER45A	-0.0223701805260662	0.942	3563	75	76.172
MER45B	-0.272122750500713	0.6	1331	24	28.982
MER45C	0.615729107457585	0.078	1235	40	26.104
MER45R	-0.637223806600956	0.34	661	9	13.998
MER46C	0.451533663015114	0.02	2870	83	60.695
MER47A	-0.248534836138679	0.324	2639	47	55.836
MER47B	-0.739200040230892	0.246	623	8	13.354
MER47C	-0.131896734897051	0.878	791	15	16.436
MER48	0.711093068999201	0.328	196	7	4.276
MER49	0.353594771165892	0.3	1428	38	29.74
MER4A	0.739447359646418	0.042	890	32	19.167
MER4A1	0.41209499968428	0.066	2314	64	48.098
MER4A1_	0.756655886945512	0.13	416	15	8.878
MER4B	1.1052650336183	0	1788	82	38.115
MER4B-int	-0.237726863748234	0.746	1620	30	35.374
MER4C	1.14068094929096	0.004	697	33	14.967
MER4CL34	-0.399225792120938	0.448	933	15	19.782
MER4D	1.08333228277995	0	1373	64	30.204
MER4D0	0.803837340643299	0.15	457	17	9.738
MER4D1	1.23943838349067	0	1595	80	33.883
MER4E	0.585864467015549	0.132	746	24	15.99
MER4E1	0.642354164609493	0.064	1092	36	23.064
MER50	0.210719694860218	0.366	2591	66	57.031
MER50-int	0.510913830244163	0.406	555	18	12.632
MER50B	-0.104049050741605	0.968	700	14	15.047
MER50C	1.43830727860169	0.178	83	5	1.845
MER51-int	-0.334360244657713	0.85	621	11	13.869
MER51A	-0.833497336859835	0.076	955	12	21.384
MER51B	0.333606967630984	0.448	725	20	15.871
MER51C	-0.466061502303311	0.852	192	3	4.144
MER51D	-Inf	0.142	171	0	3.375
MER51E	-0.775401775822314	0.658	242	3	5.135
MER52-int	-1.87171224953469	0.136	501	3	10.979
MER52A	-1.48585613681212	0	1465	12	33.61
MER52C	-2.12515513132229	0.028	399	2	8.725
MER52D	-1.91437317193972	0.012	664	4	15.078
MER53	0.0162516137185486	0.924	6020	129	127.555
MER54A	-0.132435832842973	0.896	774	14	15.346
MER54B	0.671316696239938	0.19	438	15	9.419
MER57-int	-3.80580834870147	0.002	1366	2	27.97
MER57A-int	-1.85402890394017	0.002	1976	12	43.381
MER57A1	-1.21325395073353	0.008	1093	10	23.186
MER57B1	-0.17555653643184	0.714	1033	20	22.588
MER57B2	0.38293665611182	0.228	1145	32	24.54
MER57C1	-1.03843618165611	0.544	195	2	4.108
MER57C2	-2.32754366229427	0.01	472	2	10.039
MER57D	-1.31788288282941	0.112	464	4	9.972
MER57E1	-0.14535138557262	0.95	512	10	11.06
MER57E2	-Inf	0.476	80	0	1.679
MER57E3	-1.38901605968851	0.458	277	2	5.238
MER57F	-0.310838661781964	0.772	424	7	8.683
MER58A	-0.153871900555458	0.106	13824	263	292.601
MER58B	0.133685438622953	0.338	7134	168	153.132
MER58C	0.217875356487095	0.296	2642	65	55.889
MER58D	0.380410918571233	0.238	1174	32	24.583
MER5A	0.221812406606159	0	35585	882	756.304
MER5A1	-0.0639908556280145	0.46	16237	331	346.012
MER5B	0.174319292092903	0.004	25480	609	539.687
MER5C	0.204819791888498	0.54	1374	34	29.5
MER5C1	0.504304837375931	0.194	627	19	13.395
MER6	-1.01744686846683	0.096	826	9	18.219
MER61-int	-1.4528062625625	0.038	1202	10	27.374
MER61A	-1.15331895240048	0.03	813	8	17.794
MER61B	0.621805487428037	0.2	435	14	9.098
MER61C	1.38835545662634	0.002	316	18	6.876
MER61D	1.63885550871636	0	269	18	5.78
MER61E	2.26450408001841	0	320	33	6.868
MER61F	-0.249748715083569	1	167	3	3.567
MER63A	-0.502321342660911	0.014	3616	55	77.907
MER63B	-0.126807703142035	0.67	2472	48	52.41
MER63C	-0.732341567640759	0.216	904	12	19.936
MER63D	-0.212374787567268	0.586	1752	32	37.075
MER65-int	-0.193519446794649	0.874	1092	20	22.871
MER65A	-1.37378739372261	0	1485	12	31.098
MER65B	-Inf	0.068	211	0	4.608
MER65C	0.548333578730434	0.21	700	21	14.36
MER65D	-0.539034702970754	0.61	525	7	10.171
MER66-int	-0.987442146669176	0.324	794	9	17.844
MER66A	-Inf	0	340	0	6.941
MER66B	-0.41331150576722	0.264	1486	23	30.63
MER66C	-0.696216434056394	0.292	603	8	12.962
MER66D	-0.859174455866436	0.574	249	3	5.442
MER67A	-1.31222951145607	0.22	481	4	9.933
MER67B	-0.784643569310682	0.358	498	6	10.336
MER67C	-0.470246504823675	0.262	1703	26	36.019
MER67D	-1.9054792703637	0.004	1055	6	22.478
MER68	0.224051208369149	0.42	1529	38	32.534
MER68-int	0.68109362933628	0.328	402	13	8.108
MER68B	-0.203166346027165	0.832	475	9	10.361
MER68C	-0.214539313340439	1	165	3	3.481
MER6A	-0.199625235657732	0.712	1034	20	22.968
MER6B	0.197405329862486	0.646	693	17	14.826
MER6C	-0.558757430373762	0.91	168	2	2.946
MER70-int	-Inf	0.096	263	0	5.632
MER70A	-1.20564274194546	0.084	542	5	11.532
MER70B	-0.964549858979253	0.062	995	11	21.466
MER70C	-2.55507989832666	0.07	279	1	5.877
MER72	0.612902198139128	0.122	793	25	16.347
MER72B	-0.0965992072142467	1	198	4	4.277
MER73	-1.07496205768122	0.382	288	3	6.32
MER74A	-0.756616681747579	0.038	1625	21	35.48
MER74B	-0.108779739491796	0.89	958	19	20.488
MER74C	-2.39039254585427	0.096	234	1	5.243
MER75	-1.80708009682753	0.03	485	3	10.498
MER75A	-Inf	0.306	92	0	1.957
MER75B	-1.39725534559443	0.614	124	1	2.634
MER76	-0.475273581535264	0.462	728	11	15.292
MER76-int	-Inf	0.332	155	0	3.402
MER77	-1.35486243964554	0.002	1373	11	28.135
MER77B	0.144010302691519	0.702	1318	31	28.055
MER8	0.229485907198267	0.342	2006	49	41.794
MER81	0.168596388761482	0.304	3748	89	79.184
MER83	0.0101343771337131	1	516	11	10.923
MER83A-int	-1.1609201881811	0.942	105	1	2.236
MER83B	0.359841845036719	0.784	150	4	3.117
MER83B-int	-1.6794237981126	0.412	277	2	6.406
MER83C	-Inf	0.114	156	0	3.288
MER84	0.739557373455896	0.18	364	13	7.786
MER84-int	-1.53953107147415	0.7	143	1	2.907
MER85	-0.831508783766381	0.04	929	11	19.575
MER87	-0.185232254230161	1	166	3	3.411
MER87B	-0.181420640280142	1	211	4	4.536
MER88	-Inf	0.234	113	0	2.361
MER89	-0.30025260933323	0.48	1436	25	30.784
MER89-int	-0.762797631532888	0.37	789	9	15.271
MER90	-0.503394996893018	0.408	727	11	15.593
MER90a	-0.436961337833602	0.304	1265	20	27.075
MER91A	0.164829867644141	0.37	3694	89	79.391
MER91B	-0.0768326955573985	0.868	1476	30	31.641
MER91C	0.357467849861855	0.126	1665	45	35.124
MER92-int	-0.0690870605778597	1	1020	19	19.932
MER92A	-0.713255901730974	0.806	156	2	3.279
MER92B	-0.672157865690838	0.286	832	11	17.528
MER92C	0.18825497933718	0.904	125	3	2.633
MER92D	0.272878239206402	0.724	226	6	4.966
MER94	-0.199122642013601	0.196	4852	90	103.32
MER94B	0.70272853229113	0.038	634	22	13.517
MER95	-Inf	0.212	141	0	3.051
MER96	-0.00873653015846353	1	1291	27	27.164
MER96B	-0.274762450366085	0.402	2245	39	47.182
MER97a	-2.64247053731582	0.128	280	1	6.244
MER97b	-Inf	0.214	181	0	3.952
MER97c	-0.22002033044637	1	211	4	4.659
MER97d	-1.62760683812965	0.618	138	1	3.09
MER99	-0.779049552837458	0.564	301	4	6.864
MER9a1	-0.654068862729081	0.452	351	5	7.868
MER9a2	-0.783666180907829	0.39	322	4	6.886
MER9a3	-0.896078055397064	0.138	595	7	13.027
MER9B	0.205896101440252	1	39	1	0.867
Merlin1_HS	-0.321928094887362	1	56	1	1.25
MERX	-1.21505728090457	0.152	442	4	9.286
MIR	0.308046377603758	0	177613	4691	3789.084
MIR1_Amn	0.849662175427771	0	12053	457	253.596
MIR3	0.612653373051198	0	89786	2911	1903.773
MIRb	0.408498918654837	0	228856	6469	4873.789
MIRc	0.484390700890876	0	103104	3063	2189.429
MLT-int	-0.830255324167683	0.372	417	5	8.89
MLT1-int	-2.46962553850123	0.132	267	1	5.539
MLT1A	-0.565000536799968	0	9313	134	198.238
MLT1A-int	-1.74889054264591	0.086	448	3	10.083
MLT1A0	-0.666195174726468	0	21288	289	458.609
MLT1A0-int	-1.26476993887348	0.044	953	9	21.626
MLT1A1	-1.17098356087008	0	6913	66	148.609
MLT1A1-int	-1.09963185001446	0.224	462	5	10.715
MLT1B	-0.544749386937615	0	18094	266	388.032
MLT1B-int	-2.05322721092578	0.036	567	3	12.451
MLT1C	-0.22929278617873	0.152	6716	123	144.188
MLT1C-int	-Inf	0.324	130	0	2.949
MLT1C2	-0.00612258950832244	0.952	16393	348	349.48
MLT1C2-int	-3.26017624257408	0.012	436	1	9.581
MLT1D	-0.430697395588513	0	19733	313	421.888
MLT1D-int	-0.36815371109619	0.644	598	10	12.907
MLT1E	-0.876423182292987	0.102	922	11	20.194
MLT1E-int	-Inf	1	12	0	0.266
MLT1E1	-0.449025289250944	0.318	1065	17	23.207
MLT1E1-int	-Inf	1	45	0	0.827
MLT1E1A	-0.865580895985269	0.002	3422	41	74.705
MLT1E1A-int	-Inf	0.536	84	0	1.764
MLT1E2	-0.697984038915559	0.002	4091	55	89.223
MLT1E2-int	-Inf	0.268	128	0	2.927
MLT1E3	-0.409189304773461	0.184	2066	33	43.822
MLT1E3-int	-Inf	0.7	74	0	1.377
MLT1F	-0.585308105009175	0.008	4411	64	96.023
MLT1F-int	-3.53106949272595	0.004	530	1	11.56
MLT1F1	-0.646242815788923	0.012	3329	46	71.994
MLT1F1-int	-0.826599330273102	0.758	160	2	3.547
MLT1F2	-0.919835834281514	0	6215	70	132.433
MLT1F2-int	-2.77547201243005	0.116	327	1	6.847
MLT1G	-0.622107547097741	0.022	2894	41	63.104
MLT1G-int	-0.120683708801981	1	185	4	4.349
MLT1G1	-0.469472846221398	0.05	3680	58	80.307
MLT1G1-int	-0.770617646656203	0.586	299	4	6.824
MLT1G3	-0.426867056655576	0.11	2818	45	60.494
MLT1G3-int	-Inf	0.058	246	0	5.213
MLT1H	-0.895726229407171	0	10252	119	221.405
MLT1H-int	-1.87507230064019	0.002	836	5	18.341
MLT1H1	-0.833119477231977	0	3756	45	80.169
MLT1H1-int	-3.10752049359159	0.03	426	1	8.619
MLT1H2	-0.940187636253328	0	4849	54	103.614
MLT1H2-int	-Inf	0.012	354	0	7.763
MLT1I	-0.791302080278168	0	11268	140	242.289
MLT1I-int	-1.87695889606957	0.016	829	5	18.365
MLT1J	-0.235668611824798	0.02	15494	283	333.219
MLT1J-int	-1.1549627328847	0.024	1457	14	31.175
MLT1J1	-0.990511196225706	0	5003	54	107.292
MLT1J1-int	-0.461397589926158	0.626	476	8	11.015
MLT1J2	-0.917231234533874	0	6991	80	151.079
MLT1J2-int	-1.42158687316271	0.106	596	5	13.394
MLT1K	-0.0606195233431878	0.55	17999	370	385.878
MLT1K-int	-0.659620160249358	0.7	208	3	4.739
MLT1L	-0.177928786210275	0.128	12248	232	262.452
MLT1L-int	-1.28332916805164	0.794	112	1	2.434
MLT1M	0.11212817748137	0.65	2329	54	49.962
MLT1M-int	-Inf	1	1	0	0.02
MLT1N2	-0.465063153626825	0.002	5816	90	124.234
MLT1N2-int	-Inf	0.482	74	0	1.64
MLT1O	-0.504027091846695	0.008	5156	78	110.617
MLT1O-int	-Inf	1	12	0	0.279
MLT2A1	-2.87611952282865	0	3849	11	80.759
MLT2A2	-1.96128656473712	0	3928	22	85.67
MLT2B1	-1.15870423539977	0	4532	44	98.233
MLT2B2	-0.937736089061289	0.004	2229	25	47.888
MLT2B3	-1.80892042698159	0	3363	20	70.076
MLT2B4	-1.5915386263665	0	4762	34	102.466
MLT2B5	-1.01221108395087	0.282	383	4	8.068
MLT2C1	-0.759882701772906	0.004	2710	34	57.574
MLT2C2	-0.885964756753971	0.042	1378	16	29.568
MLT2D	-1.41971379720793	0	4584	37	98.987
MLT2E	-1.13963320511453	0.192	405	4	8.813
MLT2F	-1.3926952220084	0	1946	16	42.011
MSR1	1.51335236036775	0.002	445	27	9.458
MST-int	-0.698959271586461	0.656	235	3	4.87
MSTA	-1.41443959203645	0	20293	162	431.821
MSTA-int	-2.61247045754762	0	3304	12	73.386
MSTA1	-1.21772704203304	0.104	563	5	11.629
MSTA1-int	-Inf	1	29	0	0.719
MSTB	-1.41917672767866	0	8800	70	187.203
MSTB-int	-1.20414071678023	0.02	902	9	20.736
MSTB1	-0.963076745832119	0	4944	54	105.271
MSTB1-int	0.236163541109048	0.804	231	6	5.094
MSTB2	-0.477117753836938	0.182	1621	25	34.799
MSTB2-int	1.01887801020569	0.344	94	4	1.974
MSTC	-0.609573914933136	0.014	3291	47	71.713
MSTC-int	-0.750177705593057	0.626	210	3	5.046
MSTD	-0.835872484022437	0	7813	94	167.784
MSTD-int	-0.186838583663119	0.832	751	15	17.074
OldhAT1	-0.116051569880419	0.496	4404	85	92.12
ORSL	-0.491056441256926	0.248	1252	19	26.704
ORSL-2a	0.123433941248279	0.886	376	9	8.262
ORSL-2b	0.358546454328059	0.426	733	20	15.599
PABL_A	0.0328313924673725	0.962	544	12	11.73
PABL_A-int	-2.40463068421761	0.076	459	2	10.59
PABL_B	-0.0837239663930084	1	393	8	8.478
PABL_B-int	-0.624100894628115	0.822	265	4	6.165
Penelope1_Vert	-0.884101935149904	0.024	1123	13	23.993
Plat_L3	0.00649685283521658	1	3386	73	72.672
PRIMA4_LTR	-0.359708569926578	0.77	349	6	7.699
PRIMA4-int	-1.64677709287454	0.126	443	3	9.394
PRIMA41-int	0.658516496480857	0.33	511	17	10.77
PRIMAX-int	-Inf	0.836	78	0	1.561
PrimLTR79	0.0444392042829369	1	136	3	2.909
REP522	1.48563668898469	0.048	294	11	3.928
Ricksha	-0.901648910916347	0.396	431	5	9.341
Ricksha_0	-0.720541147546599	0.514	386	5	8.239
Ricksha_a	-0.189033824390017	1	57	1	1.14
Ricksha_b	0.652334343699029	0.552	118	4	2.545
Ricksha_c	-1.27487456253344	0.01	1032	9	21.778
SAR	7.0023101606872	0	13	5	0.039
SATR1	-0.28542498310144	0.836	728	13	15.844
SATR2	-0.758729568457863	0.59	450	6	10.152
SST1	-Inf	0.108	650	0	8.089
SSU-rRNA_Hsa	0.775136504623705	0.512	90	3	1.753
SVA_A	0.616840271218983	0.014	1230	41	26.736
SVA_B	0.300602872970059	0.38	839	23	18.674
SVA_C	0.399254502037916	0.352	540	16	12.132
SVA_D	0.414300991967236	0.082	1491	47	35.268
SVA_E	0.141123816773245	0.78	704	16	14.509
SVA_F	0.67978767107569	0.026	1023	35	21.849
TAR1	2.02326977932285	0.018	155	6	1.476
THE1-int	-0.969749128288659	0.52	200	2	3.917
THE1A	-1.69270423395405	0	4308	29	93.746
THE1A-int	-2.57430338243952	0	1481	6	35.735
THE1B	-2.10654641827042	0	22924	115	495.258
THE1B-int	-3.33638337316485	0	4277	10	101.007
THE1C	-2.00721543900885	0	10046	54	217.083
THE1C-int	-2.83922058794138	0	1824	6	42.938
THE1D	-1.51667385547769	0	12935	98	280.408
THE1D-int	-3.88711092381908	0	2667	4	59.183
Tigger1	-1.44426564202762	0	12353	103	280.288
Tigger10	0.465576138935198	0.114	1481	44	31.864
Tigger11a	-0.834792104764455	0.362	419	5	8.918
Tigger12	0.00631610515875936	1	910	19	18.917
Tigger12A	-1.00665708190145	0.076	748	8	16.074
Tigger12c	-0.752281498253618	0.118	865	11	18.529
Tigger13a	-0.597598536247385	0.02	3189	46	69.607
Tigger14a	-0.633767012180403	0.066	1312	18	27.929
Tigger15a	0.386113080881523	0.008	4892	138	105.596
Tigger16a	0.29889457622183	0.228	1822	48	39.018
Tigger16b	0.52026468228411	0.028	1342	41	28.587
Tigger17	0.624821520410388	0.688	57	2	1.297
Tigger17a	0.21070827059769	0.402	2457	62	53.575
Tigger17b	-Inf	0.332	94	0	2.083
Tigger17c	-Inf	0.006	347	0	7.455
Tigger17d	-0.295918896516495	0.858	336	6	7.366
Tigger18a	-0.384523520488757	0.416	1273	21	27.414
Tigger19a	0.353436998957492	0.028	3637	99	77.489
Tigger19b	0.063446393331048	0.724	3685	81	77.515
Tigger1a_Art	0.0409717810563061	0.946	315	7	6.804
Tigger1a_Mars	-Inf	1	45	0	1.026
Tigger2	-0.593228546423586	0.046	2835	42	63.362
Tigger20a	-0.0962618530584036	0.868	1378	28	29.932
Tigger21a	0.674229838818244	0.462	173	6	3.76
Tigger22N1	-0.100488411980778	0.89	1102	22	23.587
Tigger23a	-1.05264774550413	0.086	580	6	12.446
Tigger2a	-0.739769565175647	0	3391	44	73.476
Tigger2b_Pri	-0.0924842377263207	0.838	2191	44	46.913
Tigger3	0.385154547140134	0.302	1166	33	25.268
Tigger3a	0.139785896107602	0.302	5480	130	117.995
Tigger3b	-0.135124395168587	0.504	6456	128	140.568
Tigger3c	0.171596458309435	0.482	2425	57	50.608
Tigger3d	0.164783302587887	0.746	696	16	14.273
Tigger4	-1.67991917497906	0	1466	10	32.041
Tigger4a	0.137969039746233	0.454	3595	84	76.339
Tigger4b	0.00586136324825439	1	2565	55	54.777
Tigger5	-3.51146803927587	0	545	1	11.404
Tigger5b	-0.336759446288448	0.24	2854	48	60.62
Tigger6	0.0130430374755988	1	256	5	4.955
Tigger6a	-2.32067721705987	0.006	699	3	14.987
Tigger6b	0.890878277619888	0.282	179	7	3.775
Tigger7	-0.3114584022284	0.248	3017	52	64.53
Tigger8	-0.741502940969712	0.15	959	12	20.063
Tigger9a	-0.0681630472612505	0.986	1043	21	22.016
Tigger9b	0.0846703239869905	0.886	774	18	16.974
tRNA-Ala-GCA	-Inf	0.772	41	0	0.964
tRNA-Ala-GCG	3.15842936260448	0.064	11	2	0.224
tRNA-Ala-GCY	1.58207999218803	0.514	34	1	0.334
tRNA-Ala-GCY_	-Inf	0.458	80	0	1.636
tRNA-Arg-AGA	1.17788172527066	0.458	40	2	0.884
tRNA-Arg-AGG	1.42275246440685	0.594	21	1	0.373
tRNA-Arg-CGA	-Inf	1	8	0	0.162
tRNA-Arg-CGA_	-Inf	1	2	0	0.035
tRNA-Arg-CGG	-Inf	1	16	0	0.318
tRNA-Arg-CGY_	-0.0313951962755344	1	49	1	1.022
tRNA-Asn-AAC	-Inf	0.924	53	0	0.757
tRNA-Asn-AAT	-Inf	1	2	0	0.006
tRNA-Asp-GAY	1.96390699742142	0.09	48	3	0.769
tRNA-Cys-TGY	0.792856795058251	0.37	138	5	2.886
tRNA-Gln-CAA	2.09541956507868	0.174	23	2	0.468
tRNA-Gln-CAA_	-Inf	0.99	34	0	0.706
tRNA-Gln-CAG	1.20423305221761	0.204	85	4	1.736
tRNA-Glu-GAA	-0.889862881365179	0.874	99	1	1.853
tRNA-Glu-GAG	-Inf	1	20	0	0.398
tRNA-Glu-GAG_	0.695099619355978	0.57	97	3	1.853
tRNA-Gly-GGA	2.00835974504528	0	109	9	2.237
tRNA-Gly-GGG	-Inf	1	44	0	0.597
tRNA-Gly-GGY	-Inf	1	37	0	0.685
tRNA-His-CAY	-Inf	1	1	0	0.021
tRNA-His-CAY_	-Inf	1	53	0	0.595
tRNA-Ile-ATA	-Inf	0.468	65	0	1.39
tRNA-Ile-ATC	-Inf	1	9	0	0.078
tRNA-Ile-ATT	-Inf	0.7	55	0	1.067
tRNA-Leu-CTA	-Inf	1	2	0	0.04
tRNA-Leu-CTA_	-Inf	1	7	0	0.149
tRNA-Leu-CTG	-Inf	1	15	0	0.195
tRNA-Leu-CTY	0.746615764199925	0.896	30	1	0.596
tRNA-Leu-TTA	1.90508835297453	0.48	12	1	0.267
tRNA-Leu-TTA(m)	-Inf	1	27	0	0.578
tRNA-Leu-TTG	1.90508835297453	0.19	26	2	0.534
tRNA-Lys-AAA	0.936497057693842	0.57	51	2	1.045
tRNA-Lys-AAG	-0.621993231666123	1	73	1	1.539
tRNA-Met	-Inf	0.81	52	0	0.876
tRNA-Met_	0.103146927103293	1	47	1	0.931
tRNA-Met-i	-Inf	0.75	45	0	0.996
tRNA-Phe-TTY	0.631138546779989	0.602	91	3	1.937
tRNA-Pro-CCA	2.27928375747887	0.344	9	1	0.206
tRNA-Pro-CCG	3.55639334852439	0.16	4	1	0.085
tRNA-Pro-CCY	3.00385232549561	0.032	17	3	0.374
tRNA-SeC(e)-TGA	-Inf	1	3	0	0.062
tRNA-Ser-AGY	-Inf	1	14	0	0.289
tRNA-Ser-TCA	-Inf	1	1	0	0.028
tRNA-Ser-TCA_	-Inf	1	4	0	0.089
tRNA-Ser-TCA(m)	-Inf	1	31	0	0.651
tRNA-Ser-TCG	-Inf	1	7	0	0.159
tRNA-Ser-TCY	-Inf	1	15	0	0.331
tRNA-Thr-ACA	-Inf	1	26	0	0.601
tRNA-Thr-ACG	-Inf	1	2	0	0.048
tRNA-Thr-ACG_	-Inf	1	12	0	0.253
tRNA-Thr-ACY	-Inf	1	15	0	0.346
tRNA-Thr-ACY_	-Inf	1	12	0	0.258
tRNA-Trp-TGG	-Inf	1	13	0	0.289
tRNA-Tyr-TAC	1.25670047211174	0.396	37	2	0.837
tRNA-Tyr-TAT	-Inf	1	6	0	0.13
tRNA-Val-GTA	2.89969509420431	0.076	12	2	0.268
tRNA-Val-GTG	0.595096877854869	1	43	1	0.662
tRNA-Val-GTY	-Inf	1	31	0	0.591
U1	0.271600541328937	0.784	223	5	4.142
U13	0.898157859065917	0.184	179	7	3.756
U13_	-0.146655222119465	1	316	6	6.642
U14	-Inf	1	7	0	0.174
U17	3.21759143507263	0.066	9	2	0.215
U2	-0.13537851225842	0.76	1111	21	23.066
U3	0.288358261632225	0.76	234	6	4.913
U4	1.75470717655347	0.002	161	12	3.556
U5	0.604153765740993	0.37	214	7	4.605
U6	0.409551960195114	0.074	1799	49	36.89
U7	1.6871981752418	0.002	250	17	5.279
U8	-Inf	1	34	0	0.674
UCON1	-1.3790663992809	0.244	245	2	5.202
UCON100	-Inf	1	19	0	0.411
UCON101	0.471262001556428	0.554	208	6	4.328
UCON103	-Inf	1	14	0	0.308
UCON105	0.139765518339447	0.78	642	15	13.615
UCON11	-Inf	0.806	45	0	0.9
UCON12	-0.370722275148167	1	59	1	1.293
UCON12A	-Inf	1	23	0	0.492
UCON14	-Inf	0.292	100	0	2.09
UCON15	-Inf	0.658	50	0	1.096
UCON16	-Inf	0.856	38	0	0.803
UCON17	-Inf	1	33	0	0.727
UCON18	-Inf	1	33	0	0.662
UCON19	-Inf	1	31	0	0.66
UCON2	0.424203624670918	0.688	138	4	2.981
UCON20	-Inf	0.708	43	0	0.958
UCON21	-Inf	1	29	0	0.592
UCON22	0.29689930039584	1	38	1	0.814
UCON23	-Inf	1	31	0	0.641
UCON24	-Inf	1	22	0	0.503
UCON25	-Inf	0.722	50	0	0.981
UCON26	0.842632851888512	0.146	207	8	4.461
UCON27	-1.14274017211608	0.762	102	1	2.208
UCON28a	-Inf	0.124	129	0	2.815
UCON28b	-Inf	0.392	75	0	1.63
UCON28c	-0.542010355536609	1	68	1	1.456
UCON29	-1.30626223972785	0.272	235	2	4.946
UCON31	-1.387362540836	0.55	119	1	2.616
UCON33	0.0389941316158638	1	136	3	2.92
UCON34	0.866133015178184	0.046	339	13	7.132
UCON35	1.43089782704644	0.008	173	10	3.709
UCON37	-0.309952247228744	0.962	172	3	3.719
UCON38	-0.0894981508391025	1	208	4	4.256
UCON39	1.15778544603906	0.154	107	5	2.241
UCON4	-1.55826763405574	0.396	138	1	2.945
UCON40	-0.41006969175638	0.81	245	4	5.315
UCON41	0.189821338582181	0.716	575	14	12.274
UCON44	-0.973060172804084	0.234	360	4	7.852
UCON47	-0.740711733399101	0.72	154	2	3.342
UCON48	-0.0415934486591822	1	194	4	4.117
UCON49	-Inf	0.198	109	0	2.299
UCON5	-Inf	0.17	123	0	2.622
UCON51	-Inf	0.816	44	0	0.911
UCON55	0.461627387468075	0.326	412	12	8.714
UCON56	-Inf	1	15	0	0.335
UCON57	-Inf	1	22	0	0.452
UCON58	0.00810179849696444	1	236	5	4.972
UCON59	-Inf	0.78	45	0	0.951
UCON6	0.518012256796529	0.706	96	3	2.095
UCON60	0.309359421384307	1	38	1	0.807
UCON61	-Inf	1	16	0	0.364
UCON62	-Inf	1	24	0	0.523
UCON63	-Inf	1	14	0	0.3
UCON64	-Inf	1	16	0	0.346
UCON65	-Inf	0.984	32	0	0.715
UCON66	-Inf	0.518	64	0	1.353
UCON67	-Inf	1	20	0	0.433
UCON68	-Inf	1	12	0	0.235
UCON69	-Inf	1	29	0	0.68
UCON7	-Inf	0.154	125	0	2.835
UCON70	-0.325386414659773	1	59	1	1.253
UCON71	-Inf	1	17	0	0.383
UCON71_Crp	-0.271664710977234	0.868	282	5	6.036
UCON73	-0.101112158474151	1	259	5	5.363
UCON75	-Inf	1	24	0	0.531
UCON76	-0.0233736496265051	1	141	3	3.049
UCON78	0.353652984648655	0.73	180	5	3.913
UCON8	-1.15801380658977	0.352	207	2	4.463
UCON80	0.145605322246899	1	43	1	0.904
UCON80_AMi	0.143054136717567	0.96	228	5	4.528
UCON81	1.29867274258706	0.41	40	2	0.813
UCON83	-Inf	0.638	49	0	1.077
UCON84	-Inf	0.186	109	0	2.42
UCON85	0.698997743967186	0.92	28	1	0.616
UCON86	-Inf	0.476	70	0	1.463
UCON87	-Inf	1	6	0	0.131
UCON88	0.531156057025362	0.998	33	1	0.692
UCON89	0.869069130173551	0.614	50	2	1.095
UCON9	-Inf	0.756	49	0	0.985
UCON92	-Inf	1	19	0	0.436
UCON93	1.84944032342462	0.22	27	2	0.555
UCON94	0.592919224549499	0.956	31	1	0.663
UCON96	-Inf	1	18	0	0.379
UCON97	0.177881725270655	1	40	1	0.884
UCON99	-0.0976107966264223	1	56	1	1.07
X1_DNA	-0.025454096427749	1	710	15	15.267
X1_LINE	-Inf	0.358	83	0	1.802
X1_LR	-Inf	1	15	0	0.379
X10b_DNA	-0.7261772795547	0.44	308	4	6.617
X11_DNA	-0.965199393726274	0.394	267	3	5.857
X12_DNA	-0.166369374156675	0.644	1379	26	29.178
X12_LINE	-1.22496636500027	0.308	227	2	4.675
X13_LINE	-0.108357178090418	1	148	3	3.234
X15_LINE	0.213682446698502	0.818	243	6	5.174
X17_LINE	-0.0502578901169525	0.978	965	20	20.709
X2_LINE	-0.368861453220011	0.888	188	3	3.874
X20_LINE	-0.174619472512398	1	162	3	3.386
X21_LINE	-Inf	0.748	47	0	0.989
X22_DNA	0.87038726186953	0.86	25	1	0.547
X23_DNA	-Inf	0.604	60	0	1.301
X24_DNA	-0.7122289158447	0.304	457	6	9.83
X24_LINE	0.0830236801939766	0.948	568	13	12.273
X26_DNA	-0.112366523072563	0.902	971	19	20.539
X2a_DNA	-1.60058693390841	0.032	420	3	9.098
X2b_DNA	-Inf	0.044	192	0	4.234
X30_DNA	-0.586273445873503	0.206	765	11	16.515
X32_DNA	-1.24671210053186	0.162	327	3	7.119
X33a_DNA	-0.624802765252947	1	69	1	1.542
X34_DNA	-Inf	0.234	105	0	2.126
X4a_DNA	-0.402358365208097	0.86	182	3	3.965
X4b_DNA	-0.0521376233351752	1	708	15	15.552
X5a_DNA	0.287904512598483	0.582	429	11	9.01
X5B_LINE	-Inf	0.474	75	0	1.543
X6a_DNA	-0.437693822465422	0.278	1005	16	21.671
X6A_LINE	-0.896401029953673	0.032	1055	12	22.337
X6b_DNA	-0.0316640548377901	1	987	21	21.466
X6B_LINE	-0.426993107845068	0.314	891	14	18.822
X7A_LINE	0.197024607917061	0.58	937	23	20.064
X7B_LINE	-0.00683657739665802	1	940	20	20.095
X7C_LINE	0.294022098317478	0.492	621	16	13.05
X7D_LINE	-0.243669080966863	1	58	1	1.184
X8_LINE	-0.68885174386588	0.578	231	3	4.836
X9_LINE	0.183707500416788	0.672	670	16	14.087
X9a_DNA	0.384960434699289	0.296	702	20	15.316
X9b_DNA	0.104364998745654	0.878	606	14	13.023
Zaphod	-1.42543103519652	0.006	2330	19	51.033
Zaphod2	-0.516092750889587	0.398	875	13	18.591
Zaphod3	-0.905515945632301	0.058	1235	14	26.225
Zaphod4a	-1.48971418557334	0.25	394	3	8.425
Zaphod5a	0.82708584097326	0.502	80	3	1.691
Zaphod5b	-0.6915341649192	1	74	1	1.615
