	log.enrich	pval	total	real.overlap	random.mean
(CATTC)n	-Inf	0.444	64	0	2.658
(GAATG)n	-Inf	0.058	35	0	3.215
5S	0.0927051803816464	0.534	1317	118	110.656
7SK	0.00529960370514874	1	762	66	65.758
7SLRNA	0.477341579365721	0	1428	170	122.111
ACRO1	-1.14730669878029	0.65	86	2	4.43
ALR/Alpha	-5.27073823010708	0	1700	5	193.028
Alu	0.292712044196087	0	8195	817	666.971
AluJb	0.521597430590999	0	121115	15151	10554.188
AluJo	0.515708960209738	0	47320	5858	4097.373
AluJr	0.468941455511926	0	117446	14135	10212.46
AluJr4	0.419807442519943	0	12658	1476	1103.346
AluSc	0.212743943990545	0	38726	3914	3377.369
AluSc5	0.198700774527455	0.004	4259	427	372.06
AluSc8	0.210876294473214	0	21085	2119	1830.842
AluSg	0.337802679987821	0	44393	4904	3880.268
AluSg4	0.386297520599176	0	12565	1413	1081.073
AluSg7	0.232008067411265	0	6031	617	525.344
AluSp	0.391637145642156	0	67237	7690	5861.811
AluSq	0.437709026104093	0	12718	1493	1102.291
AluSq10	0.326321921765282	0	1575	171	136.384
AluSq2	0.348549242308674	0	53394	5939	4664.333
AluSq4	0.191056044550918	0.104	1683	168	147.162
AluSx	0.456548842903755	0	129556	15492	11289.445
AluSx1	0.447092560615621	0	110941	13208	9688.327
AluSx3	0.350738808937706	0	40018	4435	3477.849
AluSx4	0.222779104494291	0	12119	1232	1055.717
AluSz	0.445529700126347	0	122105	14581	10707.042
AluSz6	0.404198302286438	0	42260	4885	3691.38
AluY	0.119838884734807	0	101596	9624	8856.875
AluYa5	-0.788948280590865	0	3853	194	335.196
AluYa8	0.103058380178765	0.714	405	35	32.587
AluYb8	-0.552055185327306	0	2715	162	237.52
AluYb9	-0.360256213546462	0.24	383	26	33.375
AluYc	0.0884062627922115	0.124	6889	629	591.613
AluYc3	0.268411238506796	0.188	581	60	49.814
AluYd8	-0.5208352860146	0.168	229	14	20.087
AluYe5	-0.092445511755446	0.526	1343	108	115.147
AluYe6	0.667639868871061	0.024	199	28	17.627
AluYf1	0.157468398710371	0.11	2082	201	180.216
AluYg6	-0.477687101557746	0.012	857	53	73.803
AluYh3	0.225563560473916	0.18	665	69	59.013
AluYh3a3	-0.33851517600789	0.566	161	11	13.909
AluYh7	0.0615439252089728	0.82	502	42	40.246
AluYh9	-0.289244285156643	0.708	178	11	13.442
AluYi6	0.0612213390194325	0.802	462	42	40.255
AluYi6_4d	0.618162916093953	0.416	44	6	3.909
AluYj4	0.0719925423943972	0.406	2913	263	250.198
AluYk11	-0.355204249761661	0.468	176	12	15.35
AluYk12	0.0585597705146657	1	100	9	8.642
AluYk2	0.206844142234961	0	6900	683	591.772
AluYk3	0.117547917397403	0.04	6210	587	541.069
AluYk4	0.148175561143925	0.23	1117	110	99.263
AluYm1	0.0937678317226682	0.172	4835	443	415.123
AmnSINE1	0.444246357451787	0	2633	314	230.78
AmnSINE2	0.546436482153792	0.006	671	86	58.885
Arthur1	-0.364914019853007	0.024	2360	164	211.2
Arthur1A	0.340716843909219	0.01	1183	131	103.444
Arthur1B	0.0288200123981609	0.828	2347	212	207.807
Arthur1C	0.559371286557587	0	727	92	62.431
Arthur2	0.0592815624369748	0.734	1016	93	89.256
BC200	0.563482773310705	0	707	90	60.9
BLACKJACK	-0.979533919718454	0	2162	99	195.211
BSR/Beta	-1.53472152430104	0.004	1956	40	115.893
CER	-2.76850194743426	0.03	86	1	6.814
Chap1_Mam	0.628095822344728	0.004	498	67	43.351
Chap1a_Mam	0.0889831472085708	0.504	1431	135	126.925
Charlie1	0.00154417428430552	1	1939	172	171.816
Charlie10	-0.264599272383164	0.194	1157	86	103.312
Charlie10a	-0.114660198772756	0.804	307	25	27.068
Charlie10b	0.211731917133163	0.456	276	28	24.178
Charlie11	-0.00820001383213612	1	113	10	10.057
Charlie12	-1.08542465625268	0.862	23	1	2.122
Charlie13a	0.333442218373821	0.21	561	64	50.793
Charlie13b	-0.107490954683495	0.77	408	34	36.63
Charlie14a	-0.537945296100923	0.082	521	31	45.009
Charlie15a	0.475520890464531	0	3250	396	284.806
Charlie15b	0.289357012133095	0.028	1942	210	171.836
Charlie16	-0.00737492992764765	1	1476	128	128.656
Charlie16a	0.524926713858735	0	1474	179	124.404
Charlie17	-0.468496431220364	0.154	550	36	49.812
Charlie17a	0.206834061648767	0.112	1251	126	109.171
Charlie17b	0.0110729911057184	0.962	543	48	47.633
Charlie18a	0.410180895578378	0	2509	293	220.491
Charlie19a	0.515393701810153	0	1620	201	140.62
Charlie1a	-0.00784231106351346	0.948	5856	517	519.818
Charlie1b	0.230372864181574	0.03	3087	316	269.363
Charlie20a	-0.196199696646759	0.42	891	68	77.906
Charlie21a	-0.120035899477873	0.7	772	63	68.466
Charlie22a	0.115100862433971	0.452	1121	107	98.795
Charlie23a	0.267167524119984	0.036	1506	158	131.29
Charlie24	0.163088424045654	0.336	1289	126	112.532
Charlie25	-0.681246477780524	0.014	1094	61	97.815
Charlie26a	0.0761218895353503	0.768	517	48	45.533
Charlie29a	-0.0321738214261288	0.894	986	87	88.962
Charlie29b	0.256677940915278	0.086	1465	153	128.063
Charlie2a	-0.0643996437075737	0.704	2095	177	185.08
Charlie2b	-0.186800096682227	0.178	3743	292	332.365
Charlie3	-0.108491002592243	0.824	342	30	32.343
Charlie30a	0.269419928897467	0.256	467	49	40.653
Charlie30b	0.584882353222961	0.002	620	81	54.003
Charlie31a	0.4841059233944	0.004	812	100	71.494
Charlie32a	0.169931937492836	0.582	266	26	23.111
Charlie4	0.368020985055902	0.056	919	103	79.809
Charlie4a	0.448424219209728	0	2908	350	256.495
Charlie4z	0.429976727829362	0	6037	705	523.303
Charlie5	-0.0672052722160616	0.672	2609	216	226.3
Charlie6	-3.00557963969985	0.006	264	3	24.093
Charlie7	-0.286127691255593	0.018	3983	292	356.054
Charlie7a	0.238465078301334	0.074	1465	150	127.147
Charlie7b_Mars	-0.070389327891398	1	58	5	5.25
Charlie8	0.492133875384491	0	4420	550	391.035
Charlie9	-0.00707174459169915	1	1322	116	116.57
Cheshire	-0.0436512127914153	0.914	1037	89	91.734
Chompy-6_Croc	-0.279768421593595	1	14	1	1.214
Chompy-7_Croc	0.428565884123491	0.882	17	2	1.486
CR1_Mam	0.124987406046557	0.318	1729	166	152.224
CR1-1_Amn	0.616073033261187	0.256	66	9	5.872
CR1-11_Crp	-0.0820212693455023	1	24	2	2.117
CR1-12_AMi	-0.553974808237472	0.346	132	8	11.745
CR1-13_AMi	-0.17998868478701	0.89	102	8	9.063
CR1-16_AMi	-0.968011734178518	0	309	14	27.386
CR1-3_Croc	0.391758486737281	0	1348	155	118.141
CR1-8_Crp	-Inf	1	5	0	0.437
CR1-L3A_Croc	0.118625881198835	0.674	320	31	28.553
CR1-L3B_Croc	-1.6544355408454	0.344	38	1	3.148
CRP1	-Inf	1	6	0	0.561
D20S16	-Inf	0.028	388	0	31.265
DNA1_Mam	0.33326732368915	0.438	172	19	15.081
ERV24_Prim-int	-0.261093995264359	0.614	435	31	37.15
ERV24B_Prim-int	-0.0164963198961958	0.998	379	34	34.391
ERV3-16A3_I-int	-0.585081842819946	0	6685	411	616.551
ERV3-16A3_LTR	-0.0851497869290933	0.65	1117	94	99.715
ERVL-B4-int	-0.796230712599959	0	4138	215	373.36
ERVL-E-int	-0.588236993649148	0	9119	546	820.861
ERVL-int	-0.697077556819844	0.012	831	46	74.576
ERVL47-int	-0.156684249562958	0.904	211	18	20.065
Eulor1	-2.88225175696972	0.006	85	1	7.373
Eulor10	-0.167357927738514	1	39	3	3.369
Eulor11	-0.81573936216664	0.262	103	5	8.801
Eulor12	-0.756738663206233	0.456	57	3	5.069
Eulor2A	-1.56169272139831	0.12	68	2	5.904
Eulor2B	-0.771181309504119	0.47	58	3	5.12
Eulor2C	-1.77904955283746	0.292	40	1	3.432
Eulor3	-0.773996325111173	0.724	38	2	3.42
Eulor4	-1.50690655458069	0.536	32	1	2.842
Eulor5A	0.443398918346153	0.298	126	15	11.031
Eulor5B	-0.924859998957002	0.566	43	2	3.797
Eulor6A	0.600555435410542	0.548	30	4	2.638
Eulor6B	-0.124592825405822	1	63	5	5.451
Eulor6C	-Inf	0.278	21	0	1.862
Eulor6D	-0.207268173112028	0.888	77	6	6.927
Eulor6E	-1.49415956371284	0.434	31	1	2.817
Eulor7	-Inf	0.646	12	0	1.121
Eulor8	-2.06901467791518	0	145	3	12.588
Eulor9A	0.121078520250149	0.864	125	12	11.034
Eulor9B	-1.42277121932047	0.53	30	1	2.681
Eulor9C	-0.0340591644136761	1	106	9	9.215
EuthAT-2	-1.03646540886287	0.002	1166	51	104.611
EuthAT-N1	0.579333868915323	0.28	82	11	7.362
EuthAT-N1a	0.450741560960523	0.55	51	6	4.39
Eutr10	0.113709996938344	0.586	996	96	88.724
Eutr11	-0.453338600923909	0.124	620	39	53.399
Eutr15	-0.325486532289299	0.242	659	46	57.642
Eutr16	0.720606905566539	0.002	524	76	46.12
Eutr18	0.786018705933398	0	682	104	60.314
Eutr2	0.565758766748064	0.058	232	30	20.268
Eutr2B	-0.651185666586949	0.066	441	24	37.691
Eutr5	0.443422940375846	0.062	411	49	36.034
EUTREP14	-0.545433023343471	0.062	393	24	35.027
EUTREP15	0.45807221865801	0.246	197	24	17.471
EUTREP16	-0.0821575590854261	0.82	424	35	37.051
EUTREP2	0.26733610928731	0.112	834	88	73.115
EUTREP4	-0.49682561158617	0.15	301	19	26.811
EUTREP6	0.858567209070704	0.594	13	2	1.103
EUTREP7	-0.0420606048329035	1	279	24	24.71
EUTREP8	0.0658232180781837	0.86	269	25	23.885
EutTc1-N1	-0.342270274404548	0.942	61	4	5.071
EutTc1-N2	0.0755200076409777	0.912	197	17	16.133
FAM	0.440165224822274	0	4362	518	381.792
FLAM_A	0.372539976868279	0	15391	1711	1321.613
FLAM_C	0.522893888418839	0	25202	3123	2173.528
FordPrefect	-0.98388612393105	0.004	614	28	55.378
FordPrefect_a	0.274622380109006	0.424	281	30	24.8
FRAM	0.512984486804596	0	20741	2540	1779.959
GSAT	0.92636669676766	0.132	39	11	5.788
GSATII	1.13794541677453	0.148	175	32	14.541
GSATX	-Inf	0.098	53	0	5.148
HAL1	-0.118699729761216	0.038	21741	1794	1947.846
HAL1b	-0.667890279559821	0	4461	246	390.832
HAL1M8	-0.476328417188169	0.008	2273	146	203.115
HAL1ME	-0.487225812807053	0	7554	474	664.428
Harlequin-int	0.743215763839197	0.004	590	96	57.351
hAT-1_Mam	0.446901679721824	0.006	1483	180	132.051
hAT-16_Crp	-0.00504061670053016	1	23	2	2.007
hAT-4b_Ther	0.557242242365229	0.134	235	30	20.388
hAT-5_Mam	0.323053407257707	0.078	920	101	80.737
hAT-N1_Mam	-0.15315678806142	0.742	240	19	21.128
hAT-N1a_Mam	0.194157264983486	0.39	473	48	41.956
Helitron1Na_Mam	-0.886501373848083	0.056	332	16	29.579
Helitron1Nb_Mam	-1.07427707149716	0.004	361	15	31.585
Helitron2Na_Mam	-0.262019654092689	0.378	435	32	38.373
Helitron3Na_Mam	0.279068505894568	0.07	1129	122	100.543
HERV-Fc1_LTR1	-0.249748715083569	1	17	1	1.189
HERV-Fc1_LTR2	1.83135796444116	0.482	3	1	0.281
HERV-Fc1_LTR3	1.10159814000781	0.722	5	1	0.466
HERV-Fc1-int	-Inf	1	6	0	0.547
HERV-Fc2_LTR	1.44222232860507	0.61	4	1	0.368
HERV-Fc2-int	-Inf	1	5	0	0.612
HERV1_I-int	2.24605322791223	0	49	25	5.27
HERV1_LTRa	1.87244008573174	0	27	9	2.458
HERV1_LTRb	2.4281775931668	0.002	10	5	0.929
HERV1_LTRc	1.69619003297871	0.008	34	10	3.086
HERV1_LTRd	1.45008444637804	0.096	16	4	1.464
HERV1_LTRe	0.696073163519305	0.482	34	4	2.469
HERV15-int	1.62787156559333	0.006	122	23	7.442
HERV16-int	-0.396958804929628	0.026	1930	133	175.125
HERV17-int	1.36758482814423	0	916	228	88.359
HERV3-int	0.938691394714013	0.016	322	51	26.607
HERV30-int	1.54308874020587	0.008	72	20	6.863
HERV35I-int	0.384558590770464	0.208	627	75	57.451
HERV4_I-int	-0.761195676104052	0.15	349	19	32.203
HERV9-int	-0.365468585778131	0.282	367	30	38.649
HERV9N-int	-0.43998288652973	0.36	229	17	23.062
HERV9NC-int	0.0477949874322164	0.894	257	29	28.055
HERVE_a-int	0.773414405206879	0.036	190	32	18.721
HERVE-int	1.46782742896363	0	284	76	27.476
HERVFH19-int	0.175028534543774	0.796	114	12	10.629
HERVFH21-int	0.297896593370612	0.638	132	16	13.015
HERVH-int	1.14723733180806	0	5931	1270	573.391
HERVH48-int	0.326922514262091	0.516	124	17	13.553
HERVI-int	0.991688416837507	0.058	88	18	9.052
HERVIP10B3-int	0.466172848711418	0.288	248	34	24.612
HERVIP10F-int	0.890166824552484	0.002	327	58	31.294
HERVIP10FH-int	0.969385130998996	0	439	76	38.815
HERVK-int	-0.120604723236934	0.928	258	21	22.831
HERVK11-int	1.24127043154214	0	286	59	24.957
HERVK11D-int	1.59790155642865	0.002	43	14	4.625
HERVK13-int	0.764997114763766	0.386	68	11	6.473
HERVK14-int	0.53129984484039	0.144	440	58	40.132
HERVK14C-int	0.418696963997358	0.552	81	10	7.481
HERVK22-int	0.758446912785301	0.01	449	68	40.197
HERVK3-int	1.24199821541652	0	368	75	31.709
HERVK9-int	-0.438939888956151	0.156	722	51	69.136
HERVKC4-int	1.49436308823723	0.016	65	16	5.679
HERVL-int	-0.812352812993295	0	2403	137	240.582
HERVL18-int	0.99749953389054	0	507	98	49.085
HERVL32-int	1.00204526704772	0.102	137	24	11.983
HERVL40-int	-0.118883022070297	0.692	1398	113	122.706
HERVL66-int	-1.73292038210826	0.168	141	3	9.972
HERVL74-int	-1.1713776515307	0.06	393	15	33.784
HERVP71A-int	0.894263627863748	0.038	254	46	24.749
HERVS71-int	1.44096835630458	0	188	50	18.416
HSAT4	-1.84425172911843	0.144	100	3	10.772
HSAT5	-0.672742134333959	0.566	279	10	15.941
HSAT6	-Inf	0.798	19	0	1.039
HSATI	-Inf	0.422	60	0	1.914
HSMAR1	-0.678887484234817	0.012	725	42	67.238
HSMAR2	-1.21294192722205	0	1829	71	164.585
HUERS-P1-int	-0.172885720050583	0.738	530	45	50.729
HUERS-P2-int	0.0831978393234365	0.842	267	27	25.487
HUERS-P3-int	-0.771322190812848	0.042	790	42	71.687
HUERS-P3b-int	-0.317511874633918	0.476	538	39	48.601
HY1	0.847852644263856	0	461	72	40.004
HY3	0.368952984481045	0.066	576	61	47.235
HY4	0.680181035347219	0.032	164	23	14.354
HY5	0.199255376063222	1	23	2	1.742
Kanga1	-0.375436676490452	0.118	818	56	72.645
Kanga11a	-0.113901402369192	0.646	895	73	78.997
Kanga1a	-0.112652478946954	0.676	852	70	75.685
Kanga1b	-0.240430140379122	0.538	382	29	34.259
Kanga1c	0.0236859099183204	0.93	834	74	72.795
Kanga1d	-0.148536463725271	0.572	686	54	59.856
Kanga2_a	0.00811216153154656	0.942	1568	140	139.215
L1HS	-1.82001091963526	0	1642	31	109.456
L1M	-0.799938009635793	0	778	38	66.159
L1M1	-0.909980331078472	0	10162	503	945.147
L1M2	-1.48837951804859	0	9331	296	830.498
L1M2a	-1.37504761102631	0.004	459	17	44.094
L1M2a1	-1.29207494997754	0.094	128	5	12.244
L1M2b	-1.46212712603717	0.03	213	7	19.286
L1M2c	-1.13791763513609	0.01	452	19	41.812
L1M3	-1.16978775608786	0	7486	285	641.189
L1M3a	-1.28500329150504	0	673	23	56.047
L1M3b	-2.36196482201998	0	589	10	51.407
L1M3c	-1.03096870063099	0	1090	48	98.083
L1M3d	-0.863023518541988	0.02	532	26	47.29
L1M3de	-1.33527474528719	0.006	498	17	42.895
L1M3e	-1.72047747137764	0	811	22	72.5
L1M3f	-0.58568366796481	0.088	694	44	66.033
L1M4	-0.92659754129952	0	20797	957	1819.054
L1M4a1	-0.940348744892168	0	2713	126	241.793
L1M4a2	-1.16189147519489	0	2113	85	190.188
L1M4b	-0.860385496709951	0	4399	214	388.522
L1M4c	-1.57364964366495	0	3723	111	330.399
L1M5	-0.682875282140031	0	46104	2506	4022.972
L1M6	-0.92076337183888	0	5437	257	486.531
L1M6B	-0.040486129392579	0.924	740	63	64.793
L1M7	-1.37485313816856	0	3102	106	274.902
L1M8	-1.57138743925434	0	1753	52	154.539
L1MA1	-1.35776095683552	0	4356	163	417.748
L1MA10	-1.00287939204618	0	5240	231	462.923
L1MA2	-1.15639861424656	0	7599	324	722.197
L1MA3	-0.999828163166441	0	9329	445	889.894
L1MA4	-1.42091106666206	0	10977	374	1001.402
L1MA4A	-1.32597892156403	0	6355	238	596.673
L1MA5	-0.984317634033627	0	4601	212	419.416
L1MA5A	-0.740599310756336	0	3535	192	320.807
L1MA6	-1.43171775392523	0	5653	189	509.861
L1MA7	-1.02792907291269	0	8860	389	793.208
L1MA8	-1.12685652395589	0	11543	477	1041.684
L1MA9	-1.27083453767573	0	17080	632	1525.023
L1MB1	-1.36815070366244	0	6361	223	575.651
L1MB2	-0.439908742711906	0	9323	594	805.772
L1MB3	-0.115801265231801	0.074	18216	1493	1617.78
L1MB4	-0.294025201513701	0.002	9583	693	849.657
L1MB5	-0.112136458746618	0.148	10120	818	884.117
L1MB7	-0.350002204035124	0	23879	1678	2138.716
L1MB8	-0.275768441660844	0	17029	1254	1518.141
L1MC	-1.04536807808636	0	8093	336	693.468
L1MC1	-0.742289608064937	0	13334	735	1229.529
L1MC2	-0.724897735595617	0	6531	351	580.127
L1MC3	-0.65094572538055	0	13567	776	1218.473
L1MC4	-0.245500030665034	0	24233	1811	2146.947
L1MC4a	-0.404225915348784	0	10189	684	905.191
L1MC5	-0.2611710944049	0	14811	1095	1312.304
L1MC5a	-0.310513601315977	0	18323	1301	1613.434
L1MCa	-0.837124006242821	0	7351	373	666.359
L1MCb	-0.836761723456546	0	2184	109	194.678
L1MCc	-0.738656712734993	0	3320	177	295.346
L1MD	-1.01208652007448	0	8747	379	764.377
L1MD1	-1.09662022010911	0	7120	305	652.252
L1MD2	-0.557000839884714	0	11235	684	1006.306
L1MD3	-0.304010308870043	0.002	5553	392	483.952
L1MDa	-1.47218297610335	0	7208	232	643.664
L1MDb	-1.25791579132422	0	1016	36	86.094
L1ME1	-0.768831922575049	0	32075	1704	2903.428
L1ME2	-0.762772483861844	0	13123	695	1179.24
L1ME2z	-0.308182163043908	0	7469	532	658.694
L1ME3	-0.316436702122725	0	9350	673	838.054
L1ME3A	-0.465941357232403	0	16176	1049	1448.898
L1ME3B	-0.597865613261723	0	8464	496	750.684
L1ME3C	-0.642576987134759	0	3352	191	298.173
L1ME3Cz	-0.517403642749898	0	14582	902	1291.102
L1ME3D	-0.888404627183103	0	4406	211	390.588
L1ME3E	-0.774927224833403	0	4645	241	412.376
L1ME3F	-0.666123799457664	0	4641	260	412.569
L1ME3G	-0.245995704746783	0	19078	1404	1665.019
L1ME4a	-0.0980460779847001	0.004	29875	2456	2628.713
L1ME4b	0.044256740477395	0.298	25168	2283	2214.029
L1ME4c	-0.020172498376814	0.75	9612	830	841.687
L1ME5	-0.283076124493537	0.012	3487	253	307.847
L1MEa	-1.03557992445531	0.018	368	16	32.799
L1MEb	-0.323432329881391	0.092	1753	125	156.413
L1MEc	-1.08350673138847	0	18334	774	1640.246
L1MEd	-0.865461613062935	0	17206	839	1528.593
L1MEf	-1.2182952409721	0	11747	451	1049.349
L1MEg	-1.19198566570776	0	13699	533	1217.729
L1MEg1	-0.597083684832147	0.04	1034	61	92.272
L1MEg2	-1.28478907531064	0	761	28	68.221
L1MEh	-0.679116420005112	0	3089	170	272.197
L1MEi	-0.653473415364487	0	5382	304	478.177
L1MEj	-0.871412345510856	0	2432	117	214.046
L1P	-0.989658055778541	0.092	170	7	13.9
L1P1	-1.9610122849107	0	3334	77	299.788
L1P2	-1.87904628113014	0	1647	44	161.846
L1P3	-1.39821242518253	0	3541	123	324.197
L1P3b	-1.39359924875459	0.122	88	3	7.882
L1P4	-1.5663366326007	0	3933	114	337.613
L1P4a	-1.48078212440398	0	592	20	55.82
L1P4b	0.242336646239169	0.632	158	16	13.526
L1P4c	-1.72566845650944	0.192	107	3	9.922
L1P4d	-1.13252984092569	0.122	162	7	15.347
L1P4e	-2.58672471796872	0	199	3	18.022
L1P5	-1.35668638861049	0	809	27	69.146
L1PA10	-0.894674881581614	0	7337	372	691.619
L1PA11	-1.16898783589573	0	4243	180	404.737
L1PA12	-1.43866545531454	0	1835	60	162.642
L1PA13	-1.57185442616518	0	9214	291	865.104
L1PA14	-1.41117743227348	0	3079	109	289.89
L1PA15	-1.73120952439927	0	8639	248	823.375
L1PA15-16	-0.696175960075724	0	1519	88	142.578
L1PA16	-1.39428645760443	0	14511	511	1343.207
L1PA17	-0.85730883138158	0	4850	244	442.044
L1PA2	-1.92993510743057	0	5114	134	510.591
L1PA3	-1.86196550826179	0	11102	313	1137.763
L1PA4	-1.87528830476083	0	12283	335	1229.031
L1PA5	-1.42726891262215	0	11650	431	1159.119
L1PA6	-1.37069103315394	0	6196	250	646.486
L1PA7	-1.55092742458336	0	13418	460	1347.825
L1PA8	-0.942852220303177	0	8382	397	763.163
L1PA8A	-1.28154401753842	0	2467	101	245.53
L1PB	-1.37191725164396	0	1911	63	163.053
L1PB1	-0.97322310989891	0	13410	654	1283.947
L1PB2	-1.32515300536931	0	2963	111	278.121
L1PB3	-1.17320585551277	0	3726	155	349.544
L1PB4	-1.12789037221047	0	7713	321	701.51
L1PBa	-0.407553743700775	0.012	2222	161	213.556
L1PBa1	0.253349405440252	0.32	468	56	46.981
L1PBb	0.123346634821983	0.7	336	36	33.05
L1PREC2	-1.31219331785486	0	8315	309	767.305
L2	0.105528281042294	0	55157	5216	4848.087
L2-1_AMi	0.41949811321	0	949	111	82.993
L2-1_Crp	0.188118003781332	0.948	42	4	3.511
L2-2_Mam	0.585634597405005	0	557	73	48.644
L2-3_AMi	-Inf	0.718	11	0	0.975
L2-3_Crp	0.204559904898244	0.086	1749	178	154.469
L2a	0.274618953262699	0	170012	18164	15015.609
L2b	0.52780073459306	0	93700	11862	8227.617
L2c	0.363880895432369	0	129292	14646	11380.988
L2d	0.336652054998035	0	28368	3150	2494.412
L2d2	0.29113412983547	0	53617	5753	4701.693
L3	0.254662170709015	0	46112	4815	4035.853
L3b	0.345162359960253	0	9843	1094	861.218
L4_A_Mam	-0.0735097766523849	0.336	6659	563	592.43
L4_B_Mam	0.0595364801028982	0.604	3332	304	291.71
L4_C_Mam	0.0436356601643523	0.6	5094	464	450.176
L5	-0.130999016305802	0.63	745	58	63.513
LFSINE_Vert	0.158351681985894	0.096	2331	228	204.299
Looper	-0.970853654340484	0.022	559	25	49
LOR1-int	-1.23296768053165	0	1421	54	126.927
LOR1a	-0.992157798500821	0	852	38	75.588
LOR1b	-1.08717391218696	0	1133	47	99.855
LSAU	0.389614902398937	0.592	143	9	6.87
LSU-rRNA_Hsa	0.247271320331142	0.38	454	43	36.227
LTR06	-0.319287609060564	0.766	104	7	8.734
LTR1	-0.262566789999069	0.534	252	18	21.593
LTR101_Mam	-0.580551012767137	0	1176	69	103.184
LTR102_Mam	-0.251325232327958	0.474	528	40	47.612
LTR103_Mam	0.4510702305236	0.014	762	90	65.835
LTR103b_Mam	0.262562328337971	0.204	621	66	55.018
LTR104_Mam	0.114503726783476	0.372	1986	190	175.503
LTR105_Mam	-0.543701080025072	0.026	682	41	59.766
LTR106_Mam	-0.65123635674031	0.012	664	37	58.109
LTR107_Mam	0.0353881038518778	0.898	427	39	38.055
LTR108a_Mam	-0.797843067065541	0.454	86	4	6.954
LTR108b_Mam	-0.647698256069119	0.7	54	3	4.7
LTR108c_Mam	0.0383766717130554	1	44	4	3.895
LTR108d_Mam	-0.976241420048764	0.364	67	3	5.902
LTR108e_Mam	-0.30828021487433	0.56	182	13	16.097
LTR109A2	-1.22032995487956	0.744	27	1	2.33
LTR10A	1.02554664082056	0	327	58	28.491
LTR10B	-0.579373267067387	0.52	82	5	7.471
LTR10B1	-0.152693360913788	0.848	171	14	15.563
LTR10B2	-0.430208796260072	0.61	107	7	9.432
LTR10C	0.591357020779216	0.006	539	71	47.124
LTR10D	1.07243678394344	0	182	33	15.692
LTR10E	-0.0400647910346004	1	293	25	25.704
LTR10F	0.954203158639083	0	450	79	40.774
LTR10G	0.163941226614685	0.794	131	12	10.711
LTR12	-1.05755424645809	0	791	35	72.849
LTR12_	-0.815660224276577	0	557	29	51.043
LTR12B	-0.559291564049204	0.252	178	11	16.209
LTR12C	-0.545623260524674	0	2781	189	275.874
LTR12D	-0.904484097901423	0	502	24	44.925
LTR12E	-0.809002774939086	0.168	115	6	10.512
LTR12F	-0.315810941546893	0.162	653	45	56.012
LTR13	0.0528949484321256	0.842	524	47	45.308
LTR13_	-0.507244937375933	0.748	48	3	4.264
LTR13A	0.612007323735385	0.062	210	28	18.32
LTR14	1.17462139610707	0.002	96	19	8.417
LTR14A	-0.191057239926314	0.798	144	10	11.416
LTR14B	0.837575101068438	0	368	60	33.575
LTR14C	1.36826375170448	0	137	28	10.846
LTR15	0.193089052416092	0.548	311	26	22.743
LTR16	0.14652129420462	0.126	3080	305	275.545
LTR16A	-0.0550670097469747	0.542	4295	367	381.279
LTR16A1	0.0761826710079828	0.484	2734	257	243.781
LTR16A2	0.375136028575518	0.002	1849	214	165.001
LTR16B	-0.323704401197589	0.154	702	50	62.577
LTR16B1	0.165828159859428	0.27	1203	120	106.97
LTR16B2	-0.0745054363636297	0.654	1681	140	147.42
LTR16C	0.080010817768686	0.226	6765	633	598.85
LTR16D	-0.28481378950057	0.108	1137	83	101.115
LTR16D1	0.073241468013535	0.86	214	20	19.01
LTR16D2	-0.86615627567379	0.024	314	15	27.342
LTR16E1	-0.0084964504875785	0.984	2540	225	226.329
LTR16E2	-0.0825050396573438	0.502	2368	200	211.771
LTR17	0.777613640420156	0	855	136	79.333
LTR18A	-0.177758369571128	0.784	198	16	18.098
LTR18B	0.861851600261876	0	371	61	33.565
LTR18C	-0.201633861169651	0.964	77	6	6.9
LTR19-int	0.149120584911928	0.762	229	20	18.036
LTR19A	0.792573300755656	0	457	67	38.68
LTR19B	0.191973503251368	0.59	287	27	23.636
LTR19C	1.2444409231455	0.004	140	28	11.818
LTR1A1	-0.396032990508936	0.212	367	26	34.213
LTR1A2	-0.0450566405323433	0.94	851	76	78.411
LTR1B	-0.293823193835959	0.584	349	26	31.873
LTR1B0	0.216417626059629	0.734	92	10	8.607
LTR1B1	-0.304690749712638	0.57	174	13	16.057
LTR1C	0.86559981748666	0.12	64	11	6.037
LTR1C1	0.268165085583374	0.684	72	8	6.643
LTR1C3	0.391596255535106	0.642	65	7	5.336
LTR1D	-0.0880913296248568	0.862	306	27	28.7
LTR1D1	-0.82873311915091	0.014	310	16	28.418
LTR1E	-0.403968834984002	0.256	300	21	27.786
LTR1F	-1.66811912468643	0.014	136	4	12.712
LTR1F1	-0.286254962956745	0.5	234	17	20.731
LTR1F2	0.144921526496257	0.768	137	14	12.662
LTR2	1.06212150206126	0	897	165	79.023
LTR21A	1.4512846205855	0	94	23	8.411
LTR21B	-1.61917821605907	0.38	36	1	3.072
LTR21C	1.0372659094042	0.266	22	4	1.949
LTR22	0.126383635673675	0.898	109	8	7.329
LTR22A	1.22595546533373	0	170	35	14.963
LTR22B	-0.690129709261598	0.24	154	7	11.294
LTR22B1	0.0982996074685425	0.834	156	15	14.012
LTR22B2	-0.813935070481317	0.676	39	2	3.516
LTR22C	-0.669026765509631	1	17	1	1.59
LTR22C0	0.129877431373757	0.858	113	11	10.053
LTR22C2	-0.134220939760634	1	82	6	6.585
LTR22E	1.49817873457909	0	118	29	10.266
LTR23	1.38679677080701	0	878	201	76.865
LTR23-int	-1.24844809140481	0.126	203	7	16.631
LTR24	1.38092471962225	0	314	73	28.03
LTR24B	0.922848169511495	0	462	75	39.56
LTR24C	0.826536452146785	0.002	377	59	33.269
LTR25	-0.724451840394935	0.174	315	11	18.175
LTR25-int	0.457959618655282	0.174	622	66	48.049
LTR26	-0.759768369662098	0.012	610	32	54.183
LTR26B	0.43784738218693	0.352	137	17	12.55
LTR26C	1.26871599749461	0	316	69	28.637
LTR26D	0.602002772641843	0.108	229	31	20.424
LTR26E	0.895216062227601	0.05	124	21	11.291
LTR27	-0.118335113513882	0.782	322	27	29.308
LTR2752	-1.02670350095081	0.006	233	11	22.411
LTR27B	0.711292451722531	0.046	151	22	13.437
LTR27C	-0.868159945874656	0.166	119	6	10.952
LTR27D	-1.60567211147581	0.004	272	8	24.347
LTR27E	-0.00791308164326482	1	222	20	20.11
LTR28	-0.744914545454079	0.196	140	8	13.407
LTR28B	-0.621641654951604	0.092	264	16	24.618
LTR28C	-0.225137798075265	0.61	228	18	21.04
LTR29	1.28259226535194	0	730	160	65.769
LTR2B	1.3490260832554	0	354	79	31.012
LTR2C	0.578290864298924	0.082	313	37	24.781
LTR3	0.556066983849113	0.212	97	13	8.842
LTR30	1.81942775435818	0	149	45	12.75
LTR31	0.412346978907678	0.174	251	30	22.542
LTR32	1.23024148199003	0	1235	256	109.119
LTR33	0.220563537032945	0	9406	969	831.625
LTR33A	-0.412210265377567	0.002	2229	148	196.947
LTR33A_	0.0279247108958028	0.842	1779	159	155.952
LTR33B	-0.812931710313806	0	1635	81	142.299
LTR33C	-0.140600203801507	0.47	944	77	84.882
LTR34	0.966383933467798	0	271	47	24.054
LTR35	1.49370273452848	0	117	30	10.653
LTR35A	1.63569735251806	0	95	27	8.689
LTR35B	0.31887344478206	0.418	206	23	18.439
LTR36	0.800200830405004	0.002	505	78	44.793
LTR37-int	-0.979194975476578	0	1395	63	124.196
LTR37A	0.298615500734099	0.008	2029	217	176.428
LTR37B	0.0636978727833464	0.634	2097	188	179.88
LTR38	0.113036319861209	0.798	258	25	23.116
LTR38-int	0.385794977155781	0.46	116	14	10.715
LTR38A1	0.739895775149184	0.042	164	23	13.772
LTR38B	0.842003207025663	0.01	236	38	21.199
LTR38C	1.51519785135906	0	132	33	11.545
LTR39	1.12046412628886	0	1297	240	110.387
LTR39-int	0.563420975746244	0.2	197	23	15.564
LTR3A	1.77028439537328	0	179	53	15.537
LTR3B	-0.00965429201366183	1	90	7	7.047
LTR3B_	-0.0997196577081135	0.89	276	23	24.646
LTR4	1.18217211940605	0.012	107	16	7.051
LTR40a	-0.199410774435875	0.108	2032	157	180.272
LTR40A1	-0.125397861515217	0.734	580	47	51.268
LTR40b	-0.0800891135680584	0.654	1142	96	101.48
LTR40c	0.0873030779485501	0.716	610	57	53.653
LTR41	-0.111892880070897	0.61	1199	93	100.5
LTR41B	0.189599941619108	0.372	868	86	75.409
LTR41C	-0.398178656709806	0.126	766	51	67.21
LTR42	0.258844981389211	0.374	338	37	30.923
LTR43	0.121096764545748	0.686	470	43	39.538
LTR43-int	-0.960088011131871	0.474	182	7	13.618
LTR43B	-0.16021027985079	0.774	250	20	22.349
LTR44	-0.421012294555663	0.456	233	15	20.083
LTR45	0.719043686168944	0.062	177	26	15.795
LTR45B	0.369905219816582	0.158	448	48	37.144
LTR45C	-0.476813696865534	0.158	473	27	37.575
LTR46	0.799073988950474	0.01	260	39	22.414
LTR46-int	-1.07090448413358	0.454	82	4	8.403
LTR47A	0.736564901192963	0	696	102	61.217
LTR47A2	0.164772846217556	0.694	287	29	25.87
LTR47B	0.584241333477502	0.438	43	6	4.002
LTR47B2	-0.0554733358984317	1	175	15	15.588
LTR47B3	-0.614070373999948	0.574	122	7	10.714
LTR47B4	0.618637512854926	0.16	105	14	9.118
LTR48	0.571000918016748	0.004	1009	127	85.49
LTR48B	0.589715184226302	0	1026	135	89.704
LTR49	0.689572073475593	0	1584	212	131.448
LTR49-int	-0.331540417724744	0.138	2333	160	201.337
LTR5	-1.1414327909293	0.764	25	1	2.206
LTR5_Hs	1.56733913282654	0	701	179	60.4
LTR50	-0.0580570715689629	0.63	2597	223	232.157
LTR51	0.891720407015322	0	416	69	37.189
LTR52	-1.14502524223657	0	1109	44	97.306
LTR52-int	-Inf	0	176	0	14.921
LTR53	0.0501704365942634	0.858	516	45	43.462
LTR53-int	-0.850132650898941	0.116	354	18	32.448
LTR53B	-0.89762767427955	0.084	198	9	16.767
LTR54	0.793085336282212	0	1137	175	100.994
LTR54B	0.184443415239608	0.34	884	87	76.559
LTR55	-0.648285357516328	0.058	425	23	36.048
LTR56	0.908074888075471	0	1050	163	86.862
LTR57	-0.875296160488499	0.032	282	13	23.847
LTR57-int	-1.50703345742995	0.002	387	12	34.107
LTR58	0.222843333995499	0.762	76	8	6.855
LTR59	1.08328679299001	0.008	116	21	9.911
LTR5A	-0.35103313331857	0.322	306	19	24.234
LTR5B	1.08314123530025	0	469	87	41.064
LTR60	1.05417829473548	0.148	38	7	3.371
LTR60B	0.203767741766585	0.568	254	25	21.707
LTR61	0.3736075910243	0.364	200	20	15.437
LTR62	0.433553253977465	0.146	326	39	28.877
LTR64	1.00808473013169	0	384	68	33.81
LTR65	0.332649325345042	0.198	477	52	41.292
LTR66	-1.35054076664013	0.002	435	13	33.151
LTR67B	0.157663656309228	0.086	3787	370	331.696
LTR68	-0.305538668962757	0.368	356	25	30.897
LTR69	-1.71677145641822	0.012	147	4	13.148
LTR6A	0.66703433741404	0.004	329	40	25.192
LTR6B	1.45091453560744	0	163	38	13.9
LTR7	1.03919836317719	0	2427	450	218.969
LTR70	0.0634091701760615	0.91	162	15	14.355
LTR71A	-0.0102546928830262	1	170	15	15.107
LTR71B	1.08359653907473	0	251	47	22.177
LTR72	0.898897804854988	0.014	161	27	14.48
LTR72B	-0.710564625245507	0.218	163	9	14.728
LTR73	-0.391547780167342	0.446	229	15	19.677
LTR75	0.319172634484383	0.304	311	34	27.252
LTR75_1	1.17788172527066	0.002	130	26	11.492
LTR75B	-0.717050735336318	0.158	204	11	18.082
LTR76	-0.257010618206024	0.652	207	13	15.535
LTR77	-3.20194745644116	0	105	1	9.202
LTR78	0.101433122147972	0.228	4897	469	437.158
LTR78B	0.0968039888011777	0.37	3301	313	292.687
LTR79	-0.179391616930585	0.042	4095	320	362.37
LTR7B	1.24415042497852	0	888	179	75.566
LTR7C	1.5328739895727	0	332	85	29.375
LTR7Y	0.979360420239406	0	258	44	22.317
LTR8	1.21197669054167	0	3504	727	313.829
LTR80A	-2.15234569283519	0	401	8	35.564
LTR80B	-0.997210280004864	0.002	513	22	43.915
LTR81	0.18447425157411	0.574	336	33	29.039
LTR81A	-0.0755470934781163	0.77	853	71	74.817
LTR81AB	0.273138724002793	0.426	275	29	23.998
LTR81B	0.124950670919437	0.47	1161	113	103.625
LTR81C	0.133986419280777	0.55	739	71	64.703
LTR82A	-0.0832535342018742	0.676	1049	89	94.287
LTR82B	0.511188265868492	0	1162	149	104.545
LTR83	-0.496086968639483	0.052	736	47	66.288
LTR84a	-0.0247382156186817	0.988	702	61	62.055
LTR84b	-0.256582977850067	0.14	1302	96	114.686
LTR85a	0.290656946479126	0.02	1893	202	165.141
LTR85b	-0.00243419446395233	1	1200	106	106.179
LTR85c	0.133366143127984	0.42	1186	114	103.934
LTR86A1	-0.336444532918187	0.242	554	39	49.243
LTR86A2	-0.559790899069412	0.148	308	18	26.533
LTR86B1	0.254386174670499	0.452	302	32	26.827
LTR86B2	0.157222254704562	0.62	285	28	25.109
LTR86C	-0.0799207798487134	0.91	301	25	26.424
LTR87	-0.13307892364503	0.648	718	57	62.508
LTR88a	0.509456656651452	0	912	115	80.786
LTR88b	0.0943956826310497	0.486	1640	155	145.183
LTR88c	0.372087164536268	0.008	1044	119	91.947
LTR89	-0.39945934531657	0.034	1101	74	97.607
LTR89B	-0.643592358559087	0.012	749	42	65.613
LTR8A	0.703495443200625	0	1481	218	133.87
LTR8B	0.630258586374002	0	1644	231	149.24
LTR9	0.131976668353674	0.478	850	81	73.919
LTR90A	0.499377882716359	0.038	407	51	36.078
LTR90B	-0.535962446304891	0.034	536	33	47.847
LTR91	-0.0843486317283402	0.634	1592	134	142.068
LTR91A	-0.347652473117962	0.008	2468	172	218.868
LTR9A1	0.307507875601652	0.182	491	55	44.442
LTR9B	0.298742791628897	0.13	709	76	61.785
LTR9C	0.0614319079407212	0.962	172	16	15.333
LTR9D	-0.0789250745186388	0.758	755	65	68.655
MADE1	-0.354342244586318	0	8005	539	689.059
MADE2	0.0265199203193755	0.788	2711	238	233.665
Mam_R4	-0.175742328037627	0.464	564	44	49.7
MamGyp-int	-0.0144957855720123	1	695	61	61.616
MamGypLTR1a	0.301523757237487	0.058	1103	119	96.556
MamGypLTR1b	0.252857446339075	0.098	1224	129	108.261
MamGypLTR1c	0.534677597850056	0	1168	147	101.476
MamGypLTR1d	0.460913039670157	0.018	777	95	69.02
MamGypLTR2b	0.0603787072401571	0.8	879	81	77.68
MamGypLTR2c	0.168428641358161	0.346	1055	106	94.32
MamGypLTR3	-0.0210140295992724	1	680	58	58.851
MamGypLTR3a	0.381897384124072	0.01	1350	152	116.649
MamGypLTR4	0.104090481774526	0.636	724	69	64.197
MamGypsy2-I	-0.0827306780931661	0.614	2302	194	205.45
MamGypsy2-LTR	-0.161592506450535	0.374	916	71	79.415
MamRep1151	-0.403445297294884	0.042	1278	86	113.749
MamRep137	0.191712595316685	0.06	2500	251	219.767
MamRep1527	-0.117950726328534	0.552	1314	104	112.86
MamRep1879	0.700436363040247	0	1507	215	132.308
MamRep1894	0.169512861733499	0.342	709	70	62.24
MamRep38	0.344080133284305	0	2167	237	186.711
MamRep4096	0.639723027961612	0	1282	177	113.605
MamRep434	0.0750824330165229	0.458	2142	198	187.959
MamRep488	0.40644016210974	0.058	503	58	43.76
MamRep564	0.455540107895148	0.002	804	97	70.736
MamRep605	-0.0205670080769499	0.87	3594	310	314.451
MamRep605b	0.455995678986598	0	2391	291	212.141
MamRTE1	0.208806497853851	0	9028	914	790.841
MamRTE2	-1.10165007609443	0.446	49	2	4.292
MamSINE1	0.257313024397801	0	5945	622	520.393
MamTip1	0.474997403029444	0.004	774	94	67.63
MamTip1b	0.544662574992072	0.014	460	58	39.762
MamTip2	0.558090392009067	0	5279	683	463.894
MamTip2b	0.197927518877881	0.004	6841	687	598.928
MamTip3	0.259288266600899	0.07	1176	124	103.602
MamTip3B	0.351309375280614	0.076	836	94	73.684
MARE10	0.154208896286288	0.864	81	8	7.189
MARE11	-Inf	0.618	13	0	1.093
MARE4	0.428565884123491	0.078	312	37	27.491
MARE6	0.160667418094871	0.758	187	18	16.103
MARE8	0.73336335748601	0.012	218	32	19.248
MARE9	0.200912693925996	1	29	2	1.74
MARNA	0.110191080121694	0.246	3187	303	280.719
MER101	-0.0370307309449671	0.998	370	32	32.832
MER101-int	-0.643229019448571	0.034	1253	67	104.642
MER101B	-0.0872562000524329	0.884	269	23	24.434
MER102a	0.502656861867389	0	3088	381	268.912
MER102b	0.592294716687704	0	3205	425	281.897
MER102c	0.515319497450584	0	3172	395	276.357
MER103C	0.0905714907008208	0.072	9080	843	791.704
MER104	0.0519099183214583	0.642	2260	202	194.861
MER105	0.122477654552007	0.514	730	69	63.384
MER106A	-0.0733779940236244	0.742	740	62	65.235
MER106B	0.427564714877985	0.01	834	95	70.634
MER107	0.0650089398975792	0.484	361	33	31.546
MER110	-0.86993372875874	0	802	38	69.448
MER110-int	-1.26627682332248	0.004	412	15	36.081
MER110A	-0.217825252945359	0.412	633	48	55.823
MER112	0.51145778778086	0	4569	567	397.758
MER113	0.385828329368328	0	3816	436	333.688
MER113A	0.42628793584357	0	2109	247	183.811
MER115	0.520864974130321	0	2559	325	226.51
MER117	0.389785382473429	0	4434	510	389.254
MER119	0.368649357792487	0.032	1221	138	106.882
MER11A	-0.456543339312471	0.014	992	68	93.313
MER11B	-0.825939985681753	0	562	29	51.408
MER11C	-1.05618465128418	0	885	40	83.177
MER11D	1.59253176784222	0	267	73	24.206
MER121	-0.398854150144648	0.034	941	63	83.063
MER121B	-0.293017272049508	0.82	70	5	6.126
MER123	-2.120020095616	0.138	48	1	4.347
MER124	-0.122619286663956	0.554	765	62	67.5
MER125	-1.26879367512248	0.02	138	5	12.048
MER126	-0.114972690385282	0.8	276	22	23.825
MER127	0.223551414587971	0.51	213	22	18.842
MER129	0.42133496213125	0.298	125	15	11.201
MER130	-0.304511041809953	0.536	181	13	16.055
MER131	-0.422322717734219	0.004	1137	72	96.486
MER132	-1.68750866072073	0.306	37	1	3.221
MER133A	-1.25338423580007	0.288	54	2	4.768
MER133B	-0.268634005481356	1	41	3	3.614
MER134	-2.00108161572545	0.016	90	2	8.006
MER135	-0.462676552655717	0.022	822	52	71.661
MER136	0.24696603720614	0.934	29	3	2.528
MER1A	-0.164325498819921	0.064	3307	257	288.005
MER1B	0.0110575990670365	0.864	5525	488	484.274
MER2	-0.155957983816956	0.016	9338	732	815.566
MER20	0.359987568073669	0	17280	1909	1487.438
MER20B	0.110834516368798	0.258	4240	402	372.273
MER21-int	0.60977406083321	0.004	1094	147	96.329
MER21A	1.33111161776321	0	2062	459	182.435
MER21B	0.502030968504805	0	2871	357	252.082
MER21C	0.361990941421262	0	5724	644	501.09
MER2B	-0.435989340355568	0	2101	136	183.986
MER3	0.248154090230748	0	11144	1149	967.427
MER30	0.3674496415161	0	4256	475	368.197
MER30B	-0.192825403552391	0.66	255	17	19.431
MER31-int	-0.247583494411548	0.422	1194	83	98.539
MER31A	1.25253751749683	0	1379	289	121.296
MER31B	0.974360178841901	0	1525	261	132.84
MER33	0.292061409120597	0	9845	1046	854.304
MER34	0.353903621152296	0.026	1355	153	119.717
MER34-int	0.843976084118597	0.012	423	66	36.769
MER34A	0.729172084446336	0	1513	220	132.715
MER34A1	0.565508983607763	0.006	804	106	71.626
MER34B	0.23578065390634	0.294	668	71	60.295
MER34B-int	0.0906969811445099	0.754	641	58	54.466
MER34C	1.09475319322347	0	206	37	17.324
MER34C_	0.416612207502372	0.066	685	77	57.687
MER34C2	0.655673535146101	0.148	613	86	54.591
MER34D	0.68557781430043	0.026	254	37	23.005
MER39	0.726762191942071	0	3390	499	301.525
MER39B	1.34417677944047	0	1222	272	107.135
MER4-int	-0.202809492125013	0.308	3127	240	276.225
MER41-int	0.323101205609024	0.084	1776	203	162.268
MER41A	1.35050409990185	0	2640	600	235.293
MER41B	1.31790068216123	0	2941	643	257.919
MER41C	1.50134550183247	0	863	210	74.177
MER41D	0.529142137894707	0.05	488	60	41.578
MER41E	0.74355896411449	0.004	365	53	31.655
MER41G	0.366872867006836	0.502	120	13	10.081
MER44A	-0.177018384234288	0.112	2404	189	213.673
MER44B	0.288267911079307	0.018	2176	234	191.619
MER44C	0.056115469985381	0.72	1126	107	102.918
MER44D	0.218417928908095	0.336	657	67	57.587
MER45A	0.534672100579571	0	3563	450	310.642
MER45B	0.270435145205461	0.132	1331	144	119.386
MER45C	0.485709661337743	0.004	1235	151	107.836
MER45R	-0.136612390584921	0.634	661	53	58.264
MER46C	0.123617493155	0.254	2870	274	251.5
MER47A	-0.377068833997649	0	2639	177	229.87
MER47B	-0.309641873422161	0.188	623	45	55.773
MER47C	-0.40825363763234	0.056	791	51	67.681
MER48	0.210499269190263	0.56	196	21	18.149
MER49	0.505940512859836	0.002	1428	174	122.531
MER4A	0.953983146446159	0	890	151	77.947
MER4A1	0.658208818031986	0	2314	313	198.337
MER4A1_	1.24597271363697	0	416	85	35.838
MER4B	1.25862928346812	0	1788	372	155.474
MER4B-int	0.0173170416362977	0.908	1620	146	144.258
MER4C	0.886322893297852	0	697	114	61.673
MER4CL34	0.371121998264271	0.042	933	105	81.184
MER4D	0.989181540560621	0	1373	241	121.407
MER4D0	0.462987990903409	0.082	457	56	40.627
MER4D1	1.12967141844491	0	1595	303	138.477
MER4E	1.05540963126174	0	746	137	65.919
MER4E1	1.01686381353131	0	1092	190	93.896
MER50	0.75115619191959	0	2591	393	233.492
MER50-int	0.728085431255287	0.012	555	88	53.126
MER50B	0.25620471278401	0.19	700	73	61.122
MER50C	0.540854564133679	0.36	83	11	7.561
MER51-int	0.0486145147848184	0.87	621	59	57.045
MER51A	-0.0729529436109706	0.722	955	83	87.305
MER51B	0.918968316420496	0	725	124	65.582
MER51C	0.656013215419019	0.07	192	27	17.135
MER51D	-0.198179806750185	0.804	171	12	13.767
MER51E	-0.657966591522946	0.236	242	14	22.09
MER52-int	-1.78955270522222	0	501	13	44.942
MER52A	-1.30215190550069	0	1465	56	138.094
MER52C	-0.357391137666072	0.23	399	28	35.871
MER52D	-1.36690500360575	0	664	24	61.9
MER53	0.18029197783044	0.006	6020	595	525.102
MER54A	-0.373270362868092	0.106	774	49	63.469
MER54B	0.0644758578704143	0.828	438	41	39.208
MER57-int	-1.3426907770341	0	1366	46	116.667
MER57A-int	-1.24006597103349	0	1976	75	177.157
MER57A1	-0.244582660970514	0.152	1093	80	94.78
MER57B1	0.171321553979573	0.276	1033	104	92.355
MER57B2	0.390159740235394	0.006	1145	133	101.485
MER57C1	-0.0272425359737406	1	195	16	16.305
MER57C2	-0.787711057747605	0.012	472	24	41.432
MER57D	-0.178555306585752	0.554	464	36	40.743
MER57E1	0.328078969816209	0.158	512	57	45.406
MER57E2	-1.76128527336162	0.112	80	2	6.78
MER57E3	-0.257882276519508	0.744	277	18	21.523
MER57F	-0.727900657582899	0.044	424	22	36.437
MER58A	-0.0245430791122785	0.576	13824	1181	1201.263
MER58B	0.318889414573519	0	7134	779	624.514
MER58C	0.0976357642995038	0.338	2642	245	228.968
MER58D	0.316513848235608	0.024	1174	126	101.179
MER5A	0.383044142679537	0	35585	4041	3098.711
MER5A1	0.372808971580793	0	16237	1835	1417.129
MER5B	0.360677697353396	0	25480	2831	2204.779
MER5C	0.282220590503246	0.04	1374	148	121.704
MER5C1	0.330973234490369	0.104	627	68	54.06
MER6	-0.390883829951698	0.12	826	56	73.427
MER61-int	0.186452688226841	0.402	1202	127	111.603
MER61A	-0.0307787151641358	0.928	813	71	72.531
MER61B	0.525530306033787	0.016	435	54	37.514
MER61C	1.28444250945663	0	316	68	27.916
MER61D	1.15018952307312	0	269	53	23.88
MER61E	1.24599284178454	0	320	68	28.67
MER61F	0.533839032355488	0.18	167	21	14.505
MER63A	0.0965657958053672	0.214	3616	339	317.052
MER63B	0.314156894459133	0.002	2472	268	215.558
MER63C	-0.130539118618774	0.624	904	74	81.008
MER63D	0.0190571971069389	0.872	1752	155	152.966
MER65-int	-1.22488356807403	0	1092	41	95.832
MER65A	-0.342702648270536	0.052	1485	100	126.813
MER65B	-0.426763141312201	0.418	211	14	18.819
MER65C	0.279381029841167	0.184	700	72	59.324
MER65D	0.45181001092143	0.078	525	56	40.943
MER66-int	-0.868331183297139	0.04	794	40	73.022
MER66A	-0.951438594231252	0.02	340	15	29.007
MER66B	-0.0241709495169542	0.89	1486	124	126.095
MER66C	-0.330394494663563	0.168	603	42	52.809
MER66D	-0.0870424991127904	0.934	249	21	22.306
MER67A	0.124516980112242	0.592	481	45	41.279
MER67B	0.904210575326807	0	498	80	42.746
MER67C	-0.107741620901475	0.53	1703	137	147.623
MER67D	-0.755967419016402	0.002	1055	55	92.882
MER68	0.0320828622441691	0.828	1529	137	133.987
MER68-int	0.636289779019745	0.054	402	52	33.455
MER68B	-0.104474298571812	0.768	475	39	41.929
MER68C	0.410387879064182	0.314	165	19	14.296
MER6A	-0.12030564102875	0.58	1034	86	93.479
MER6B	-0.270947487477059	0.214	693	50	60.33
MER6C	-0.421395372385456	0.544	168	9	12.053
MER70-int	-1.50975917219572	0.016	263	8	22.781
MER70A	-0.712390853790993	0.002	542	29	47.517
MER70B	-1.21320810171503	0	995	38	88.104
MER70C	0.0830236801939766	0.824	279	26	24.546
MER72	0.629342097831826	0	793	104	67.233
MER72B	1.05483775430206	0	198	37	17.81
MER73	-0.757478463058019	0.06	288	15	25.358
MER74A	-0.0168702992194605	0.918	1625	143	144.682
MER74B	0.114731233807272	0.538	958	92	84.967
MER74C	-0.692015097622952	0.128	234	13	21.002
MER75	-0.92401724049187	0.006	485	23	43.64
MER75A	0.00958965557130876	1	92	8	7.947
MER75B	-2.4093909361377	0.006	124	2	10.625
MER76	-0.200053232925625	0.39	728	54	62.032
MER76-int	-1.175684270731	0.198	155	6	13.554
MER77	0.0471073578469609	0.792	1373	120	116.145
MER77B	0.331073359936767	0.03	1318	145	115.267
MER8	0.074260701119518	0.494	2006	181	171.919
MER81	0.618014260243719	0	3748	499	325.132
MER83	0.312043505955518	0.198	516	56	45.108
MER83A-int	-0.648005179810493	0.586	105	6	9.402
MER83B	1.07963611611321	0	150	27	12.775
MER83B-int	0.456292023117219	0.294	277	35	25.51
MER83C	0.559685598196882	0.166	156	20	13.569
MER84	1.36649875964397	0	364	83	32.19
MER84-int	1.49830223712943	0	143	33	11.681
MER85	-0.235222469781639	0.174	929	68	80.042
MER87	-0.543792805535877	0.356	166	10	14.578
MER87B	-1.41745713575595	0.008	211	7	18.698
MER88	-1.7147217574158	0.032	113	3	9.847
MER89	0.10066273853892	0.498	1436	134	124.969
MER89-int	-1.39913541989743	0	789	23	60.661
MER90	0.161789643404275	0.446	727	71	63.468
MER90a	0.0447971893828214	0.796	1265	115	111.484
MER91A	0.556486755777577	0	3694	477	324.339
MER91B	0.166435198619547	0.192	1476	144	128.31
MER91C	0.673862872416298	0	1665	230	144.17
MER92-int	-0.820276750517816	0.024	1020	47	82.99
MER92A	-0.75232042845967	0.24	156	8	13.476
MER92B	0.372432897872801	0.058	832	94	72.613
MER92C	0.965247667567974	0.05	125	21	10.756
MER92D	-0.151065036767014	0.804	226	18	19.987
MER94	0.072042062549224	0.302	4852	444	422.373
MER94B	0.730810698001066	0	634	92	55.436
MER95	-0.800981228290057	0.206	141	7	12.196
MER96	0.544655937825371	0	1291	164	112.431
MER96B	0.213948858812061	0.082	2245	224	193.127
MER97a	-0.191332940479605	0.716	280	22	25.12
MER97b	-1.99412711400313	0.02	181	4	15.935
MER97c	-0.257764968571388	0.708	211	16	19.13
MER97d	-1.29466485609124	0.102	138	5	12.266
MER99	-0.37162523766849	0.432	301	21	27.17
MER9a1	-0.322815634159211	0.3	351	26	32.52
MER9a2	-0.691008592949494	0.084	322	17	27.445
MER9a3	-0.698716871993467	0.004	595	33	53.561
MER9B	1.52035552542376	0.008	39	10	3.486
Merlin1_HS	-1.29660423908893	0.432	56	2	4.913
MERX	-1.35734555543503	0	442	15	38.432
MIR	0.369713961289664	0	177613	20071	15533.668
MIR1_Amn	0.747126336810018	0	12053	1745	1039.652
MIR3	0.623243786266304	0	89786	12014	7799.604
MIRb	0.454838491132316	0	228856	27394	19986.439
MIRc	0.493895449057163	0	103104	12631	8969.338
MLT-int	-0.00651745885284268	1	417	36	36.163
MLT1-int	-0.822494842802363	0.072	267	13	22.99
MLT1A	-0.372020756980874	0	9313	627	811.441
MLT1A-int	-0.108638899442786	0.784	448	38	40.972
MLT1A0	-0.296744220791834	0	21288	1525	1873.263
MLT1A0-int	-0.412460543391458	0.076	953	65	86.512
MLT1A1	-0.574665895625429	0	6913	409	609.137
MLT1A1-int	-0.0744051830686458	0.888	462	41	43.17
MLT1B	-0.0421828327223049	0.312	18094	1539	1584.663
MLT1B-int	0.166673113877708	0.548	567	57	50.781
MLT1C	0.0449816663822887	0.492	6716	609	590.305
MLT1C-int	-1.54349588342577	0.118	130	4	11.66
MLT1C2	0.230746120231676	0	16393	1680	1431.686
MLT1C2-int	0.104254222453444	0.726	436	42	39.072
MLT1D	-0.00197796088428191	1	19733	1726	1728.368
MLT1D-int	-0.114233744427088	0.734	598	50	54.12
MLT1E	-0.262215252224455	0.252	922	69	82.753
MLT1E-int	-Inf	0.916	12	0	1.064
MLT1E1	0.0299286309184689	0.848	1065	96	94.029
MLT1E1-int	0.625044004031908	0.53	45	5	3.242
MLT1E1A	-0.35940871904277	0.002	3422	240	307.896
MLT1E1A-int	-1.8265993302731	0.102	84	2	7.094
MLT1E2	-0.358431798797262	0	4091	285	365.379
MLT1E2-int	0.456256677238935	0.386	128	16	11.662
MLT1E3	-0.119112130174747	0.386	2066	166	180.287
MLT1E3-int	-0.953078952612507	0.438	74	3	5.808
MLT1F	0.161004240731081	0.06	4411	440	393.537
MLT1F-int	-0.603428213545417	0.064	530	31	47.099
MLT1F1	0.121019313936713	0.22	3329	318	292.413
MLT1F1-int	-0.431695888784486	0.524	160	11	14.837
MLT1F2	-0.144725442237518	0.052	6215	494	546.127
MLT1F2-int	-1.37006280378411	0.012	327	11	28.433
MLT1G	0.306638629981235	0.002	2894	321	259.536
MLT1G-int	-0.504450902854381	0.422	185	12	17.023
MLT1G1	0.137405343678242	0.12	3680	360	327.295
MLT1G1-int	-0.75215983458842	0.15	299	16	26.949
MLT1G3	0.276596224587602	0.006	2818	302	249.312
MLT1G3-int	0.155726842224659	0.718	246	25	22.442
MLT1H	-0.198922445345693	0	10252	791	907.942
MLT1H-int	-0.947661361949347	0.002	836	39	75.221
MLT1H1	-0.107733962824517	0.304	3756	305	328.648
MLT1H1-int	-0.442627114236974	0.282	426	26	35.336
MLT1H2	-0.216791332246955	0.002	4849	363	421.859
MLT1H2-int	-1.20396180005142	0.012	354	14	32.252
MLT1I	-0.231648650230948	0	11268	841	987.482
MLT1I-int	-1.0821186204735	0	829	35	74.1
MLT1J	0.215766367004345	0	15494	1591	1369.992
MLT1J-int	-0.31829296998807	0.078	1457	103	128.426
MLT1J1	-0.0796489516279324	0.348	5003	414	437.499
MLT1J1-int	-0.0669670398573697	0.908	476	41	42.948
MLT1J2	-0.183871785750595	0.006	6991	544	617.945
MLT1J2-int	-0.676745288889607	0.044	596	34	54.35
MLT1K	0.321492833165574	0	17999	1976	1581.277
MLT1K-int	0.177027117127527	0.682	208	21	18.575
MLT1L	0.225278398774236	0	12248	1256	1074.42
MLT1L-int	-0.704429352076477	0.424	112	6	9.777
MLT1M	0.48238981013541	0	2329	287	205.432
MLT1M-int	-Inf	1	1	0	0.088
MLT1N2	0.223970098598088	0	5816	597	511.155
MLT1N2-int	0.862496476250065	0.112	74	12	6.6
MLT1O	0.28685250325795	0	5156	552	452.468
MLT1O-int	2.21223323006143	0.004	12	5	1.079
MLT2A1	-1.00262506402138	0	3849	165	330.601
MLT2A2	-1.11112965225729	0	3928	163	352.104
MLT2B1	-0.769764568422735	0	4532	236	402.378
MLT2B2	-0.578045784125341	0	2229	132	197.053
MLT2B3	-0.713650572826083	0	3363	175	286.991
MLT2B4	-0.724684915675982	0	4762	252	416.44
MLT2B5	-0.466975082306962	0.174	383	24	33.173
MLT2C1	-0.0454860790253819	0.706	2710	227	234.271
MLT2C2	-0.305952658736739	0.1	1378	98	121.151
MLT2D	-0.121450408403877	0.2	4584	372	404.672
MLT2E	-0.842254789205348	0.008	405	20	35.857
MLT2F	-0.0533403009812883	0.758	1946	167	173.29
MSR1	0.629203341874276	0.014	445	60	38.792
MST-int	-0.831508783766381	0.092	235	11	19.575
MSTA	-0.788554655272828	0	20293	1026	1772.254
MSTA-int	-1.98350009471743	0	3304	76	300.543
MSTA1	-0.701235468321713	0.008	563	29	47.151
MSTA1-int	-1.4541758931858	0.66	29	1	2.74
MSTB	-0.622334921345497	0	8800	502	772.761
MSTB-int	-1.02888904210031	0	902	42	85.699
MSTB1	-0.381946803278534	0	4944	333	433.932
MSTB1-int	0.525316944657813	0.122	231	31	21.539
MSTB2	-0.396511460345458	0.01	1621	109	143.479
MSTB2-int	-0.508597675441182	0.628	94	6	8.536
MSTC	-0.345433242884054	0	3291	231	293.493
MSTC-int	-0.330414983852853	0.544	210	16	20.118
MSTD	-0.357299782368726	0	7813	538	689.192
MSTD-int	0.0492620259325758	0.84	751	72	69.583
OldhAT1	0.0622143096701817	0.382	4404	396	379.286
ORSL	0.232808388952513	0.148	1252	129	109.776
ORSL-2a	0.519888914465382	0.03	376	47	32.779
ORSL-2b	0.213607087712213	0.316	733	74	63.816
PABL_A	0.749038426466781	0	544	81	48.195
PABL_A-int	0.138673181875251	0.71	459	48	43.601
PABL_B	0.131313234677865	0.676	393	37	33.781
PABL_B-int	-0.712522414989418	0.296	265	15	24.58
Penelope1_Vert	-0.224334335701774	0.136	1123	84	98.132
Plat_L3	0.319862298171371	0	3386	369	295.623
PRIMA4_LTR	0.639027119760143	0.01	349	48	30.823
PRIMA4-int	0.0860142759918527	0.79	443	41	38.627
PRIMA41-int	0.911353489840744	0.004	511	86	45.725
PRIMAX-int	-1.65030502892003	0.366	78	2	6.278
PrimLTR79	0.668747365316435	0.12	136	19	11.952
REP522	-Inf	0	294	0	15.969
Ricksha	-0.878174143598617	0.034	431	21	38.599
Ricksha_0	-0.951712116848601	0.026	386	18	34.815
Ricksha_a	-Inf	0.038	57	0	4.831
Ricksha_b	-1.10138114235502	0.244	118	5	10.728
Ricksha_c	-1.10982530446716	0	1032	41	88.486
SAR	4.22881869049588	0	13	3	0.16
SATR1	-0.315467799500239	0.434	728	53	65.954
SATR2	-0.534130313636852	0.232	450	29	41.994
SST1	-0.237956983971164	0.736	650	28	33.021
SSU-rRNA_Hsa	-0.834306702962908	0.334	90	4	7.132
SVA_A	0.0778749750336296	0.626	1230	115	108.957
SVA_B	0.00913469953637317	0.978	839	77	76.514
SVA_C	-0.173330984234039	0.46	540	44	49.617
SVA_D	-0.0869126662870423	0.532	1491	137	145.507
SVA_E	0.187997153795846	0.348	704	68	59.692
SVA_F	0.148033786808701	0.424	1023	98	88.443
TAR1	0.332561980861299	0.624	155	8	6.353
THE1-int	-1.50199106416658	0.002	200	6	16.994
THE1A	-1.3050083721573	0	4308	155	382.982
THE1A-int	-1.87439370234062	0	1481	40	146.659
THE1B	-1.22785488379133	0	22924	866	2028.332
THE1B-int	-2.18937102572349	0	4277	91	415.057
THE1C	-1.26289381378136	0	10046	372	892.713
THE1C-int	-2.26421991791398	0	1824	37	177.746
THE1D	-0.922093399522144	0	12935	605	1146.392
THE1D-int	-1.83642913116165	0	2667	68	242.845
Tigger1	-0.675938050566738	0	12353	721	1151.895
Tigger10	0.306393962907746	0.05	1481	162	131.003
Tigger11a	-0.356415844524739	0.292	419	29	37.127
Tigger12	0.211796178287307	0.226	910	91	78.575
Tigger12A	-0.269294342582905	0.24	748	55	66.287
Tigger12c	-0.0916545462329412	0.672	865	71	75.657
Tigger13a	-0.336691447559103	0.006	3189	224	282.88
Tigger14a	-0.260176242574075	0.068	1312	96	114.972
Tigger15a	0.447144554746763	0	4892	586	429.827
Tigger16a	0.492594962712436	0	1822	224	159.207
Tigger16b	0.584425688529854	0	1342	176	117.377
Tigger17	0.83364161357788	0.238	57	9	5.05
Tigger17a	0.196275676134553	0.094	2457	251	219.073
Tigger17b	-2.10467213128256	0.038	94	2	8.602
Tigger17c	-0.000576962631520594	1	347	30	30.012
Tigger17d	-0.569539699463341	0.108	336	20	29.681
Tigger18a	-0.0235143149026996	0.916	1273	111	112.824
Tigger19a	0.128115457421784	0.104	3637	347	317.514
Tigger19b	0.113370794799813	0.17	3685	343	317.078
Tigger1a_Art	-0.194470813220814	0.724	315	23	26.319
Tigger1a_Mars	0.00252692802903899	1	45	4	3.993
Tigger2	-0.424235813057726	0	2835	195	261.663
Tigger20a	0.11281742479869	0.508	1378	132	122.071
Tigger21a	0.0456175474232157	0.974	173	16	15.502
Tigger22N1	0.0464194200225141	0.794	1102	101	97.802
Tigger23a	0.0239466242993198	0.928	580	52	51.144
Tigger2a	-0.371496375716413	0	3391	232	300.137
Tigger2b_Pri	-0.152699255141587	0.278	2191	173	192.315
Tigger3	0.28117370004761	0.128	1166	127	104.511
Tigger3a	0.0362454786810377	0.556	5480	496	483.694
Tigger3b	0.0934693474071936	0.278	6456	620	581.105
Tigger3c	0.136982609595448	0.28	2425	229	208.257
Tigger3d	-0.376685520465993	0.078	696	45	58.426
Tigger4	-0.877951424836852	0	1466	72	132.319
Tigger4a	0.0412944810914024	0.646	3595	322	312.914
Tigger4b	0.0310037145065827	0.798	2565	230	225.11
Tigger5	-1.07403828775323	0	545	22	46.317
Tigger5b	-0.433191706614969	0	2854	184	248.44
Tigger6	-1.05318086225611	0.07	256	10	20.751
Tigger6a	-0.417031848311807	0.16	699	45	60.083
Tigger6b	-0.521507647448215	0.424	179	11	15.79
Tigger7	0.0840606708907136	0.46	3017	281	265.095
Tigger8	-0.00221386788472228	1	959	84	84.129
Tigger9a	-0.162225759054335	0.452	1043	82	91.759
Tigger9b	-0.0318518307319852	0.958	774	68	69.518
tRNA-Ala-GCA	-0.866710199674025	0.528	41	2	3.647
tRNA-Ala-GCG	0.930985322084819	0.558	11	2	1.049
tRNA-Ala-GCY	-0.369606070031838	1	34	1	1.292
tRNA-Ala-GCY_	-2.70597790168252	0.02	80	1	6.525
tRNA-Arg-AGA	0.981162385821003	0.112	40	7	3.546
tRNA-Arg-AGG	0.256700472111743	0.98	21	2	1.674
tRNA-Arg-CGA	0.514573172829758	1	8	1	0.7
tRNA-Arg-CGA_	-Inf	1	2	0	0.166
tRNA-Arg-CGG	-Inf	0.502	16	0	1.363
tRNA-Arg-CGY_	-0.976363635732762	0.484	49	2	3.935
tRNA-Asn-AAC	-Inf	0.07	53	0	3.032
tRNA-Asn-AAT	-Inf	1	2	0	0.014
tRNA-Asp-GAY	-0.694657365547086	0.742	48	2	3.237
tRNA-Cys-TGY	0.408559935207639	0.386	138	16	12.054
tRNA-Gln-CAA	1	0.32	23	4	2
tRNA-Gln-CAA_	-Inf	0.106	34	0	2.778
tRNA-Gln-CAG	-0.20997316208238	0.918	85	6	6.94
tRNA-Glu-GAA	-0.144978644312082	0.984	99	7	7.74
tRNA-Glu-GAG	0.394031641158542	0.904	20	2	1.522
tRNA-Glu-GAG_	0.479772066921473	0.322	97	11	7.888
tRNA-Gly-GGA	0.623709616662948	0.12	109	14	9.086
tRNA-Gly-GGG	-Inf	0.186	44	0	2.59
tRNA-Gly-GGY	0.501749132472175	0.61	37	4	2.825
tRNA-His-CAY	-Inf	1	1	0	0.099
tRNA-His-CAY_	-Inf	0.144	53	0	2.696
tRNA-Ile-ATA	-0.193330195384304	0.92	65	5	5.717
tRNA-Ile-ATC	-Inf	1	9	0	0.266
tRNA-Ile-ATT	-Inf	0.026	55	0	4.591
tRNA-Leu-CTA	-Inf	1	2	0	0.173
tRNA-Leu-CTA_	0.655171503002559	0.876	7	1	0.635
tRNA-Leu-CTG	1.27404076549081	0.41	15	2	0.827
tRNA-Leu-CTY	-1.22404027421793	0.608	30	1	2.336
tRNA-Leu-TTA	-0.0854246562526777	1	12	1	1.061
tRNA-Leu-TTA(m)	-Inf	0.182	27	0	2.338
tRNA-Leu-TTG	-0.18205660901025	1	26	2	2.269
tRNA-Lys-AAA	-2.0679828301843	0.15	51	1	4.193
tRNA-Lys-AAG	-0.660152814876375	0.478	73	4	6.321
tRNA-Met	0.212567535483132	0.92	52	4	3.452
tRNA-Met_	0.297963104087316	0.776	47	5	4.067
tRNA-Met-i	0.662764652324789	0.346	45	6	3.79
tRNA-Phe-TTY	-Inf	0	91	0	7.692
tRNA-Pro-CCA	-Inf	0.926	9	0	0.763
tRNA-Pro-CCG	-Inf	1	4	0	0.36
tRNA-Pro-CCY	-Inf	0.52	17	0	1.431
tRNA-SeC(e)-TGA	-Inf	1	3	0	0.272
tRNA-Ser-AGY	-0.248534836138679	1	14	1	1.188
tRNA-Ser-TCA	-Inf	1	1	0	0.081
tRNA-Ser-TCA_	-Inf	1	4	0	0.336
tRNA-Ser-TCA(m)	-Inf	0.096	31	0	2.582
tRNA-Ser-TCG	0.720231578406405	0.974	7	1	0.607
tRNA-Ser-TCY	-0.372952097911829	1	15	1	1.295
tRNA-Thr-ACA	-1.20037879798403	0.636	26	1	2.298
tRNA-Thr-ACG	-Inf	1	2	0	0.182
tRNA-Thr-ACG_	-0.01292617444427	1	12	1	1.009
tRNA-Thr-ACY	-Inf	0.516	15	0	1.314
tRNA-Thr-ACY_	-Inf	0.7	12	0	1.024
tRNA-Trp-TGG	-Inf	0.658	13	0	1.092
tRNA-Tyr-TAC	-1.70221425101044	0.378	37	1	3.254
tRNA-Tyr-TAT	-Inf	1	6	0	0.518
tRNA-Val-GTA	0.909146569548887	0.572	12	2	1.065
tRNA-Val-GTG	0.132894270497345	1	43	3	2.736
tRNA-Val-GTY	-1.31498648546852	0.592	31	1	2.488
U1	-0.142565923062076	0.808	223	15	16.558
U13	0.672121055577886	0.038	179	24	15.062
U13_	0.185900809725446	0.532	316	30	26.373
U14	-Inf	1	7	0	0.685
U17	-Inf	0.956	9	0	0.795
U2	-0.199429122383731	0.164	1111	82	94.156
U3	0.316384383789315	0.298	234	25	20.077
U4	0.423668816840212	0.248	161	19	14.165
U5	-0.404747449629103	0.32	214	14	18.534
U6	0.162422374217449	0.152	1799	170	151.899
U7	0.874282781840639	0	250	40	21.821
U8	-0.377956633810114	1	34	2	2.599
UCON1	-0.841168043548649	0.042	245	12	21.498
UCON100	0.244685095954902	1	19	2	1.688
UCON101	-0.244318797276375	0.608	208	15	17.768
UCON103	1.24127043154214	0.23	14	3	1.269
UCON105	0.290415266825641	0.096	642	69	56.419
UCON11	-1.00504061670053	0.432	45	2	4.014
UCON12	-2.38708677001591	0.048	59	1	5.231
UCON12A	-Inf	0.27	23	0	2.039
UCON14	-0.533563348214512	0.494	100	6	8.685
UCON15	-Inf	0.024	50	0	4.349
UCON16	-0.207892851641333	1	38	3	3.465
UCON17	0.0449352314636488	1	33	3	2.908
UCON18	-1.40871186102943	0.458	33	1	2.655
UCON19	-Inf	0.082	31	0	2.849
UCON2	-0.603359291882973	0.28	138	8	12.154
UCON20	-0.972325041557152	0.484	43	2	3.924
UCON21	-0.370722275148167	1	29	2	2.586
UCON22	-0.745452483131697	0.66	38	2	3.353
UCON23	-Inf	0.128	31	0	2.738
UCON24	-Inf	0.274	22	0	2.008
UCON25	-0.0172092900322231	1	50	4	4.048
UCON26	0.444340881516385	0.144	207	25	18.373
UCON27	-0.393808418357463	0.624	102	7	9.197
UCON28a	-0.535430914871279	0.348	129	8	11.595
UCON28b	-0.154021453979356	0.96	75	6	6.676
UCON28c	-0.287590495523941	0.87	68	5	6.103
UCON29	-0.390461335700074	0.326	235	16	20.973
UCON31	-0.611644543373662	0.31	119	7	10.696
UCON33	-0.256527626892209	0.726	136	10	11.946
UCON34	0.553879211888897	0.026	339	43	29.291
UCON35	-0.0195833156475546	1	173	15	15.205
UCON37	0.233428394590741	0.542	172	18	15.311
UCON38	0.964738066139036	0	208	35	17.933
UCON39	-0.072677504486668	1	107	9	9.465
UCON4	-0.143571525527539	0.88	138	11	12.151
UCON40	-0.363484439366352	0.394	245	17	21.871
UCON41	0.25853831844712	0.182	575	61	50.992
UCON44	0.278924654791044	0.284	360	39	32.144
UCON47	0.486323095065536	0.186	154	19	13.563
UCON48	0.373667064858983	0.27	194	22	16.98
UCON49	-0.920064585378564	0.138	109	5	9.461
UCON5	-0.865390983195043	0.16	123	6	10.931
UCON51	-0.39579401850986	0.848	44	3	3.947
UCON55	-0.126732627293612	0.672	412	33	36.03
UCON56	-Inf	0.626	15	0	1.337
UCON57	-0.929790997718597	0.828	22	1	1.905
UCON58	0.531017075758371	0.108	236	30	20.762
UCON59	-Inf	0.036	45	0	3.979
UCON6	0.361820822010875	0.454	96	11	8.56
UCON60	0.613078717782183	0.456	38	5	3.269
UCON61	-0.537047519404657	1	16	1	1.451
UCON62	-1.07587486697513	0.75	24	1	2.108
UCON63	-Inf	0.584	14	0	1.215
UCON64	-Inf	0.442	16	0	1.37
UCON65	-Inf	0.12	32	0	2.805
UCON66	-1.51298533481368	0.152	64	2	5.708
UCON67	-Inf	0.328	20	0	1.772
UCON68	0.965784284662087	0.54	12	2	1.024
UCON69	-1.36176835941915	0.494	29	1	2.57
UCON7	-0.674460651560259	0.27	125	7	11.172
UCON70	0.192370305055004	0.862	59	6	5.251
UCON71	-0.567545447643747	1	17	1	1.482
UCON71_Crp	-0.511200115512021	0.132	282	17	24.229
UCON73	0.34661235826796	0.2	259	28	22.02
UCON75	-Inf	0.24	24	0	2.091
UCON76	0.884445583573149	0.004	141	23	12.459
UCON78	-0.300101191085099	0.526	180	13	16.006
UCON8	-0.200535740604892	0.71	207	16	18.386
UCON80	0.435573051362206	0.624	43	5	3.697
UCON80_AMi	-0.0976857009664555	0.882	228	18	19.261
UCON81	1.15842936260448	0.048	40	8	3.584
UCON83	-0.546297713939707	0.704	49	3	4.381
UCON84	-3.26813492392489	0.002	109	1	9.634
UCON85	-0.268434393576384	1	28	2	2.409
UCON86	0.362853493746848	0.578	70	8	6.221
UCON87	-Inf	1	6	0	0.492
UCON88	1.29133977505394	0.038	33	7	2.86
UCON89	0.478949263099037	0.542	50	6	4.305
UCON9	-0.492280498211304	0.776	49	3	4.22
UCON92	-Inf	0.358	19	0	1.679
UCON93	0.388355456626339	0.816	27	3	2.292
UCON94	0.130786607535354	1	31	3	2.74
UCON96	0.38364230300331	0.91	18	2	1.533
UCON97	-0.246509432126542	1	40	3	3.559
UCON99	0.438307278601691	0.554	56	6	4.428
X1_DNA	0.202987022163855	0.398	710	72	62.55
X1_LINE	-0.29983076182237	0.736	83	6	7.386
X1_LR	-Inf	0.476	15	0	1.362
X10b_DNA	0.147841316336962	0.622	308	30	27.078
X11_DNA	-0.0248130136873805	1	267	23	23.399
X12_DNA	0.266888061493245	0.028	1379	145	120.511
X12_LINE	0.210751591028573	0.542	227	23	19.874
X13_LINE	0.197710261887652	0.674	148	15	13.079
X15_LINE	0.405246730579725	0.17	243	28	21.143
X17_LINE	0.0335865058760625	0.884	965	87	84.998
X2_LINE	-0.22879670640395	0.66	188	14	16.406
X20_LINE	0.195946441032647	0.638	162	16	13.968
X21_LINE	-2.0962618530584	0.108	47	1	4.276
X22_DNA	-1.16542962042419	0.702	25	1	2.243
X23_DNA	-2.42519072149345	0.07	60	1	5.371
X24_DNA	-0.159916175088315	0.564	457	36	40.22
X24_LINE	0.222778020675444	0.248	568	58	49.701
X26_DNA	0.157247927338196	0.37	971	94	84.293
X2a_DNA	-0.454838779954903	0.114	420	27	37.007
X2b_DNA	-1.76629832398485	0	192	5	17.009
X30_DNA	0.127921993840149	0.482	765	74	67.721
X32_DNA	-0.287226013167447	0.384	327	24	29.287
X33a_DNA	0.190761971079	0.83	69	7	6.133
X34_DNA	-0.842214553960944	0.204	105	5	8.964
X4a_DNA	0.0557147783860606	0.972	182	17	16.356
X4b_DNA	-0.0423687685089759	0.902	708	61	62.818
X5a_DNA	0.774744659588734	0	429	63	36.823
X5B_LINE	0.259720017327117	0.722	75	8	6.682
X6a_DNA	0.0576690942589746	0.754	1005	92	88.395
X6A_LINE	-0.114766792665514	0.47	1055	85	92.038
X6b_DNA	0.191612869020327	0.186	987	99	86.687
X6B_LINE	-0.349780436207163	0.048	891	60	76.462
X7A_LINE	0.07817400532506	0.642	937	86	81.464
X7B_LINE	0.274337359648392	0.062	940	100	82.683
X7C_LINE	0.26414459830173	0.164	621	65	54.125
X7D_LINE	-0.76355321651429	0.508	58	3	5.093
X8_LINE	-0.345183447187665	0.406	231	16	20.325
X9_LINE	-0.264586471582472	0.186	670	48	57.662
X9a_DNA	0.21219608979599	0.232	702	72	62.152
X9b_DNA	-0.38008068175135	0.146	606	41	53.358
Zaphod	-0.567781844466352	0.004	2330	140	207.514
Zaphod2	0.00957271197668812	0.974	875	75	74.504
Zaphod3	-0.134280689819282	0.476	1235	99	108.657
Zaphod4a	0.0295962356814412	0.964	394	36	35.269
Zaphod5a	1.26575262621567	0.004	80	17	7.07
Zaphod5b	0.121414773611627	0.954	74	7	6.435
