	log.enrich	pval	total	real.overlap	random.mean
(CATTC)n	-Inf	1	64	0	0.708
(GAATG)n	-Inf	0.778	35	0	1.028
5S	0.118726938570751	0.874	1317	10	9.21
7SK	-0.158854029516618	1	762	5	5.582
7SLRNA	0.70507225837687	0.07	1428	17	10.428
ACRO1	0.79836613883035	0.662	86	1	0.575
ALR/Alpha	-3.70150469976491	0	1700	5	65.048
Alu	0.185526481308641	0.402	8195	64	56.277
AluJb	0.317022848931732	0	121115	1155	927.147
AluJo	0.488787023010419	0	47320	500	356.312
AluJr	0.271983635381196	0	117446	1083	896.919
AluJr4	-0.103537244882734	0.542	12658	89	95.622
AluSc	0.0281924089218589	0.766	38726	307	301.059
AluSc5	-0.186369405536931	0.572	4259	29	32.999
AluSc8	0.0231991230532299	0.89	21085	166	163.352
AluSg	0.0935911651154646	0.214	44393	369	345.822
AluSg4	0.234021886093984	0.102	12565	111	94.379
AluSg7	-0.448248000221609	0.084	6031	34	46.389
AluSp	0.0690465909977916	0.288	67237	549	523.344
AluSq	0.115037217168242	0.426	12718	106	97.876
AluSq10	0.0923401721467105	0.888	1575	13	12.194
AluSq2	0.131807557491097	0.066	53394	454	414.36
AluSq4	0.282131687267338	0.508	1683	16	13.158
AluSx	0.317545208779948	0	129556	1244	998.228
AluSx1	0.318983480625575	0	110941	1078	864.162
AluSx3	0.09551383977083	0.272	40018	327	306.052
AluSx4	0.0480123621875139	0.77	12119	97	93.825
AluSz	0.236442736774488	0	122105	1120	950.696
AluSz6	0.00551740942375946	0.964	42260	328	326.748
AluY	-0.0289804911829976	0.59	101596	777	792.766
AluYa5	-1.1035695748354	0.002	3853	14	30.084
AluYa8	0.0836507514774962	1	405	3	2.831
AluYb8	-0.810443103845175	0.042	2715	12	21.045
AluYb9	-Inf	0.102	383	0	2.934
AluYc	0.105628450038725	0.622	6889	55	51.117
AluYc3	0.185736708600218	0.91	581	5	4.396
AluYd8	-0.867896463992655	0.874	229	1	1.825
AluYe5	-0.557077435958722	0.39	1343	7	10.299
AluYe6	-Inf	0.442	199	0	1.529
AluYf1	-0.0942811181679156	0.916	2082	15	16.013
AluYg6	0.130184983239359	0.878	857	7	6.396
AluYh3	1.06299808738631	0.05	665	11	5.265
AluYh3a3	0.729770092762002	0.712	161	2	1.206
AluYh7	0.242123340252104	0.872	502	4	3.382
AluYh9	-Inf	0.666	178	0	1.18
AluYi6	-0.193246075676931	1	462	3	3.43
AluYi6_4d	-Inf	1	44	0	0.343
AluYj4	-0.0686871871547138	0.968	2913	21	22.024
AluYk11	0.606034724339757	0.78	176	2	1.314
AluYk12	0.3040061868901	1	100	1	0.81
AluYk2	0.224072665412144	0.228	6900	62	53.081
AluYk3	-0.169209068152568	0.498	6210	43	48.351
AluYk4	0.0268581690642465	1	1117	9	8.834
AluYm1	0.216421524176602	0.376	4835	43	37.01
AmnSINE1	0.806677451659146	0.004	2633	33	18.866
AmnSINE2	-0.229280279058734	1	671	4	4.689
Arthur1	-0.350798955673279	0.562	2360	15	19.129
Arthur1A	0.577932645455361	0.252	1183	13	8.709
Arthur1B	-0.394122115910534	0.454	2347	14	18.398
Arthur1C	0.540043860345877	0.422	727	8	5.502
Arthur2	-0.655535016352104	0.482	1016	5	7.876
BC200	0.219269963523624	0.82	707	6	5.154
BLACKJACK	-3.16542962042418	0.002	2162	2	17.944
BSR/Beta	0.877514534734549	0.148	1956	23	12.519
CER	-Inf	0.416	86	0	1.607
Chap1_Mam	-0.273814244587036	1	498	3	3.627
Chap1a_Mam	-0.0877343818197255	1	1431	10	10.627
Charlie1	-0.0457225357346006	1	1939	15	15.483
Charlie10	0.272772601435184	0.682	1157	11	9.105
Charlie10a	-1.17823658460481	0.722	307	1	2.263
Charlie10b	-Inf	0.318	276	0	1.994
Charlie11	-Inf	1	113	0	0.909
Charlie12	-Inf	1	23	0	0.199
Charlie13a	0.371770774008718	0.656	561	6	4.637
Charlie13b	0.314284064009348	0.806	408	4	3.217
Charlie14a	0.0181473467102592	1	521	4	3.95
Charlie15a	0.274461911276085	0.372	3250	29	23.976
Charlie15b	0.0190729163179677	0.968	1942	15	14.803
Charlie16	-0.673297969127238	0.376	1476	7	11.163
Charlie16a	0.847799498634852	0.03	1474	19	10.557
Charlie17	-2.09895848008817	0.28	550	1	4.284
Charlie17a	-0.866631080694001	0.258	1251	5	9.117
Charlie17b	-0.102658131363739	1	543	4	4.295
Charlie18a	-0.764994598987576	0.116	2509	11	18.693
Charlie19a	-0.108113829006449	0.962	1620	11	11.856
Charlie1a	-1.40831936078045	0	5856	18	47.777
Charlie1b	-0.487546879044611	0.266	3087	17	23.835
Charlie20a	-2.74373037604463	0.054	891	1	6.698
Charlie21a	-1.00216242115062	0.522	772	3	6.009
Charlie22a	-0.276369044335404	0.834	1121	7	8.478
Charlie23a	0.00131213746279093	1	1506	11	10.99
Charlie24	-0.125798023097656	1	1289	9	9.82
Charlie25	0.0347185020116378	0.956	1094	9	8.786
Charlie26a	-0.95345150136626	0.568	517	2	3.873
Charlie29a	0.0104976391376187	1	986	8	7.942
Charlie29b	-2.4710573647973	0.014	1465	2	11.089
Charlie2a	-0.726133673181898	0.244	2095	10	16.542
Charlie2b	-1.08168048865633	0.032	3743	14	29.631
Charlie3	-1.78240856492737	0.43	342	1	3.44
Charlie30a	-0.812292844873271	0.676	467	2	3.512
Charlie30b	0.375821102882565	0.672	620	6	4.624
Charlie31a	0.854174355698294	0.148	812	11	6.085
Charlie32a	0.651389862460132	0.588	266	3	1.91
Charlie4	1.3533252949074	0.008	919	18	7.045
Charlie4a	-0.786596361890807	0.086	2908	13	22.425
Charlie4z	0.462414693615019	0.032	6037	61	44.272
Charlie5	-0.494013230916198	0.422	2609	14	19.717
Charlie6	-Inf	0.526	264	0	2.35
Charlie7	-1.14376656969194	0.022	3983	14	30.934
Charlie7a	0.157624511793712	0.794	1465	12	10.758
Charlie7b_Mars	-Inf	1	58	0	0.449
Charlie8	0.248579127556311	0.408	4420	40	33.669
Charlie9	0.135197056366766	0.85	1322	11	10.016
Cheshire	-2.03104224335857	0.11	1037	2	8.174
Chompy-6_Croc	-Inf	1	14	0	0.11
Chompy-7_Croc	-Inf	1	17	0	0.113
CR1_Mam	0.0704253957182698	0.936	1729	14	13.333
CR1-1_Amn	-Inf	1	66	0	0.443
CR1-11_Crp	2.47393118833241	0.322	24	1	0.18
CR1-12_AMi	-Inf	0.714	132	0	1.006
CR1-13_AMi	1.39024503782756	0.368	102	2	0.763
CR1-16_AMi	-1.28095631383106	0.604	309	1	2.43
CR1-3_Croc	-0.00791308164326482	1	1348	10	10.055
CR1-8_Crp	-Inf	1	5	0	0.035
CR1-L3A_Croc	-0.250961573533219	1	320	2	2.38
CR1-L3B_Croc	-Inf	1	38	0	0.267
CRP1	-Inf	1	6	0	0.04
D20S16	-Inf	1	388	0	2.716
DNA1_Mam	-Inf	0.712	172	0	1.292
ERV24_Prim-int	0.736564901192963	0.44	435	6	3.601
ERV24B_Prim-int	-0.194507356574013	1	379	3	3.433
ERV3-16A3_I-int	-0.938048981394287	0.008	6685	31	59.394
ERV3-16A3_LTR	0.459642027006743	0.366	1117	12	8.726
ERVL-B4-int	-0.952137348070724	0.024	4138	19	36.76
ERVL-E-int	-0.645033419575573	0.018	9119	49	76.625
ERVL-int	-0.855591107710452	0.432	831	4	7.238
ERVL47-int	-Inf	0.494	211	0	2.002
Eulor1	-Inf	1	85	0	0.613
Eulor10	1.92686529536978	0.462	39	1	0.263
Eulor11	0.360304766600418	1	103	1	0.779
Eulor12	-Inf	1	57	0	0.4
Eulor2A	-Inf	1	68	0	0.491
Eulor2B	-Inf	1	58	0	0.448
Eulor2C	-Inf	1	40	0	0.259
Eulor3	-Inf	1	38	0	0.283
Eulor4	-Inf	1	32	0	0.247
Eulor5A	0.0424567992428949	1	126	1	0.971
Eulor5B	-Inf	1	43	0	0.284
Eulor6A	-Inf	1	30	0	0.229
Eulor6B	-Inf	1	63	0	0.455
Eulor6C	-Inf	1	21	0	0.162
Eulor6D	0.951763814347152	0.78	77	1	0.517
Eulor6E	-Inf	1	31	0	0.213
Eulor7	-Inf	1	12	0	0.079
Eulor8	-Inf	0.66	145	0	1.129
Eulor9A	-Inf	0.882	125	0	0.894
Eulor9B	-Inf	1	30	0	0.226
Eulor9C	-Inf	0.936	106	0	0.768
EuthAT-2	-2.23112515787905	0.088	1166	2	9.39
EuthAT-N1	0.682695931638085	0.898	82	1	0.623
EuthAT-N1a	1.24127043154214	0.676	51	1	0.423
Eutr10	0.461597285855412	0.488	996	11	7.988
Eutr11	-Inf	0.044	620	0	4.668
Eutr15	-2.30597052098439	0.146	659	1	4.945
Eutr16	1.54091816801514	0.026	524	12	4.124
Eutr18	0.625099630298649	0.352	682	8	5.187
Eutr2	-0.780730036476376	1	232	1	1.718
Eutr2B	-0.123886876384023	1	441	3	3.269
Eutr5	-Inf	0.142	411	0	3.118
EUTREP14	-1.58640447489506	0.4	393	1	3.003
EUTREP15	0.288945678187933	0.914	197	2	1.637
EUTREP16	-0.0849713349478044	1	424	3	3.182
EUTREP2	-0.0678681348675599	1	834	6	6.289
EUTREP4	-1.17696099208944	0.748	301	1	2.261
EUTREP6	-Inf	1	13	0	0.093
EUTREP7	-0.0676387168753634	1	279	2	2.096
EUTREP8	0.592919224549499	0.644	269	3	1.989
EutTc1-N1	-Inf	1	61	0	0.426
EutTc1-N2	0.470928700170889	0.802	197	2	1.443
FAM	-0.311324254193445	0.334	4362	26	32.262
FLAM_A	-0.00808757423357444	1	15391	111	111.624
FLAM_C	0.34750075766706	0	25202	234	183.911
FordPrefect	0.200636342035315	0.852	614	6	5.221
FordPrefect_a	0.44418384493836	0.768	281	3	2.205
FRAM	0.306389310496656	0.008	20741	187	151.22
GSAT	-0.0454429707611672	1	39	1	1.032
GSATII	-Inf	0.802	175	0	1.835
GSATX	-Inf	1	53	0	0.649
HAL1	-1.25672508544893	0	21741	74	176.825
HAL1b	-1.94777004122744	0	4461	9	34.72
HAL1M8	-2.23741075271918	0.002	2273	4	18.862
HAL1ME	-1.78578438686619	0	7554	17	58.617
Harlequin-int	0.733908573108269	0.302	590	11	6.614
hAT-1_Mam	-0.0604876419851991	1	1483	11	11.471
hAT-16_Crp	-Inf	1	23	0	0.183
hAT-4b_Ther	-Inf	0.47	235	0	1.879
hAT-5_Mam	-0.439144375901279	0.75	920	5	6.779
hAT-N1_Mam	-0.859969548221026	0.952	240	1	1.815
hAT-N1a_Mam	0.485196014428227	0.596	473	5	3.572
Helitron1Na_Mam	-1.37406571822254	0.606	332	1	2.592
Helitron1Nb_Mam	0.870914851943389	0.372	361	5	2.734
Helitron2Na_Mam	-0.716771456418223	0.782	435	2	3.287
Helitron3Na_Mam	-0.743471882591393	0.402	1129	5	8.371
HERV-Fc1_LTR1	-Inf	1	17	0	0.095
HERV-Fc1_LTR2	-Inf	1	3	0	0.027
HERV-Fc1_LTR3	-Inf	1	5	0	0.045
HERV-Fc1-int	-Inf	1	6	0	0.08
HERV-Fc2_LTR	-Inf	1	4	0	0.041
HERV-Fc2-int	-Inf	1	5	0	0.092
HERV1_I-int	1.95828974811516	0.152	49	3	0.772
HERV1_LTRa	2.08926733809709	0.4	27	1	0.235
HERV1_LTRb	3.19759995988516	0.188	10	1	0.109
HERV1_LTRc	1.90508835297453	0.46	34	1	0.267
HERV1_LTRd	-Inf	1	16	0	0.131
HERV1_LTRe	-Inf	1	34	0	0.219
HERV15-int	-Inf	0.99	122	0	1.009
HERV16-int	-1.43456151187261	0.044	1930	6	16.218
HERV17-int	0.469314560262042	0.48	916	13	9.39
HERV3-int	0.970959455856252	0.328	322	6	3.061
HERV30-int	0.179514657013621	0.912	72	1	0.883
HERV35I-int	-1.48129894154757	0.396	627	2	5.584
HERV4_I-int	-1.6378420603241	0.576	349	1	3.112
HERV9-int	-1.40463068421761	0.268	367	2	5.295
HERV9N-int	-0.508935661864395	0.988	229	2	2.846
HERV9NC-int	-1.91685876469975	0.272	257	1	3.776
HERVE_a-int	-0.215989154146721	1	190	2	2.323
HERVE-int	3.13616383572878	0	284	31	3.526
HERVFH19-int	-0.210388864445403	1	114	1	1.157
HERVFH21-int	-0.476122419880152	1	132	1	1.391
HERVH-int	-0.837943241891027	0.042	5931	34	60.775
HERVH48-int	-Inf	0.624	124	0	1.632
HERVI-int	-0.133563525741106	1	88	1	1.097
HERVIP10B3-int	-1.4625758880422	0.722	248	1	2.756
HERVIP10F-int	2.23710789870046	0.002	327	18	3.818
HERVIP10FH-int	2.51629169005606	0	439	24	4.195
HERVK-int	-0.604071323668861	0.916	258	2	3.04
HERVK11-int	-1.59741198755465	0.644	286	1	3.026
HERVK11D-int	-Inf	1	43	0	0.596
HERVK13-int	0.430508908041284	0.734	68	1	0.742
HERVK14-int	0.365127976835786	0.76	440	5	3.882
HERVK14C-int	-Inf	1	81	0	0.911
HERVK22-int	0.0914176345211864	0.946	449	5	4.693
HERVK3-int	1.42361223501685	0.088	368	9	3.355
HERVK9-int	-3.03245353722596	0.058	722	1	8.182
HERVKC4-int	1.68501351453148	0.264	65	2	0.622
HERVL-int	-0.454175893185802	0.262	2403	21	28.77
HERVL18-int	-0.33199177823206	1	507	4	5.035
HERVL32-int	-0.217851096811131	1	137	1	1.163
HERVL40-int	0.405196692363006	0.486	1398	15	11.327
HERVL66-int	-0.0356239097307212	0.952	141	1	1.025
HERVL74-int	-Inf	0.336	393	0	3.358
HERVP71A-int	-Inf	0.32	254	0	2.746
HERVS71-int	0.285131738898786	0.864	188	3	2.462
HSAT4	-Inf	0.72	100	0	1.427
HSAT5	0.218430455184026	0.792	279	2	1.719
HSAT6	-Inf	1	19	0	0.083
HSATI	-Inf	1	60	0	0.307
HSMAR1	-2.71567376554819	0.036	725	1	6.569
HSMAR2	-Inf	0	1829	0	16.27
HUERS-P1-int	-2.40108430150501	0.194	530	1	5.282
HUERS-P2-int	-1.43882511317562	0.648	267	1	2.711
HUERS-P3-int	-1.28154989336664	0.374	790	3	7.293
HUERS-P3b-int	-1.29337048420475	0.506	538	2	4.902
HY1	0.573896299314951	0.486	461	5	3.359
HY3	-0.364012053558615	0.93	576	3	3.861
HY4	0.696657605512669	0.716	164	2	1.234
HY5	-Inf	1	23	0	0.168
Kanga1	-Inf	0.022	818	0	6.344
Kanga11a	-1.77589336028377	0.116	895	2	6.849
Kanga1a	-Inf	0.008	852	0	6.642
Kanga1b	1.20946624689218	0.11	382	7	3.027
Kanga1c	-0.664482840364683	0.52	834	4	6.34
Kanga1d	-1.37851162325373	0.278	686	2	5.2
Kanga2_a	-1.30006513677876	0.114	1568	5	12.312
L1HS	-Inf	0	1642	0	15.052
L1M	-0.897885782347309	0.416	778	3	5.59
L1M1	-1.17221109952428	0	10162	44	99.157
L1M2	-2.25390030707917	0	9331	17	81.085
L1M2a	-0.234194722953812	1	459	4	4.705
L1M2a1	-Inf	0.812	128	0	1.245
L1M2b	0.0137711197726006	1	213	2	1.981
L1M2c	-0.106013237622119	1	452	4	4.305
L1M3	-2.6982678762844	0	7486	9	58.412
L1M3a	-0.417109884230048	0.928	673	4	5.341
L1M3b	-Inf	0.052	589	0	5.265
L1M3c	-3.22835695420105	0.018	1090	1	9.372
L1M3d	-2.15218341905505	0.218	532	1	4.445
L1M3de	-Inf	0.132	498	0	4.087
L1M3e	-1.85817997382465	0.11	811	2	7.251
L1M3f	-Inf	0.032	694	0	6.77
L1M4	-1.93582830373603	0	20797	44	168.343
L1M4a1	-2.194465331638	0.002	2713	5	22.886
L1M4a2	-1.83673208045914	0.018	2113	5	17.86
L1M4b	-1.22369283685441	0.006	4399	16	37.367
L1M4c	-3.00076622822912	0	3723	4	32.017
L1M5	-1.56977461265156	0	46104	120	356.23
L1M6	-2.83743871485637	0	5437	6	42.885
L1M6B	-0.880228387204826	0.52	740	3	5.522
L1M7	-2.33691175181291	0	3102	5	25.261
L1M8	-1.8171115727957	0.038	1753	4	14.095
L1MA1	-2.47498757559525	0	4356	8	44.477
L1MA10	-1.9355626100948	0	5240	11	42.078
L1MA2	-2.01855921531323	0	7599	19	76.984
L1MA3	-1.84481824522197	0	9329	26	93.394
L1MA4	-2.35208943700036	0	10977	19	97.007
L1MA4A	-2.94324153425413	0	6355	8	61.531
L1MA5	-1.90587598058238	0	4601	11	41.221
L1MA5A	-4.94724534833528	0	3535	1	30.851
L1MA6	-2.46794603302531	0	5653	9	49.793
L1MA7	-2.21241369992289	0	8860	16	74.152
L1MA8	-2.52388661815165	0	11543	17	97.772
L1MA9	-2.1738569935644	0	17080	32	144.393
L1MB1	-1.85861763038128	0	6361	15	54.399
L1MB2	-1.40484474692008	0	9323	28	74.141
L1MB3	-0.696776504050507	0	18216	91	147.5
L1MB4	-1.19301100931638	0	9583	34	77.734
L1MB5	-0.527016700071296	0.048	10120	56	80.693
L1MB7	-1.00912273702211	0	23879	99	199.256
L1MB8	-1.25515758978696	0	17029	59	140.829
L1MC	-1.88692880292475	0	8093	17	62.874
L1MC1	-1.40170327297576	0	13334	45	118.896
L1MC2	-2.45249000921845	0	6531	10	54.736
L1MC3	-0.910732661902913	0	13567	62	116.56
L1MC4	-1.43397576328634	0	24233	72	194.537
L1MC4a	-1.09406279395787	0	10189	39	83.255
L1MC5	-1.19127775953719	0	14811	51	116.461
L1MC5a	-1.0048409274341	0	18323	72	144.484
L1MCa	-0.786257263278154	0.006	7351	37	63.81
L1MCb	-1.89297381527333	0.004	2184	5	18.57
L1MCc	-1.20011718900351	0.03	3320	12	27.571
L1MD	-2.6549354063147	0	8747	11	69.28
L1MD1	-2.07187705542827	0	7120	15	63.065
L1MD2	-1.13626770603244	0	11235	43	94.519
L1MD3	-0.86274892579353	0.008	5553	24	43.644
L1MDa	-1.63161652863745	0	7208	20	61.972
L1MDb	-3.05276365720956	0.032	1016	1	8.298
L1ME1	-1.88668723150831	0	32075	74	273.641
L1ME2	-1.68865431003869	0	13123	34	109.601
L1ME2z	-1.29302708466605	0	7469	24	58.81
L1ME3	-0.696618959185341	0.01	9350	47	76.173
L1ME3A	-0.568660688392056	0.002	16176	89	132
L1ME3B	-1.51826235235186	0	8464	24	68.747
L1ME3C	-0.664911114527429	0.168	3352	17	26.953
L1ME3Cz	-1.49901047237634	0	14582	41	115.886
L1ME3D	-1.4387023010046	0.002	4406	13	35.24
L1ME3E	-0.835154123580522	0.036	4645	21	37.465
L1ME3F	-1.53214429751026	0	4641	13	37.598
L1ME3G	-1.09519549086595	0	19078	69	147.413
L1ME4a	-0.83978326971001	0	29875	128	229.092
L1ME4b	-0.93495675990134	0	25168	102	195.007
L1ME4c	-1.01930654720497	0	9612	36	72.97
L1ME5	-1.31893467818886	0.01	3487	11	27.443
L1MEa	-Inf	0.236	368	0	3.024
L1MEb	-1.8324849902876	0.028	1753	4	14.246
L1MEc	-2.05749242481983	0	18334	37	154.017
L1MEd	-2.20498579834743	0	17206	30	138.321
L1MEf	-2.45877569908024	0	11747	18	98.955
L1MEg	-2.12859797052804	0	13699	26	113.696
L1MEg1	-Inf	0.018	1034	0	8.379
L1MEg2	-2.56169272139831	0.142	761	1	5.904
L1MEh	-1.29018845733752	0.024	3089	10	24.456
L1MEi	-1.71403411828984	0	5382	13	42.65
L1MEj	-2.67559013963243	0.002	2432	3	19.167
L1P	-Inf	0.688	170	0	1.131
L1P1	-3.37471493332052	0	3334	3	31.118
L1P2	-2.625504294584	0	1647	3	18.513
L1P3	-2.70933475416317	0	3541	5	32.701
L1P3b	-Inf	1	88	0	0.741
L1P4	-2.99145381955839	0	3933	4	31.811
L1P4a	-0.575554373308739	0.736	592	4	5.961
L1P4b	1.45205668870965	0.18	158	4	1.462
L1P4c	1.15360697914764	0.422	107	2	0.899
L1P4d	1.61794149102393	0.13	162	5	1.629
L1P4e	-Inf	0.506	199	0	1.818
L1P5	-Inf	0.014	809	0	5.953
L1PA10	-2.18780732878577	0	7337	16	72.898
L1PA11	-2.8314719328477	0	4243	6	42.708
L1PA12	-1.74226496704013	0.006	1835	5	16.728
L1PA13	-2.46630082917934	0	9214	16	88.42
L1PA14	-2.589859343936	0	3079	5	30.102
L1PA15	-3.8626993409766	0	8639	6	87.285
L1PA15-16	-1.95819308430915	0.016	1519	4	15.543
L1PA16	-2.39466187798046	0	14511	26	136.722
L1PA17	-2.27454329688002	0	4850	9	43.546
L1PA2	-4.02221243750368	0	5114	4	64.993
L1PA3	-3.4376887014863	0	11102	13	140.861
L1PA4	-3.38499707868795	0	12283	14	146.256
L1PA5	-2.73550051504621	0	11650	20	133.198
L1PA6	-3.99031957178318	0	6196	5	79.465
L1PA7	-3.49856089509489	0	13418	14	158.234
L1PA8	-1.99293154033411	0	8382	20	79.609
L1PA8A	-4.78816365703777	0	2467	1	27.63
L1PB	-3.00477102966043	0.002	1911	2	16.053
L1PB1	-2.1028785495937	0	13410	32	137.461
L1PB2	-1.98732086592925	0	2963	7	27.755
L1PB3	-1.33326015358545	0	3726	14	35.276
L1PB4	-2.5994260025894	0	7713	11	66.665
L1PBa	-0.762318439599726	0.126	2222	14	23.747
L1PBa1	-2.45916928659895	0.086	468	1	5.499
L1PBb	-0.805292455600712	0.756	336	2	3.495
L1PREC2	-2.83027376528922	0	8315	11	78.233
L2	-0.0115764598255477	0.896	55157	425	428.424
L2-1_AMi	-0.0159868397055393	1	949	7	7.078
L2-1_Crp	1.81096617560998	0.5	42	1	0.285
L2-2_Mam	0.264651129814115	0.806	557	5	4.162
L2-3_AMi	-Inf	1	11	0	0.074
L2-3_Crp	-1.14871722313073	0.038	1749	6	13.303
L2a	0.17837622529027	0	170012	1492	1318.476
L2b	0.725029545596979	0	93700	1173	709.647
L2c	0.355273268168154	0	129292	1257	982.624
L2d	0.0883304746106509	0.434	28368	226	212.578
L2d2	0.0614474770147055	0.462	53617	417	399.612
L3	0.197736459852575	0.028	46112	400	348.767
L3b	0.485627686932183	0.002	9843	102	72.847
L4_A_Mam	-0.43142410018184	0.136	6659	39	52.594
L4_B_Mam	-0.986452944687704	0.032	3332	13	25.757
L4_C_Mam	-0.477603322330948	0.14	5094	28	38.988
L5	0.112214807621661	0.974	745	6	5.551
LFSINE_Vert	0.236588425529993	0.528	2331	20	16.975
Looper	-0.556470290208139	0.854	559	3	4.412
LOR1-int	-3.58038671760526	0.014	1421	1	11.962
LOR1a	-0.772519126812551	0.428	852	4	6.833
LOR1b	-1.58367953483768	0.07	1133	3	8.992
LSAU	0.708396441969435	0.804	143	1	0.612
LSU-rRNA_Hsa	-0.123886876384023	1	454	3	3.269
LTR06	-Inf	1	104	0	0.723
LTR1	-Inf	0.302	252	0	2.205
LTR101_Mam	0.121706256598958	0.89	1176	10	9.191
LTR102_Mam	-0.467453393429982	0.896	528	3	4.148
LTR103_Mam	0.0925965373256863	0.948	762	6	5.627
LTR103b_Mam	-1.24153514179572	0.346	621	2	4.729
LTR104_Mam	0.228443037573334	0.616	1986	18	15.364
LTR105_Mam	-Inf	0.016	682	0	5.348
LTR106_Mam	-0.790215978868456	0.568	664	3	5.188
LTR107_Mam	-0.711494906650088	0.768	427	2	3.275
LTR108a_Mam	0.816037165157405	0.762	86	1	0.568
LTR108b_Mam	-Inf	1	54	0	0.396
LTR108c_Mam	-Inf	1	44	0	0.356
LTR108d_Mam	-Inf	1	67	0	0.592
LTR108e_Mam	-Inf	0.56	182	0	1.406
LTR109A2	-Inf	1	27	0	0.222
LTR10A	5.24784428343822	0	327	104	2.737
LTR10B	0.380821783940931	1	82	1	0.768
LTR10B1	0.539519529959989	0.806	171	2	1.376
LTR10B2	-Inf	0.792	107	0	0.95
LTR10C	0.63454741208217	0.374	539	7	4.509
LTR10D	1.80490442282278	0.04	182	5	1.431
LTR10E	0.307572801910292	0.87	293	3	2.424
LTR10F	3.84288571538623	0	450	55	3.833
LTR10G	1.57203632627689	0.168	131	3	1.009
LTR12	-2.83491342970104	0.014	791	1	7.135
LTR12_	-2.27142567609293	0.134	557	1	4.828
LTR12B	-0.87263179113525	0.912	178	1	1.831
LTR12C	-1.17344728605727	0	2781	14	31.577
LTR12D	-Inf	0.03	502	0	4.573
LTR12E	-Inf	0.674	115	0	1.044
LTR12F	-2.35839626195665	0.086	653	1	5.128
LTR13	1.64235416460949	0.002	524	15	4.805
LTR13_	2.09850554495242	0.158	48	2	0.467
LTR13A	2.27772829097683	0	210	9	1.856
LTR14	2.33460722895811	0.034	96	4	0.793
LTR14A	-Inf	0.64	144	0	1.111
LTR14B	-0.603121869839996	0.884	368	2	3.038
LTR14C	1.55780844921743	0.162	137	3	1.019
LTR15	-1.14339341869319	0.726	311	1	2.209
LTR16	0.175901361142414	0.592	3080	28	24.786
LTR16A	0.212181805333099	0.444	4295	39	33.666
LTR16A1	0.639559101872192	0.046	2734	33	21.183
LTR16A2	0.667173779242922	0.082	1849	23	14.484
LTR16B	-1.4541758931858	0.194	702	2	5.48
LTR16B1	0.205593586228221	0.72	1203	11	9.539
LTR16B2	-0.924914277443846	0.116	1681	7	13.29
LTR16C	-0.254676492957871	0.322	6765	44	52.495
LTR16D	0.564412432979176	0.318	1137	13	8.791
LTR16D1	0.321928094887362	0.928	214	2	1.6
LTR16D2	-Inf	0.252	314	0	2.401
LTR16E1	-0.415253887306281	0.374	2540	15	20.003
LTR16E2	0.222097354799769	0.58	2368	22	18.861
LTR17	-0.3440709779247	0.716	855	6	7.616
LTR18A	0.328253733136777	0.888	198	2	1.593
LTR18B	0.326443576009855	0.794	371	4	3.19
LTR18C	-Inf	1	77	0	0.544
LTR19-int	0.624450790602132	0.63	229	3	1.946
LTR19A	0.150400988848548	0.956	457	4	3.604
LTR19B	0.884300846568414	0.378	287	4	2.167
LTR19C	1.45403163089471	0.244	140	3	1.095
LTR1A1	-0.749748778864496	0.746	367	2	3.363
LTR1A2	-0.605968358841458	0.552	851	5	7.61
LTR1B	-1.65306001710456	0.494	349	1	3.145
LTR1B0	-Inf	0.822	92	0	0.883
LTR1B1	-Inf	0.434	174	0	1.606
LTR1C	0.808437349299244	0.796	64	1	0.571
LTR1C1	-Inf	1	72	0	0.621
LTR1C3	-Inf	1	65	0	0.473
LTR1D	-Inf	0.126	306	0	2.96
LTR1D1	-1.49825086752783	0.5	310	1	2.825
LTR1E	-1.44678556214312	0.514	300	1	2.726
LTR1F	-Inf	0.682	136	0	1.158
LTR1F1	-1.03632749181777	0.834	234	1	2.051
LTR1F2	0.68965987938785	0.698	137	2	1.24
LTR2	-0.0902727522219465	1	897	7	7.452
LTR21A	0.426625473554056	1	94	1	0.744
LTR21B	-Inf	1	36	0	0.265
LTR21C	-Inf	1	22	0	0.205
LTR22	-Inf	0.994	109	0	0.731
LTR22A	1.12868201921043	0.312	170	3	1.372
LTR22B	-Inf	0.716	154	0	1.1
LTR22B1	0.585323219573114	0.742	156	2	1.333
LTR22B2	-Inf	1	39	0	0.295
LTR22C	-Inf	1	17	0	0.135
LTR22C0	-Inf	0.79	113	0	0.954
LTR22C2	-Inf	1	82	0	0.636
LTR22E	-Inf	0.772	118	0	0.993
LTR23	1.63209647631225	0	878	21	6.775
LTR23-int	-Inf	0.732	203	0	1.493
LTR24	0.952880451431449	0.304	314	5	2.583
LTR24B	0.946987991919484	0.24	462	7	3.631
LTR24C	0.740817919661813	0.418	377	5	2.992
LTR25	1.52284078881336	0.096	315	5	1.74
LTR25-int	-0.296310560708092	1	622	4	4.912
LTR26	0.499926396865357	0.524	610	7	4.95
LTR26B	-Inf	0.828	137	0	1.066
LTR26C	1.82396097109944	0.01	316	9	2.542
LTR26D	0.107803289534515	0.986	229	2	1.856
LTR26E	-0.0468402542029723	1	124	1	1.033
LTR27	0.848400917730603	0.298	322	5	2.777
LTR2752	-Inf	0.24	233	0	2.277
LTR27B	-0.341416524478722	1	151	1	1.267
LTR27C	-Inf	0.71	119	0	1.071
LTR27D	-Inf	0.316	272	0	2.183
LTR27E	-1.00216242115062	0.87	222	1	2.003
LTR28	-0.36513259345253	1	140	1	1.288
LTR28B	-Inf	0.186	264	0	2.504
LTR28C	-Inf	0.256	228	0	2.082
LTR29	0.435377947563019	0.532	730	8	5.916
LTR2B	1.04146661729538	0.172	354	6	2.915
LTR2C	-1.13224779829844	0.782	313	1	2.192
LTR3	2.25153876699596	0.026	97	4	0.84
LTR30	-Inf	0.614	149	0	1.234
LTR31	-0.102322191196686	1	251	2	2.147
LTR32	0.893577228422026	0.072	1235	18	9.689
LTR33	0.191585527903502	0.336	9406	84	73.554
LTR33A	-0.394303064245464	0.45	2229	13	17.086
LTR33A_	0.449254834485782	0.288	1779	19	13.916
LTR33B	-2.03843618165611	0.018	1635	3	12.324
LTR33C	-0.904965718684026	0.336	944	4	7.49
LTR34	2.40354186044101	0	271	12	2.268
LTR35	2.44379132826041	0.022	117	5	0.919
LTR35A	2.92503794231878	0.004	95	6	0.79
LTR35B	0.938799843563263	0.456	206	3	1.565
LTR36	-0.0100636833446974	1	505	4	4.028
LTR37-int	-1.45982502727698	0.158	1395	4	11.003
LTR37A	-0.0404015152842066	1	2029	15	15.426
LTR37B	-1.18169323263634	0.066	2097	7	15.879
LTR38	-Inf	0.356	258	0	2.011
LTR38-int	-Inf	1	116	0	0.892
LTR38A1	-0.327687364176047	1	164	1	1.255
LTR38B	0.582079992188035	0.674	236	3	2.004
LTR38C	2.42404231254005	0.018	132	6	1.118
LTR39	0.223615222700397	0.706	1297	12	10.277
LTR39-int	-0.528071164578735	1	197	1	1.442
LTR3A	2.47192883542126	0.002	179	8	1.442
LTR3B	1.59946207041627	0.274	90	2	0.66
LTR3B_	-1.17696099208944	0.804	276	1	2.261
LTR4	2.18442457113743	0.072	107	3	0.66
LTR40a	-0.672470602282424	0.212	2032	10	15.938
LTR40A1	-0.638151087858946	0.718	580	3	4.669
LTR40b	-0.391453509992675	0.656	1142	7	9.182
LTR40c	0.315630070986993	0.716	610	6	4.821
LTR41	0.110448581295981	0.898	1199	10	9.263
LTR41B	0.232133367823371	0.746	868	8	6.811
LTR41C	-2.53704751940466	0.092	766	1	5.804
LTR42	0.475936324222789	0.668	338	4	2.876
LTR43	0.467932447710969	0.606	470	5	3.615
LTR43-int	0.528032212338484	0.688	182	2	1.387
LTR43B	-1.01792190799726	0.878	250	1	2.025
LTR44	0.0581424809965599	1	233	2	1.921
LTR45	-Inf	0.674	177	0	1.362
LTR45B	-0.20872533581959	1	448	3	3.467
LTR45C	-0.794935662803536	0.778	473	2	3.47
LTR46	0.589297090985047	0.68	260	3	1.994
LTR46-int	-Inf	1	82	0	0.954
LTR47A	0.877261028045455	0.16	696	10	5.444
LTR47A2	1.81096617560998	0.03	287	8	2.28
LTR47B	-Inf	1	43	0	0.336
LTR47B2	-Inf	0.568	175	0	1.363
LTR47B3	0.15360697914764	1	122	1	0.899
LTR47B4	0.161653263478769	1	105	1	0.894
LTR48	0.0234530601515112	0.986	1009	8	7.871
LTR48B	-0.058489677877915	1	1026	8	8.331
LTR49	-1.28498784693784	0.078	1584	5	12.184
LTR49-int	-1.44421269855064	0.052	2333	7	19.048
LTR5	-Inf	1	25	0	0.189
LTR5_Hs	1.21468660399267	0.002	701	15	6.463
LTR50	-0.118954183107323	0.894	2597	19	20.633
LTR51	1.18852896947016	0.104	416	8	3.51
LTR52	-1.09541812238292	0.186	1109	4	8.547
LTR52-int	-Inf	0.802	176	0	1.366
LTR53	0.00868224309980077	1	516	4	3.976
LTR53-int	-1.68257329734758	0.59	354	1	3.21
LTR53B	-Inf	0.44	198	0	1.568
LTR54	0.575615328461903	0.294	1137	13	8.723
LTR54B	1.03525812986191	0.048	884	14	6.831
LTR55	-0.0962618530584036	1	425	3	3.207
LTR56	0.828061211611875	0.126	1050	14	7.886
LTR57	-Inf	0.3	282	0	2.127
LTR57-int	-Inf	0.192	387	0	3.183
LTR58	-Inf	1	76	0	0.658
LTR59	1.21256753548313	0.428	116	2	0.863
LTR5A	-Inf	0.118	306	0	2.766
LTR5B	0.540218679496759	0.488	469	6	4.126
LTR60	-Inf	1	38	0	0.31
LTR60B	1.2632652555088	0.2	254	5	2.083
LTR61	-0.495695162624069	1	200	1	1.41
LTR62	0.880444615304718	0.338	326	5	2.716
LTR64	1.61312775484957	0.038	384	9	2.942
LTR65	1.04692104738749	0.136	477	8	3.872
LTR66	-1.61258840669872	0.492	435	1	3.058
LTR67B	-0.734349399528933	0.066	3787	17	28.282
LTR68	-Inf	0.222	356	0	2.714
LTR69	1.73336335748601	0.098	147	4	1.203
LTR6A	-0.252173413202027	1	329	2	2.382
LTR6B	-Inf	0.582	163	0	1.379
LTR7	-0.159198594849254	0.738	2427	18	20.1
LTR70	-Inf	0.666	162	0	1.352
LTR71A	-0.523060061795249	1	170	1	1.437
LTR71B	-Inf	0.348	251	0	2.059
LTR72	1.20756106993536	0.324	161	3	1.299
LTR72B	-Inf	0.73	163	0	1.26
LTR73	0.771848309374867	0.574	229	3	1.757
LTR75	1.04156560491358	0.262	311	5	2.429
LTR75_1	-Inf	0.858	130	0	1.006
LTR75B	0.949904670995942	0.434	204	3	1.553
LTR76	1.70745381204966	0.05	207	5	1.531
LTR77	-Inf	0.918	105	0	0.85
LTR78	-0.309476647228308	0.392	4897	31	38.417
LTR78B	-0.97520687268931	0.044	3301	13	25.557
LTR79	-0.261877936801216	0.482	4095	26	31.175
LTR7B	1.30799298395517	0.022	888	17	6.866
LTR7C	2.55957927924323	0.006	332	16	2.714
LTR7Y	-1.07724299893246	0.776	258	1	2.11
LTR8	1.21734475728441	0	3504	68	29.245
LTR80A	-1.68392098080932	0.42	401	1	3.213
LTR80B	-2.00504061670053	0.246	513	1	4.014
LTR81	1.63262893435147	0.022	336	8	2.58
LTR81A	1.02394662429932	0.092	853	13	6.393
LTR81AB	-Inf	0.376	275	0	2.015
LTR81B	-0.374065718222538	0.71	1161	7	9.072
LTR81C	-0.526820019724596	0.75	739	4	5.763
LTR82A	-0.763326582567959	0.448	1049	5	8.487
LTR82B	-0.634593268445756	0.522	1162	6	9.315
LTR83	-1.54522706822015	0.232	736	2	5.837
LTR84a	-1.44757919654888	0.266	702	2	5.455
LTR84b	0.858567209070705	0.08	1302	18	9.927
LTR85a	-0.396558078671183	0.51	1893	11	14.48
LTR85b	-0.630250134196479	0.426	1200	6	9.287
LTR85c	-1.18237448827581	0.152	1186	4	9.078
LTR86A1	-0.11603199344711	1	554	4	4.335
LTR86A2	-0.202887833470143	1	308	2	2.302
LTR86B1	-1.20288783347014	0.754	302	1	2.302
LTR86B2	-0.100304905795686	1	285	2	2.144
LTR86C	-Inf	0.274	301	0	2.365
LTR87	-0.140647793154842	1	718	5	5.512
LTR88a	0.410130005684799	0.526	912	9	6.773
LTR88b	0.761562503543514	0.054	1640	21	12.387
LTR88c	0.336427664582477	0.56	1044	10	7.92
LTR89	-3.07946344991616	0.004	1101	1	8.453
LTR89B	0.111695104791513	0.944	749	6	5.553
LTR8A	0.611708934568227	0.152	1481	19	12.434
LTR8B	2.48772253785929	0	1644	80	14.263
LTR9	-0.78805922364955	0.408	850	4	6.907
LTR90A	-1.61164454337366	0.442	407	1	3.056
LTR90B	-1.02431967919541	0.492	536	2	4.068
LTR91	-0.0324535372259593	1	1592	12	12.273
LTR91A	-1.06488285158485	0.036	2468	9	18.828
LTR9A1	-0.465365052837269	0.874	491	3	4.142
LTR9B	-0.15315678806142	1	709	5	5.56
LTR9C	-Inf	0.494	172	0	1.479
LTR9D	0.129508455657964	0.914	755	7	6.399
MADE1	-1.13310821740497	0	8005	26	57.026
MADE2	-0.483732874608655	0.232	2711	14	19.577
Mam_R4	0.667230698148533	0.338	564	7	4.408
MamGyp-int	-1.4512770620982	0.29	695	2	5.469
MamGypLTR1a	1.17171049182654	0.01	1103	19	8.434
MamGypLTR1b	-0.0621217119077976	1	1224	9	9.396
MamGypLTR1c	0.555251395020286	0.322	1168	13	8.847
MamGypLTR1d	-2.57628025762136	0.066	777	1	5.964
MamGypLTR2b	0.251109457354085	0.738	879	8	6.722
MamGypLTR2c	0.147734761808246	0.844	1055	9	8.124
MamGypLTR3	1.44110265835804	0.008	680	14	5.156
MamGypLTR3a	0.430092325419142	0.404	1350	14	10.391
MamGypLTR4	-1.48413813120167	0.246	724	2	5.595
MamGypsy2-I	-1.17032569441556	0.058	2302	8	18.005
MamGypsy2-LTR	-0.442970027927347	0.672	916	5	6.797
MamRep1151	-0.546109526097811	0.524	1278	7	10.221
MamRep137	-0.24762375619625	0.664	2500	16	18.996
MamRep1527	-1.72726701073491	0.058	1314	3	9.933
MamRep1879	0.596122794371622	0.154	1507	17	11.246
MamRep1894	-0.025170575734906	1	709	5	5.088
MamRep38	0.0954195650786825	0.854	2167	17	15.912
MamRep4096	1.21241556886995	0.002	1282	22	9.494
MamRep434	-0.0936503136176725	0.956	2142	15	16.006
MamRep488	0.935511273548286	0.158	503	7	3.66
MamRep564	-0.602171790753379	0.586	804	4	6.072
MamRep605	-0.687745766267457	0.096	3594	17	27.383
MamRep605b	0.662790904861723	0.042	2391	29	18.318
MamRTE1	-0.0239972388031965	0.958	9028	66	67.107
MamRTE2	-Inf	1	49	0	0.356
MamSINE1	0.0219375278283318	0.956	5945	44	43.336
MamTip1	0.617056130431009	0.304	774	9	5.868
MamTip1b	0.821126041830205	0.29	460	6	3.396
MamTip2	0.563856867709505	0.01	5279	57	38.56
MamTip2b	0.544032168498867	0.004	6841	74	50.753
MamTip3	-0.344503894669401	0.754	1176	7	8.888
MamTip3B	-0.0588936890535686	1	836	6	6.25
MARE10	-Inf	1	81	0	0.645
MARE11	-Inf	1	13	0	0.1
MARE4	-1.22404027421793	0.59	312	1	2.336
MARE6	-0.526068811667588	1	187	1	1.44
MARE8	0.27840860122462	0.982	218	2	1.649
MARE9	2.53951952995999	0.31	29	1	0.172
MARNA	-0.26471656897702	0.502	3187	20	24.028
MER101	-Inf	0.208	370	0	2.847
MER101-int	-Inf	0.006	1253	0	9.656
MER101B	-Inf	0.338	269	0	2.13
MER102a	0.476814448269396	0.122	3088	32	22.994
MER102b	-0.194507356574013	0.644	3205	21	24.031
MER102c	0.0349237714286125	0.962	3172	24	23.426
MER103C	-0.521007954888004	0.01	9080	47	67.443
MER104	0.131488819786205	0.768	2260	18	16.432
MER105	0.197324241768528	0.842	730	6	5.233
MER106A	-0.444667066841908	0.746	740	4	5.444
MER106B	-0.993493221058416	0.392	834	3	5.973
MER107	-0.517023672064581	1	361	2	2.862
MER110	-1.60478300420992	0.188	802	2	6.083
MER110-int	-Inf	0.17	412	0	3.426
MER110A	-0.339707507448597	0.898	633	4	5.062
MER112	0.521373275406636	0.044	4569	48	33.442
MER113	0.51452410240439	0.066	3816	42	29.401
MER113A	0.214333209688318	0.63	2109	18	15.515
MER115	0.630465972865528	0.05	2559	31	20.025
MER117	0.553655534579942	0.012	4434	48	32.702
MER119	0.653657657070487	0.24	1221	15	9.535
MER11A	-0.100902914111352	0.996	992	9	9.652
MER11B	-0.430285272977781	0.764	562	4	5.39
MER11C	-1.59136027191931	0.038	885	3	9.04
MER11D	2.07704103576383	0	267	10	2.37
MER121	-0.241026595475499	0.88	941	6	7.091
MER121B	-Inf	1	70	0	0.534
MER123	-Inf	1	48	0	0.34
MER124	-Inf	0.008	765	0	5.743
MER125	-Inf	0.764	138	0	1.01
MER126	-1.00432160595009	0.84	276	1	2.006
MER127	-Inf	0.39	213	0	1.652
MER129	1.68656064072896	0.126	125	3	0.932
MER130	-0.414676780426886	1	181	1	1.333
MER131	-0.212880566344385	0.882	1137	7	8.113
MER132	-Inf	1	37	0	0.273
MER133A	-Inf	1	54	0	0.403
MER133B	-Inf	1	41	0	0.333
MER134	0.529072742524873	1	90	1	0.693
MER135	-0.589044356767767	0.616	822	4	6.017
MER136	-Inf	1	29	0	0.194
MER1A	-0.67541745166666	0.056	3307	17	27.15
MER1B	-0.980557132621648	0	5525	22	43.411
MER2	-0.802642136891952	0	9338	41	71.516
MER20	0.0989533365758876	0.498	17280	138	128.852
MER20B	-0.714619195983327	0.074	4240	20	32.821
MER21-int	0.23600906870236	0.708	1094	11	9.34
MER21A	1.60745628986435	0	2062	51	16.737
MER21B	-0.31150311546827	0.51	2871	19	23.579
MER21C	0.283251644258946	0.262	5724	57	46.839
MER2B	-0.794011450702173	0.15	2101	9	15.605
MER3	-0.0998678923366062	0.61	11144	77	82.519
MER30	-0.53261165753436	0.124	4256	22	31.824
MER30B	0.199255376063222	1	255	2	1.742
MER31-int	-0.892196710465485	0.49	1194	5	9.28
MER31A	1.60237955379857	0	1379	33	10.868
MER31B	0.868829599201577	0.03	1525	22	12.047
MER33	-0.0844336407568696	0.708	9845	70	74.219
MER34	-0.444136956587592	0.588	1355	8	10.884
MER34-int	-0.167786090685978	1	423	3	3.37
MER34A	0.25583890442959	0.624	1513	14	11.725
MER34A1	-0.640852258917439	0.62	804	4	6.237
MER34B	-0.10701824988212	1	668	5	5.385
MER34B-int	-0.759013759346379	0.754	641	3	5.077
MER34C	0.412154990745723	0.866	206	2	1.503
MER34C_	0.188803011648002	0.854	685	6	5.264
MER34C2	0.900293350501873	0.19	613	9	4.822
MER34D	-0.0531113364595626	1	254	2	2.075
MER39	1.01212671547453	0	3390	54	26.774
MER39B	0.805912947883697	0.11	1222	17	9.724
MER4-int	-3.17967027934743	0	3127	3	27.183
MER41-int	-0.853862612454468	0.268	1776	9	16.266
MER41A	2.01602388184466	0	2640	88	21.757
MER41B	2.05020972846069	0	2941	98	23.662
MER41C	0.996010366064615	0.084	863	13	6.518
MER41D	0.0965760341112608	1	488	4	3.741
MER41E	0.467433676732488	0.636	365	4	2.893
MER41G	-0.0100636833446974	1	120	1	1.007
MER44A	-0.76669152448794	0.138	2404	11	18.715
MER44B	1.84846053551575	0	2176	61	16.939
MER44C	1.01987846555912	0.026	1126	19	9.37
MER44D	2.14727157271996	0	657	23	5.192
MER45A	0.28828485137698	0.328	3563	32	26.204
MER45B	0.714038896454401	0.146	1331	18	10.973
MER45C	0.412671940165716	0.5	1235	13	9.766
MER45R	-0.812018958770714	0.596	661	3	5.267
MER46C	-0.0689491857100309	0.97	2870	21	22.028
MER47A	-1.18741586162247	0.014	2639	9	20.497
MER47B	-0.332278283056929	0.912	623	4	5.036
MER47C	-0.149779630575903	1	791	5	5.547
MER48	-0.666302128173095	1	196	1	1.587
MER49	-0.202010167316432	0.888	1428	10	11.503
MER4A	0.731166410228239	0.17	890	12	7.229
MER4A1	-0.11118846015219	0.932	2314	17	18.362
MER4A1_	1.71054107599138	0	416	11	3.361
MER4B	1.16566877787835	0.002	1788	33	14.71
MER4B-int	-2.18766219043058	0.048	1620	3	13.667
MER4C	1.10495594933517	0.046	697	12	5.579
MER4CL34	-0.321158452275944	0.85	933	6	7.496
MER4D	1.36920893582772	0	1373	29	11.226
MER4D0	1.46713449689368	0.034	457	10	3.617
MER4D1	0.606034724339757	0.18	1595	20	13.14
MER4E	-0.321004474471124	0.876	746	5	6.246
MER4E1	0.67609470739674	0.176	1092	14	8.762
MER50	0.306779458452913	0.396	2591	27	21.828
MER50-int	0.416962376203336	0.642	555	7	5.243
MER50B	-0.179383654356298	1	700	5	5.662
MER50C	-Inf	1	83	0	0.686
MER51-int	-1.44705015545719	0.47	621	2	5.453
MER51A	-0.661384776179759	0.45	955	5	7.908
MER51B	0.924374023742455	0.088	725	11	5.796
MER51C	0.306680321188425	0.934	192	2	1.617
MER51D	-Inf	0.68	171	0	1.291
MER51E	-1.05450121618256	0.94	242	1	2.077
MER52-int	-2.27262045466299	0.228	501	1	4.832
MER52A	-3.93139940629881	0	1465	1	15.257
MER52C	0.136061549576028	0.962	399	4	3.64
MER52D	-1.08587783516041	0.352	664	3	6.368
MER53	-0.145579642046617	0.674	6020	40	44.247
MER54A	-0.265676925172169	0.956	774	5	6.011
MER54B	0.768977273520112	0.366	438	6	3.521
MER57-int	-Inf	0.004	1366	0	11.902
MER57A-int	-4.09937937312173	0	1976	1	17.141
MER57A1	0.0548917584960723	1	1093	9	8.664
MER57B1	-0.715805532559153	0.368	1033	5	8.212
MER57B2	-0.591360271919307	0.492	1145	6	9.04
MER57C1	-Inf	0.574	195	0	1.449
MER57C2	-0.875386904586456	0.648	472	2	3.669
MER57D	-1.84959901115145	0.328	464	1	3.604
MER57E1	0.320486120713456	0.746	512	5	4.004
MER57E2	-Inf	1	80	0	0.64
MER57E3	-Inf	0.584	277	0	1.851
MER57F	0.334607228958109	0.784	424	4	3.172
MER58A	-0.345964030342872	0.032	13824	81	102.951
MER58B	-0.199630581457506	0.432	7134	47	53.975
MER58C	-0.104485767875526	0.896	2642	18	19.352
MER58D	-0.0920382566203907	1	1174	8	8.527
MER5A	0.227487773086396	0.014	35585	306	261.361
MER5A1	0.357052334051669	0.004	16237	153	119.456
MER5B	0.367108808735693	0.002	25480	239	185.305
MER5C	-0.080657663345225	1	1374	10	10.575
MER5C1	0.111539230441959	0.96	627	5	4.628
MER6	-Inf	0.006	826	0	6.987
MER61-int	-1.95109039951905	0.08	1202	3	11.6
MER61A	-0.375400928906357	0.77	813	5	6.486
MER61B	-0.725086724630227	0.764	435	2	3.306
MER61C	-1.35388783628491	0.568	316	1	2.556
MER61D	0.488700647662753	0.724	269	3	2.138
MER61E	-0.432424976804764	1	320	2	2.699
MER61F	-0.443606651475615	1	167	1	1.36
MER63A	0.123800685944976	0.726	3616	30	27.533
MER63B	0.171600530779844	0.674	2472	21	18.645
MER63C	-1.32269732713213	0.222	904	3	7.504
MER63D	-0.240786129345516	0.764	1752	11	12.998
MER65-int	-Inf	0.01	1092	0	9.172
MER65A	-1.4944156103975	0.052	1485	4	11.27
MER65B	1.26447782270346	0.218	211	4	1.665
MER65C	-0.37684601401632	0.88	700	4	5.194
MER65D	0.901618944390578	0.298	525	7	3.747
MER66-int	-Inf	0.038	794	0	7.165
MER66A	-0.368489000645104	1	340	2	2.582
MER66B	0.313707588082394	0.526	1486	14	11.264
MER66C	0.344037636024594	0.68	603	6	4.727
MER66D	0.00288827932482635	1	249	2	1.996
MER67A	-0.765959006045755	0.848	481	2	3.401
MER67B	-0.40381306161659	0.936	498	3	3.969
MER67C	-1.3893465361625	0.082	1703	5	13.098
MER67D	-2.06091204958787	0.042	1055	2	8.345
MER68	-0.418639735959039	0.538	1529	9	12.03
MER68-int	0.413595525104937	0.708	402	4	3.003
MER68B	-0.29709357024747	1	475	3	3.686
MER68C	-Inf	0.656	165	0	1.339
MER6A	0.102114217652691	0.906	1034	9	8.385
MER6B	-1.37350901551801	0.27	693	2	5.182
MER6C	-0.0662614422687213	1	168	1	1.047
MER70-int	-1.23817541857738	0.848	263	1	2.359
MER70A	-0.115699153431586	1	542	4	4.334
MER70B	-0.381283372503784	0.75	995	6	7.815
MER70C	0.855300974845861	0.426	279	4	2.211
MER72	0.319000592824293	0.646	793	8	6.413
MER72B	1.23446525363702	0.26	198	4	1.7
MER73	-1.30041662783687	0.634	288	1	2.463
MER74A	-0.26652761587189	0.724	1625	11	13.232
MER74B	-0.942232976400716	0.294	958	4	7.686
MER74C	-0.927517246198476	0.908	234	1	1.902
MER75	-2.05554274796229	0.26	485	1	4.157
MER75A	-Inf	1	92	0	0.649
MER75B	-Inf	0.906	124	0	0.919
MER76	0.91940434937979	0.138	728	11	5.816
MER76-int	-Inf	0.906	155	0	1.248
MER77	0.345564459154601	0.478	1373	14	11.018
MER77B	0.749173138175258	0.13	1318	18	10.709
MER8	-1.29435117558973	0.032	2006	6	14.716
MER81	0.658504035607108	0.01	3748	43	27.242
MER83	0.312939311660108	0.746	516	5	4.025
MER83A-int	-Inf	1	105	0	0.938
MER83B	-Inf	0.712	150	0	1.115
MER83B-int	-Inf	0.384	277	0	2.449
MER83C	-Inf	0.652	156	0	1.209
MER84	1.95404876957499	0.008	364	11	2.839
MER84-int	0.745405956966859	0.638	143	2	1.193
MER85	-Inf	0	929	0	6.798
MER87	-0.380729448503549	1	166	1	1.302
MER87B	-Inf	0.496	211	0	1.64
MER88	0.212567535483132	1	113	1	0.863
MER89	-0.19269917799206	0.884	1436	10	11.429
MER89-int	-0.516519497661096	0.78	789	4	5.722
MER90	0.0737474992501819	0.982	727	6	5.701
MER90a	0.364870712584343	0.47	1265	13	10.095
MER91A	0.594406046468608	0.03	3694	41	27.155
MER91B	0.968067136694712	0.008	1476	21	10.735
MER91C	0.868709848627456	0.012	1665	22	12.048
MER92-int	-0.969196547991745	0.492	1020	4	7.831
MER92A	-Inf	0.712	156	0	1.167
MER92B	0.0958600154075162	0.92	832	7	6.55
MER92C	2.34813316523476	0.022	125	5	0.982
MER92D	1.72897280341268	0.038	226	6	1.81
MER94	-0.235972082773581	0.432	4852	30	35.331
MER94B	0.628799615471852	0.36	634	7	4.527
MER95	-Inf	0.828	141	0	1.059
MER96	0.686405853427609	0.148	1291	15	9.321
MER96B	0.298317879704717	0.48	2245	20	16.264
MER97a	-Inf	0.4	280	0	2.213
MER97b	-Inf	0.786	181	0	1.428
MER97c	-0.772307974958403	1	211	1	1.708
MER97d	-Inf	0.844	138	0	1.191
MER99	0.32373259173411	0.836	301	3	2.397
MER9a1	-1.6144742828377	0.398	351	1	3.062
MER9a2	-1.40816837070811	0.492	322	1	2.654
MER9a3	-2.29454723389551	0.106	595	1	4.906
MER9B	1.59074485331516	0.564	39	1	0.332
Merlin1_HS	-Inf	1	56	0	0.47
MERX	-Inf	0.116	442	0	3.377
MIR	0.38518882474486	0	177613	1734	1327.687
MIR1_Amn	1.29679945299869	0	12053	213	86.697
MIR3	0.828582028131543	0	89786	1165	655.991
MIRb	0.537391037414508	0	228856	2469	1701.18
MIRc	0.619434435646728	0	103104	1163	757.027
MLT-int	-0.670387156973834	0.826	417	2	3.183
MLT1-int	-Inf	0.452	267	0	1.99
MLT1A	-0.550176975172401	0.016	9313	49	71.749
MLT1A-int	-1.91800451859787	0.414	448	1	3.779
MLT1A0	-0.980947967739302	0	21288	84	165.796
MLT1A0-int	-0.0485849575730493	1	953	8	8.274
MLT1A1	-1.17786465327833	0	6913	24	54.298
MLT1A1-int	-0.52138581878399	0.854	462	3	4.306
MLT1B	-0.157936838634986	0.314	18094	126	140.577
MLT1B-int	-0.664179402559191	0.786	567	3	4.754
MLT1C	0.0044165002956634	0.968	6716	53	52.838
MLT1C-int	-Inf	0.926	130	0	1.046
MLT1C2	0.250068981781435	0.074	16393	153	128.651
MLT1C2-int	0.67116353577046	0.438	436	6	3.768
MLT1D	-0.165887653369582	0.272	19733	139	155.938
MLT1D-int	0.698119747160968	0.36	598	8	4.931
MLT1E	-0.279174108489047	0.862	922	6	7.281
MLT1E-int	-Inf	1	12	0	0.103
MLT1E1	0.360978372328023	0.522	1065	11	8.565
MLT1E1-int	-Inf	1	45	0	0.287
MLT1E1A	-0.617716413041014	0.138	3422	18	27.62
MLT1E1A-int	-Inf	1	84	0	0.652
MLT1E2	-0.669847472601537	0.072	4091	21	33.409
MLT1E2-int	-0.0935601761623379	1	128	1	1.067
MLT1E3	-0.218736892283724	0.732	2066	14	16.292
MLT1E3-int	0.891642821909582	0.708	74	1	0.539
MLT1F	0.003590592117217	1	4411	35	34.913
MLT1F-int	-0.519038609600059	0.876	530	3	4.299
MLT1F1	0.383199503831328	0.264	3329	34	26.069
MLT1F1-int	1.49919794694284	0.182	160	4	1.415
MLT1F2	-0.88069278025302	0	6215	27	49.714
MLT1F2-int	-Inf	0.314	327	0	2.506
MLT1G	0.369594528517677	0.274	2894	30	23.22
MLT1G-int	0.932361283124637	0.5	185	3	1.572
MLT1G1	-0.870315395832878	0.022	3680	16	29.249
MLT1G1-int	0.247536836438468	0.882	299	3	2.527
MLT1G3	0.240680251521271	0.494	2818	26	22.005
MLT1G3-int	-Inf	0.492	246	0	1.969
MLT1H	-0.488406763531524	0.028	10252	57	79.965
MLT1H-int	-2.8015725694636	0.052	836	1	6.972
MLT1H1	0.120147227446754	0.744	3756	32	29.443
MLT1H1-int	0.257562554623734	0.814	426	4	3.346
MLT1H2	-0.40793538359363	0.238	4849	28	37.15
MLT1H2-int	-Inf	0.22	354	0	3.074
MLT1I	-0.275292501922086	0.15	11268	71	85.927
MLT1I-int	-2.77441810410581	0.058	829	1	6.842
MLT1J	-0.171937078631695	0.308	15494	107	120.543
MLT1J-int	-0.521804561723943	0.522	1457	8	11.486
MLT1J1	0.0338724687384672	0.908	5003	39	38.095
MLT1J1-int	0.335699214659963	0.748	476	5	3.962
MLT1J2	-0.0757406665303095	0.804	6991	51	53.749
MLT1J2-int	-2.2821432287815	0.25	596	1	4.864
MLT1K	0.428054447434501	0	17999	186	138.247
MLT1K-int	0.284545872884282	0.894	208	2	1.642
MLT1L	0.323545814945731	0.054	12248	116	92.696
MLT1L-int	0.215914857265243	0.974	112	1	0.861
MLT1M	0.669851398307669	0.046	2329	28	17.6
MLT1M-int	-Inf	1	1	0	0.008
MLT1N2	0.0739675682050048	0.79	5816	46	43.701
MLT1N2-int	-Inf	1	74	0	0.514
MLT1O	-0.13386409503637	0.692	5156	35	38.403
MLT1O-int	-Inf	1	12	0	0.109
MLT2A1	-2.88093036107688	0	3849	4	29.465
MLT2A2	-1.55942506657471	0	3928	11	32.421
MLT2B1	-1.84317989025717	0	4532	10	35.88
MLT2B2	-0.329000546691006	0.524	2229	14	17.586
MLT2B3	-0.224255072854654	0.658	3363	23	26.868
MLT2B4	-1.52286697903945	0	4762	13	37.357
MLT2B5	0.0218043703183483	1	383	3	2.955
MLT2C1	0.0190868391907669	0.998	2710	21	20.724
MLT2C2	0.490591290128639	0.33	1378	15	10.676
MLT2D	-0.197419006656147	0.604	4584	31	35.546
MLT2E	-1.67355642399014	0.41	405	1	3.19
MLT2F	0.572253924994964	0.144	1946	23	15.469
MSR1	2.13416034784134	0	445	15	3.417
MST-int	-0.831877241191673	0.966	235	1	1.78
MSTA	-1.58574261538536	0	20293	53	159.086
MSTA-int	-3.42173945714779	0	3304	3	32.149
MSTA1	-0.56527220794185	0.766	563	3	4.439
MSTA1-int	-Inf	1	29	0	0.246
MSTB	-1.25104518137079	0	8800	29	69.024
MSTB-int	-1.59470777862627	0.064	902	3	9.061
MSTB1	-1.47738128384788	0	4944	14	38.982
MSTB1-int	0.529766846479031	0.702	231	3	2.078
MSTB2	-1.1196881745192	0.056	1621	6	13.038
MSTB2-int	-Inf	0.982	94	0	0.889
MSTC	-1.53256632326751	0	3291	9	26.037
MSTC-int	-Inf	0.388	210	0	2.011
MSTD	-0.730971824985325	0.002	7813	37	61.411
MSTD-int	0.165895595998496	0.82	751	8	7.131
OldhAT1	-0.237201106850527	0.452	4404	27	31.825
ORSL	-0.239856258194479	0.83	1252	8	9.447
ORSL-2a	0.101082246907051	1	376	3	2.797
ORSL-2b	0.313707588082394	0.688	733	7	5.632
PABL_A	-2.22774107583913	0.11	544	1	4.684
PABL_A-int	-0.497740088609093	0.944	459	3	4.236
PABL_B	0.430508908041284	0.668	393	4	2.968
PABL_B-int	-0.318461465167583	1	265	2	2.494
Penelope1_Vert	-0.248708309960915	0.806	1123	7	8.317
Plat_L3	0.151774112404828	0.668	3386	28	25.204
PRIMA4_LTR	-1.42384705459843	0.576	349	1	2.683
PRIMA4-int	-0.882056070968626	0.698	443	2	3.686
PRIMA41-int	0.746615764199925	0.36	511	8	4.768
PRIMAX-int	-Inf	1	78	0	0.569
PrimLTR79	-0.0621217119077975	1	136	1	1.044
REP522	-Inf	0.536	294	0	1.82
Ricksha	0.133289800325975	0.928	431	4	3.647
Ricksha_0	-Inf	0.184	386	0	3.311
Ricksha_a	-Inf	1	57	0	0.423
Ricksha_b	-Inf	0.89	118	0	1.06
Ricksha_c	-0.950841637549149	0.306	1032	4	7.732
SAR	5.62000944782036	0	13	3	0.061
SATR1	0.044129273877034	0.98	728	8	7.759
SATR2	-2.17216745005327	0.24	450	1	4.507
SST1	-Inf	0.21	650	0	3.511
SSU-rRNA_Hsa	-Inf	1	90	0	0.666
SVA_A	0.0124608360791227	1	1230	10	9.914
SVA_B	-0.100112636182435	1	839	7	7.503
SVA_C	-1.42277121932047	0.202	540	2	5.362
SVA_D	-1.01987979435658	0.044	1491	8	16.222
SVA_E	0.342164034131622	0.652	704	7	5.522
SVA_F	0.233539756946957	0.688	1023	11	9.356
TAR1	2.55639334852439	0.006	155	5	0.85
THE1-int	-0.745882688902259	1	200	1	1.677
THE1A	-2.51479557117246	0	4308	6	34.291
THE1A-int	-3.98804839748319	0	1481	1	15.868
THE1B	-2.51287475260089	0	22924	32	182.642
THE1B-int	-4.52086221913505	0	4277	2	45.914
THE1C	-2.43007112795128	0	10046	15	80.838
THE1C-int	-Inf	0	1824	0	19.389
THE1D	-2.04246223819295	0	12935	25	102.987
THE1D-int	-3.06981671623836	0	2667	3	25.19
Tigger1	-2.46458114510717	0	12353	21	115.913
Tigger10	-0.0623729430866456	1	1481	11	11.486
Tigger11a	-0.0713050340731332	1	419	3	3.152
Tigger12	0.556181203087507	0.348	910	10	6.801
Tigger12A	-1.49620666592348	0.248	748	2	5.642
Tigger12c	-0.676493093841773	0.538	865	4	6.393
Tigger13a	-1.3270549688024	0.002	3189	10	25.089
Tigger14a	-0.933723697895829	0.202	1312	5	9.551
Tigger15a	-0.0411261411675625	0.986	4892	36	37.041
Tigger16a	-0.764685852522134	0.16	1822	8	13.592
Tigger16b	-0.295869931015416	0.758	1342	8	9.821
Tigger17	-Inf	1	57	0	0.466
Tigger17a	-0.523848674404633	0.284	2457	14	20.129
Tigger17b	-Inf	1	94	0	0.755
Tigger17c	0.160040412510468	0.95	347	3	2.685
Tigger17d	-1.31556623031895	0.656	336	1	2.489
Tigger18a	-0.140560544807872	1	1273	9	9.921
Tigger19a	-0.372474568793698	0.292	3637	21	27.186
Tigger19b	-0.0454429707611672	1	3685	26	26.832
Tigger1a_Art	0.350461180158946	0.754	315	3	2.353
Tigger1a_Mars	-Inf	1	45	0	0.405
Tigger2	-1.4751425434688	0	2835	9	25.021
Tigger20a	0.0439433475875972	1	1378	11	10.67
Tigger21a	-Inf	0.72	173	0	1.288
Tigger22N1	-2.0622944380428	0.044	1102	2	8.353
Tigger23a	-1.10768786931437	0.394	580	2	4.31
Tigger2a	-1.04399051184683	0.016	3391	13	26.805
Tigger2b_Pri	-0.287050071743731	0.652	2191	14	17.082
Tigger3	1.67653385055237	0	1166	30	9.385
Tigger3a	0.18024841167387	0.428	5480	49	43.245
Tigger3b	0.682248645523252	0	6456	88	54.841
Tigger3c	0.34500664947126	0.378	2425	23	18.108
Tigger3d	-0.742437445376266	0.56	696	3	5.019
Tigger4	-2.67412163263239	0.01	1466	2	12.765
Tigger4a	-1.28542912201543	0.002	3595	11	26.813
Tigger4b	-2.69539998925262	0	2565	3	19.432
Tigger5	-2.04124298223188	0.252	545	1	4.116
Tigger5b	-1.55728754227831	0.018	2854	7	20.601
Tigger6	0.73296366360871	0.57	256	3	1.805
Tigger6a	-2.53032049467804	0.094	699	1	5.777
Tigger6b	-Inf	0.632	179	0	1.463
Tigger7	1.59590655843094	0	3017	70	23.157
Tigger8	-1.85199883711245	0.106	959	2	7.22
Tigger9a	-Inf	0.002	1043	0	7.914
Tigger9b	-1.02951178211654	0.412	774	3	6.124
tRNA-Ala-GCA	-Inf	1	41	0	0.319
tRNA-Ala-GCG	-Inf	1	11	0	0.084
tRNA-Ala-GCY	3.12029423371771	0.202	34	1	0.115
tRNA-Ala-GCY_	-Inf	1	80	0	0.544
tRNA-Arg-AGA	2.87302714374223	0.066	40	2	0.273
tRNA-Arg-AGG	2.78587519464715	0.258	21	1	0.145
tRNA-Arg-CGA	-Inf	1	8	0	0.055
tRNA-Arg-CGA_	-Inf	1	2	0	0.012
tRNA-Arg-CGG	-Inf	1	16	0	0.111
tRNA-Arg-CGY_	2.50635266602479	0.114	49	2	0.352
tRNA-Asn-AAC	1.50635266602479	0.588	53	1	0.352
tRNA-Asn-AAT	-Inf	1	2	0	0.002
tRNA-Asp-GAY	2.82623293226329	0.066	48	2	0.282
tRNA-Cys-TGY	2.38082178394093	0.014	138	5	0.96
tRNA-Gln-CAA	3.51457317282976	0.034	23	2	0.175
tRNA-Gln-CAA_	-Inf	1	34	0	0.252
tRNA-Gln-CAG	1.77595972578207	0.23	85	2	0.584
tRNA-Glu-GAA	0.639354797539784	0.938	99	1	0.642
tRNA-Glu-GAG	-Inf	1	20	0	0.117
tRNA-Glu-GAG_	2.15628409077293	0.082	97	3	0.673
tRNA-Gly-GGA	2.3621579396759	0.01	109	4	0.778
tRNA-Gly-GGG	2.94897599697553	0.07	44	2	0.259
tRNA-Gly-GGY	-Inf	1	37	0	0.241
tRNA-His-CAY	-Inf	1	1	0	0.013
tRNA-His-CAY_	2.98850436116217	0.056	53	2	0.252
tRNA-Ile-ATA	1.12973392960402	0.738	65	1	0.457
tRNA-Ile-ATC	-Inf	1	9	0	0.019
tRNA-Ile-ATT	-Inf	1	55	0	0.343
tRNA-Leu-CTA	-Inf	1	2	0	0.023
tRNA-Leu-CTA_	-Inf	1	7	0	0.053
tRNA-Leu-CTG	4.7178567712185	0.016	15	2	0.076
tRNA-Leu-CTY	3.17136841831198	0.042	30	2	0.222
tRNA-Leu-TTA	-Inf	1	12	0	0.093
tRNA-Leu-TTA(m)	-Inf	1	27	0	0.204
tRNA-Leu-TTG	-Inf	1	26	0	0.185
tRNA-Lys-AAA	1.608232280044	0.552	51	1	0.328
tRNA-Lys-AAG	2.04692104738749	0.17	73	2	0.484
tRNA-Met	1.75633091903314	0.534	52	1	0.296
tRNA-Met_	-Inf	1	47	0	0.33
tRNA-Met-i	3.08722241211206	0.014	45	3	0.353
tRNA-Phe-TTY	0.623709616662948	0.916	91	1	0.649
tRNA-Pro-CCA	4.96578428466209	0	9	2	0.064
tRNA-Pro-CCG	6.50635266602479	0	4	3	0.033
tRNA-Pro-CCY	3.96578428466209	0.024	17	2	0.128
tRNA-SeC(e)-TGA	-Inf	1	3	0	0.02
tRNA-Ser-AGY	-Inf	1	14	0	0.108
tRNA-Ser-TCA	-Inf	1	1	0	0.004
tRNA-Ser-TCA_	-Inf	1	4	0	0.029
tRNA-Ser-TCA(m)	-Inf	1	31	0	0.21
tRNA-Ser-TCG	-Inf	1	7	0	0.046
tRNA-Ser-TCY	-Inf	1	15	0	0.104
tRNA-Thr-ACA	-Inf	1	26	0	0.168
tRNA-Thr-ACG	-Inf	1	2	0	0.012
tRNA-Thr-ACG_	-Inf	1	12	0	0.073
tRNA-Thr-ACY	-Inf	1	15	0	0.109
tRNA-Thr-ACY_	-Inf	1	12	0	0.082
tRNA-Trp-TGG	-Inf	1	13	0	0.094
tRNA-Tyr-TAC	3.87832144341175	0.004	37	4	0.272
tRNA-Tyr-TAT	-Inf	1	6	0	0.046
tRNA-Val-GTA	4.49005085369569	0.014	12	2	0.089
tRNA-Val-GTG	2.92139016530363	0.08	43	2	0.264
tRNA-Val-GTY	-Inf	1	31	0	0.228
U1	2.46992925777492	0.002	223	8	1.444
U13	0.70016923817763	0.684	179	2	1.231
U13_	-0.166072675946706	1	316	2	2.244
U14	-Inf	1	7	0	0.058
U17	-Inf	1	9	0	0.063
U2	-0.372952097911829	0.674	1111	6	7.77
U3	-0.796597754048306	0.964	234	1	1.737
U4	0.79836613883035	0.634	161	2	1.15
U5	1.39119075732448	0.15	214	4	1.525
U6	-0.195805705824961	0.762	1799	11	12.599
U7	0.749846885462938	0.532	250	3	1.784
U8	-Inf	1	34	0	0.247
UCON1	-Inf	0.39	245	0	1.729
UCON100	-Inf	1	19	0	0.144
UCON101	0.364013496254377	0.904	208	2	1.554
UCON103	-Inf	1	14	0	0.109
UCON105	0.568568062470488	0.378	642	7	4.72
UCON11	-Inf	1	45	0	0.353
UCON12	1.19429481516149	0.724	59	1	0.437
UCON12A	-Inf	1	23	0	0.18
UCON14	-Inf	0.972	100	0	0.743
UCON15	-Inf	1	50	0	0.364
UCON16	-Inf	1	38	0	0.29
UCON17	-Inf	1	33	0	0.241
UCON18	-Inf	1	33	0	0.27
UCON19	-Inf	1	31	0	0.239
UCON2	-0.0607391578576786	1	138	1	1.043
UCON20	-Inf	1	43	0	0.327
UCON21	-Inf	1	29	0	0.214
UCON22	-Inf	1	38	0	0.284
UCON23	-Inf	1	31	0	0.226
UCON24	-Inf	1	22	0	0.159
UCON25	-Inf	1	50	0	0.338
UCON26	-0.655351828612554	1	207	1	1.575
UCON27	0.275786313242642	1	102	1	0.826
UCON28a	-Inf	0.782	129	0	1.007
UCON28b	-Inf	1	75	0	0.612
UCON28c	0.907792561902911	0.84	68	1	0.533
UCON29	-Inf	0.392	235	0	1.732
UCON31	-Inf	0.822	119	0	0.941
UCON33	-Inf	0.728	136	0	1.053
UCON34	-0.272620454662992	1	339	2	2.416
UCON35	1.22431729826094	0.282	173	3	1.284
UCON37	1.2086721173841	0.29	172	3	1.298
UCON38	0.364942170274786	0.914	208	2	1.553
UCON39	0.307572801910292	1	107	1	0.808
UCON4	-Inf	0.762	138	0	0.999
UCON40	0.693543313875078	0.58	245	3	1.855
UCON41	-0.508935661864395	0.784	575	3	4.269
UCON44	-1.3928669162308	0.568	360	1	2.626
UCON47	-Inf	0.674	154	0	1.098
UCON48	-Inf	0.526	194	0	1.497
UCON49	-Inf	0.85	109	0	0.833
UCON5	-Inf	0.836	123	0	0.895
UCON51	-Inf	1	44	0	0.367
UCON55	-0.00719550140420405	1	412	3	3.015
UCON56	-Inf	1	15	0	0.104
UCON57	-Inf	1	22	0	0.164
UCON58	-0.765534746362977	0.998	236	1	1.7
UCON59	-Inf	1	45	0	0.346
UCON6	-Inf	0.948	96	0	0.729
UCON60	-Inf	1	38	0	0.262
UCON61	-Inf	1	16	0	0.118
UCON62	-Inf	1	24	0	0.169
UCON63	-Inf	1	14	0	0.11
UCON64	-Inf	1	16	0	0.143
UCON65	-Inf	1	32	0	0.272
UCON66	-Inf	1	64	0	0.481
UCON67	-Inf	1	20	0	0.145
UCON68	-Inf	1	12	0	0.073
UCON69	-Inf	1	29	0	0.189
UCON7	-Inf	0.838	125	0	0.988
UCON70	2.10159814000781	0.184	59	2	0.466
UCON71	-Inf	1	17	0	0.14
UCON71_Crp	-1.01578299724093	0.82	282	1	2.022
UCON73	0.718647939344109	0.574	259	3	1.823
UCON75	-Inf	1	24	0	0.179
UCON76	-Inf	0.702	141	0	1.049
UCON78	-0.439357178474257	1	180	1	1.356
UCON8	-Inf	0.366	207	0	1.705
UCON80	1.7809089417538	0.524	43	1	0.291
UCON80_AMi	0.298672742587059	0.988	228	2	1.626
UCON81	-Inf	1	40	0	0.306
UCON83	-Inf	1	49	0	0.341
UCON84	-Inf	0.928	109	0	0.794
UCON85	2.46593839757888	0.334	28	1	0.181
UCON86	0.810966175609983	0.866	70	1	0.57
UCON87	-Inf	1	6	0	0.045
UCON88	1.94341647163363	0.46	33	1	0.26
UCON89	1.51457317282976	0.572	50	1	0.35
UCON9	-Inf	1	49	0	0.347
UCON92	-Inf	1	19	0	0.139
UCON93	-Inf	1	27	0	0.197
UCON94	-Inf	1	31	0	0.228
UCON96	-Inf	1	18	0	0.127
UCON97	-Inf	1	40	0	0.29
UCON99	1.42275246440685	0.63	56	1	0.373
X1_DNA	-0.401084301505006	0.858	710	4	5.282
X1_LINE	0.62148837674627	0.956	83	1	0.65
X1_LR	-Inf	1	15	0	0.099
X10b_DNA	-1.17248751551013	0.674	308	1	2.254
X11_DNA	-0.00432160595009342	1	267	2	2.006
X12_DNA	-0.198843347648022	0.84	1379	9	10.33
X12_LINE	0.236163541109048	0.994	227	2	1.698
X13_LINE	-0.183962834842595	1	148	1	1.136
X15_LINE	0.186885808653711	1	243	2	1.757
X17_LINE	0.157222254704562	0.862	965	8	7.174
X2_LINE	-0.528071164578735	1	188	1	1.442
X20_LINE	1.37706964907982	0.198	162	3	1.155
X21_LINE	-Inf	1	47	0	0.353
X22_DNA	-Inf	1	25	0	0.198
X23_DNA	-Inf	1	60	0	0.451
X24_DNA	-1.74329952788826	0.328	457	1	3.348
X24_LINE	-2.06660588420444	0.164	568	1	4.189
X26_DNA	0.275592259164618	0.698	971	9	7.435
X2a_DNA	-1.63180275492413	0.398	420	1	3.099
X2b_DNA	-Inf	0.53	192	0	1.39
X30_DNA	-0.495695162624069	0.696	765	4	5.64
X32_DNA	-Inf	0.198	327	0	2.553
X33a_DNA	-Inf	1	69	0	0.552
X34_DNA	-Inf	0.88	105	0	0.805
X4a_DNA	-Inf	0.494	182	0	1.431
X4b_DNA	0.174621396107069	0.908	708	6	5.316
X5a_DNA	-0.0449769087183839	1	429	3	3.095
X5B_LINE	-Inf	1	75	0	0.528
X6a_DNA	-0.593592805864596	0.476	1005	5	7.545
X6A_LINE	0.0717244383880653	0.994	1055	8	7.612
X6b_DNA	-0.558953302350288	0.484	987	5	7.366
X6B_LINE	0.128381614203434	0.914	891	7	6.404
X7A_LINE	0.209853543577688	0.778	937	8	6.917
X7B_LINE	0.515191603234694	0.328	940	10	6.997
X7C_LINE	-0.190614860209497	1	621	4	4.565
X7D_LINE	-Inf	1	58	0	0.427
X8_LINE	-Inf	0.362	231	0	1.688
X9_LINE	-0.266336799420135	0.948	670	4	4.811
X9a_DNA	0.360040221804428	0.61	702	7	5.454
X9b_DNA	-0.611329784991069	0.706	606	3	4.583
Zaphod	-1.41969297621337	0.056	2330	7	18.727
Zaphod2	0.0623327730203395	1	875	7	6.704
Zaphod3	0.071876069586995	0.948	1235	10	9.514
Zaphod4a	0.313835673938641	0.794	394	4	3.218
Zaphod5a	-Inf	1	80	0	0.604
Zaphod5b	-Inf	1	74	0	0.534
