	log.enrich	pval	total	real.overlap	random.mean
(CATTC)n	-Inf	1	64	0	1.178
(GAATG)n	-Inf	0.452	35	0	1.47
5S	0.0916878117282293	0.708	1317	33	30.968
7SK	-1.23511432037636	0.004	762	8	18.832
7SLRNA	0.275412089460969	0.288	1428	42	34.701
ACRO1	0.503282012064823	0.802	86	2	1.411
ALR/Alpha	-6.45040297631036	0	1700	1	87.451
Alu	0.383615632607773	0	8195	247	189.329
AluJb	0.344873591363941	0	121115	3820	3007.78
AluJo	0.476976480200918	0	47320	1621	1164.659
AluJr	0.202021438340101	0	117446	3350	2912.261
AluJr4	0.0028286214447552	0.972	12658	315	314.383
AluSc	0.219850354563419	0	38726	1123	964.269
AluSc5	-0.0100227494389539	1	4259	105	105.732
AluSc8	0.250791507124436	0	21085	625	525.272
AluSg	0.481254545595931	0	44393	1549	1109.633
AluSg4	0.559340441443833	0	12565	454	308.09
AluSg7	0.428700464781591	0	6031	202	150.072
AluSp	0.564420244631671	0	67237	2479	1676.367
AluSq	0.419836221599617	0	12718	422	315.449
AluSq10	0.910278976011163	0	1575	73	38.842
AluSq2	0.253786221192741	0	53394	1590	1333.521
AluSq4	0.804958919670176	0	1683	74	42.356
AluSx	0.453632127111126	0	129556	4412	3221.652
AluSx1	0.399328814566789	0	110941	3655	2771.261
AluSx3	0.374808787556068	0	40018	1286	991.773
AluSx4	0.33411419053248	0	12119	380	301.443
AluSz	0.211500633317137	0	122105	3543	3059.871
AluSz6	-0.060668151895592	0.208	42260	1013	1056.507
AluY	0.204648777225527	0	101596	2919	2532.962
AluYa5	-0.803843216334773	0	3853	55	96.016
AluYa8	0.469621876280009	0.322	405	13	9.388
AluYb8	-0.315155162545861	0.104	2715	55	68.428
AluYb9	-1.24549566281992	0.09	383	4	9.484
AluYc	0.265370319351774	0.006	6889	202	168.061
AluYc3	1.22861377677621	0	581	33	14.082
AluYd8	-0.167357927738514	1	229	5	5.615
AluYe5	0.574211885842991	0.016	1343	49	32.911
AluYe6	1.15608922414997	0.038	199	11	4.936
AluYf1	0.433428359373239	0.028	2082	70	51.835
AluYg6	-0.406876760030393	0.314	857	16	21.213
AluYh3	0.403888870675012	0.252	665	22	16.628
AluYh3a3	0.818579359719858	0.254	161	7	3.969
AluYh7	-0.0681392181955223	1	502	11	11.532
AluYh9	0.877563924339007	0.204	178	7	3.81
AluYi6	-0.345080914991417	0.6	462	9	11.432
AluYi6_4d	-Inf	0.704	44	0	1.068
AluYj4	0.148092222638184	0.41	2913	79	71.293
AluYk11	0.701006602552457	0.25	176	7	4.306
AluYk12	-1.29337048420475	0.632	100	1	2.451
AluYk2	0.331863904826567	0	6900	214	170.025
AluYk3	0.110259068896002	0.35	6210	166	153.786
AluYk4	0.135703605140279	0.646	1117	31	28.217
AluYm1	0.498712517920467	0	4835	168	118.9
AmnSINE1	-0.0891424567936893	0.67	2633	61	64.888
AmnSINE2	0.273691909234515	0.438	671	20	16.544
Arthur1	-0.873324046059569	0.008	2360	33	60.452
Arthur1A	-0.116857598236867	0.77	1183	27	29.278
Arthur1B	-0.715039163266467	0.016	2347	36	59.095
Arthur1C	0.742828420615533	0.026	727	30	17.927
Arthur2	-1.85621741335992	0	1016	7	25.344
BC200	0.278616923614032	0.444	707	21	17.312
BLACKJACK	-3.21417662536474	0	2162	6	55.682
BSR/Beta	-3.55200811110627	0.006	1956	3	35.187
CER	-Inf	0.118	86	0	2.812
Chap1_Mam	-0.831298194408508	0.168	498	7	12.455
Chap1a_Mam	-1.83628773304911	0	1431	10	35.709
Charlie1	0.00123712602197481	1	1939	49	48.958
Charlie10	-0.965544200231705	0.038	1157	15	29.292
Charlie10a	-1.96236393150695	0.036	307	2	7.794
Charlie10b	-1.75659635050171	0.074	276	2	6.758
Charlie11	-0.648925559453121	0.908	113	2	3.136
Charlie12	1.64837167089722	0.254	23	2	0.638
Charlie13a	-1.05241589415114	0.168	561	7	14.518
Charlie13b	-0.791049987008585	0.272	408	6	10.382
Charlie14a	-1.68189898322411	0.026	521	4	12.834
Charlie15a	-0.935585467385421	0	3250	42	80.332
Charlie15b	-0.169030029303879	0.596	1942	43	48.345
Charlie16	-0.609439791217418	0.098	1476	24	36.616
Charlie16a	-0.0632999031050785	0.884	1474	34	35.525
Charlie17	-1.80508604669545	0.03	550	4	13.978
Charlie17a	-0.773668189509992	0.02	1251	18	30.773
Charlie17b	-3.79462380740565	0.002	543	1	13.877
Charlie18a	-0.33447487769948	0.146	2509	49	61.785
Charlie19a	0.00176838478204372	1	1620	40	39.951
Charlie1a	-0.360577977305278	0.05	5856	117	150.221
Charlie1b	0.285630535744002	0.138	3087	94	77.116
Charlie20a	-2.14443799836839	0.004	891	5	22.106
Charlie21a	-0.561241526698497	0.364	772	13	19.182
Charlie22a	-0.421566356438099	0.268	1121	21	28.127
Charlie23a	-0.137001965037312	0.718	1506	34	37.387
Charlie24	-0.302937642061228	0.468	1289	26	32.075
Charlie25	-3.82883464946806	0	1094	2	28.42
Charlie26a	-0.363899951686622	0.594	517	10	12.869
Charlie29a	-0.682685652399299	0.112	986	16	25.682
Charlie29b	-1.5842409728037	0	1465	12	35.982
Charlie2a	-1.48672792003542	0	2095	19	53.248
Charlie2b	-0.401357409890277	0.104	3743	72	95.094
Charlie3	-0.440724446029655	0.654	342	7	9.501
Charlie30a	-0.700693356510397	0.258	467	7	11.377
Charlie30b	-0.768078435016455	0.166	620	9	15.327
Charlie31a	-1.74760223027494	0.006	812	6	20.148
Charlie32a	-1.12653240592893	0.228	266	3	6.55
Charlie4	1.07457017875626	0	919	48	22.791
Charlie4a	0.389733031829047	0.048	2908	96	73.274
Charlie4z	0.732320486462369	0	6037	246	148.076
Charlie5	0.3277730378698	0.172	2609	81	64.538
Charlie6	-1.80053756329187	0.292	264	2	6.967
Charlie7	-0.904965718684026	0.002	3983	54	101.115
Charlie7a	-0.408892978980943	0.186	1465	27	35.847
Charlie7b_Mars	-Inf	1	58	0	1.426
Charlie8	-0.164695277289191	0.338	4420	99	110.972
Charlie9	0.265301216960712	0.398	1322	40	33.281
Cheshire	-2.1333991254172	0	1037	6	26.325
Chompy-6_Croc	2.59074485331516	0.072	14	2	0.332
Chompy-7_Croc	-Inf	1	17	0	0.431
CR1_Mam	-0.391267808297476	0.194	1729	33	43.281
CR1-1_Amn	-0.748461233004036	0.998	66	1	1.68
CR1-11_Crp	-Inf	1	24	0	0.603
CR1-12_AMi	-1.75232042845967	0.322	132	1	3.369
CR1-13_AMi	-0.31672502157875	1	102	2	2.491
CR1-16_AMi	-Inf	0	309	0	7.812
CR1-3_Croc	-0.834519618596773	0.016	1348	19	33.882
CR1-8_Crp	-Inf	1	5	0	0.122
CR1-L3A_Croc	-0.173767067736706	0.93	320	7	7.896
CR1-L3B_Croc	0.0755200076409777	1	38	1	0.949
CRP1	-Inf	1	6	0	0.163
D20S16	-Inf	0.526	388	0	9.279
DNA1_Mam	-Inf	0.052	172	0	4.375
ERV24_Prim-int	-2.43028527297778	0.062	435	2	10.78
ERV24B_Prim-int	-1.06239806379848	0.354	379	5	10.442
ERV3-16A3_I-int	-2.69018559440907	0	6685	28	180.711
ERV3-16A3_LTR	-1.82410591459491	0	1117	8	28.327
ERVL-B4-int	-2.61038509760106	0	4138	18	109.92
ERVL-E-int	-2.05908198643345	0	9119	57	237.531
ERVL-int	-3.45160676821315	0	831	2	21.881
ERVL47-int	-Inf	0.088	211	0	5.948
Eulor1	-Inf	0.274	85	0	2.006
Eulor10	-Inf	0.732	39	0	1.007
Eulor11	-0.31034012061215	1	103	2	2.48
Eulor12	-0.462575888042204	1	57	1	1.378
Eulor2A	-Inf	0.37	68	0	1.716
Eulor2B	0.434402824145775	0.858	58	2	1.48
Eulor2C	-Inf	0.79	40	0	0.971
Eulor3	-Inf	0.848	38	0	0.988
Eulor4	-Inf	0.982	32	0	0.782
Eulor5A	-0.679874147746623	0.78	126	2	3.204
Eulor5B	-Inf	0.758	43	0	1.065
Eulor6A	-Inf	0.908	30	0	0.777
Eulor6B	-Inf	0.47	63	0	1.54
Eulor6C	-Inf	1	21	0	0.549
Eulor6D	-0.916858764699754	0.87	77	1	1.888
Eulor6E	-Inf	0.928	31	0	0.776
Eulor7	-Inf	1	12	0	0.316
Eulor8	-0.84799690655495	0.646	145	2	3.6
Eulor9A	-Inf	0.13	125	0	3.045
Eulor9B	-Inf	0.956	30	0	0.766
Eulor9C	0.567575023195235	0.574	106	4	2.699
EuthAT-2	-0.826336123700357	0.13	1166	17	30.144
EuthAT-N1	-0.0551956542421247	1	82	2	2.078
EuthAT-N1a	-Inf	0.564	51	0	1.295
Eutr10	-0.954224949210131	0.062	996	13	25.188
Eutr11	-0.375085782250236	0.596	620	12	15.563
Eutr15	-2.04238168697705	0.002	659	4	16.477
Eutr16	-0.112366523072563	0.964	524	12	12.972
Eutr18	-0.756083908497432	0.114	682	10	16.889
Eutr2	-Inf	0.012	232	0	5.778
Eutr2B	-1.4440043985831	0.104	441	4	10.883
Eutr5	-Inf	0	411	0	10.199
EUTREP14	-Inf	0	393	0	9.832
EUTREP15	-2.35247605905033	0.136	197	1	5.107
EUTREP16	-0.600813448650502	0.372	424	7	10.616
EUTREP2	-1.55125232706021	0.002	834	7	20.515
EUTREP4	-2.90091509821994	0.01	301	1	7.469
EUTREP6	-Inf	1	13	0	0.311
EUTREP7	-0.807767061766417	0.496	279	4	7.002
EUTREP8	-2.73009646559547	0.028	269	1	6.635
EutTc1-N1	-Inf	0.74	61	0	1.44
EutTc1-N2	0.130997235324748	0.932	197	5	4.566
FAM	-0.0940821813040626	0.578	4362	101	107.806
FLAM_A	0.173476995257834	0.024	15391	421	373.302
FLAM_C	0.673617938985852	0	25202	978	613.14
FordPrefect	-3.99022879342601	0	614	1	15.892
FordPrefect_a	-1.21163525332715	0.26	281	3	6.948
FRAM	0.484402182861267	0	20741	706	504.644
GSAT	-Inf	0.346	39	0	2.141
GSATII	3.08690806522317	0	175	39	4.59
GSATX	-0.713695814843359	1	53	1	1.64
HAL1	-1.38716834152316	0	21741	213	557.133
HAL1b	-1.85063168364169	0	4461	31	111.804
HAL1M8	-1.55134374524846	0	2273	20	58.618
HAL1ME	-1.70359717848146	0	7554	58	188.913
Harlequin-int	1.48915957594699	0	590	50	17.811
hAT-1_Mam	-0.48984736591178	0.228	1483	27	37.916
hAT-16_Crp	-Inf	1	23	0	0.58
hAT-4b_Ther	-Inf	0.022	235	0	6.072
hAT-5_Mam	-0.26094478199757	0.61	920	19	22.767
hAT-N1_Mam	-2.57724753559315	0.048	240	1	5.968
hAT-N1a_Mam	-1.23351997877392	0.048	473	5	11.757
Helitron1Na_Mam	-1.03192446379876	0.282	332	4	8.179
Helitron1Nb_Mam	-1.12532047371441	0.242	361	4	8.726
Helitron2Na_Mam	-2.42814239097833	0.008	435	2	10.764
Helitron3Na_Mam	-1.37846117848927	0	1129	11	28.599
HERV-Fc1_LTR1	-Inf	1	17	0	0.295
HERV-Fc1_LTR2	3.66200353648498	0.158	3	1	0.079
HERV-Fc1_LTR3	-Inf	1	5	0	0.126
HERV-Fc1-int	2.64385618977472	0.306	6	1	0.16
HERV-Fc2_LTR	-Inf	1	4	0	0.096
HERV-Fc2-int	-Inf	1	5	0	0.211
HERV1_I-int	0.849440323424619	0.522	49	3	1.665
HERV1_LTRa	2.09336590631071	0.074	27	3	0.703
HERV1_LTRb	2.96578428466209	0.078	10	2	0.256
HERV1_LTRc	-Inf	0.83	34	0	0.952
HERV1_LTRd	1.25497785096274	0.672	16	1	0.419
HERV1_LTRe	-Inf	1	34	0	0.729
HERV15-int	1.68096018443746	0.098	122	8	2.495
HERV16-int	-2.19400106566319	0	1930	11	50.333
HERV17-int	-1.24726468788383	0.05	916	11	26.113
HERV3-int	0.31114825613412	0.664	322	10	8.06
HERV30-int	0.483984852996335	0.71	72	3	2.145
HERV35I-int	-3.07989006820028	0.002	627	2	16.911
HERV4_I-int	-3.22958792274065	0.044	349	1	9.38
HERV9-int	-2.04730571477836	0.016	367	3	12.4
HERV9N-int	-2.84116804354865	0.032	229	1	7.166
HERV9NC-int	-0.622305672390872	0.422	257	6	9.236
HERVE_a-int	1.19123251741092	0.044	190	14	6.131
HERVE-int	1.94056081305498	0	284	33	8.597
HERVFH19-int	-0.690193577824855	0.92	114	2	3.227
HERVFH21-int	-1.99204327617166	0.52	132	1	3.978
HERVH-int	0.296376129252691	0.144	5931	210	171.002
HERVH48-int	-0.462226862991297	0.91	124	3	4.133
HERVI-int	-1.50487458939846	0.654	88	1	2.838
HERVIP10B3-int	0.91302217977991	0.188	248	14	7.435
HERVIP10F-int	1.26216904839054	0.03	327	24	10.006
HERVIP10FH-int	0.121138867646929	0.846	439	13	11.953
HERVK-int	-1.27301849440642	0.314	258	3	7.25
HERVK11-int	-1.38423404727059	0.334	286	3	7.831
HERVK11D-int	-Inf	0.598	43	0	1.535
HERVK13-int	-Inf	0.756	68	0	2.087
HERVK14-int	-3.54064727659048	0.034	440	1	11.637
HERVK14C-int	-0.231432408447965	1	81	2	2.348
HERVK22-int	-2.63063844605544	0.026	449	2	12.386
HERVK3-int	1.33400092718794	0.038	368	24	9.52
HERVK9-int	-Inf	0	722	0	20.858
HERVKC4-int	2.33319292098318	0.01	65	9	1.786
HERVL-int	-4.21424139776223	0	2403	4	74.246
HERVL18-int	-0.810751558760127	0.514	507	8	14.033
HERVL32-int	-Inf	0.324	137	0	3.509
HERVL40-int	-1.54670928928295	0.022	1398	12	35.058
HERVL66-int	0.0252259762881736	0.988	141	3	2.948
HERVL74-int	-1.7084079834836	0.268	393	3	9.804
HERVP71A-int	-1.31923254751672	0.428	254	3	7.486
HERVS71-int	0.0606480304990046	0.974	188	6	5.753
HSAT4	-Inf	0.312	100	0	3.525
HSAT5	-Inf	0.372	279	0	4.957
HSAT6	-Inf	1	19	0	0.296
HSATI	-Inf	1	60	0	0.681
HSMAR1	-1.50900807722598	0.01	725	7	19.923
HSMAR2	-2.58372967211152	0	1829	8	47.959
HUERS-P1-int	-1.93687346182423	0.038	530	4	15.315
HUERS-P2-int	-1.90823648299689	0.168	267	2	7.507
HUERS-P3-int	-4.42404868442908	0	790	1	21.467
HUERS-P3b-int	-2.24417669683392	0.042	538	3	14.213
HY1	0.821126041830205	0.028	461	20	11.32
HY3	0.285095115301884	0.494	576	16	13.131
HY4	1.69180941299765	0	164	13	4.024
HY5	0.997117491466879	0.798	23	1	0.501
Kanga1	-1.35705929291685	0.014	818	8	20.493
Kanga11a	-1.90541508640013	0.002	895	6	22.477
Kanga1a	-0.832822518081037	0.108	852	12	21.374
Kanga1b	-2.29572302453997	0.018	382	2	9.82
Kanga1c	-1.78819846648731	0	834	6	20.723
Kanga1d	-0.916009471073715	0.094	686	9	16.982
Kanga2_a	-1.4987250003682	0	1568	14	39.563
L1HS	-0.2587580284934	0.384	1642	29	34.697
L1M	-0.258141995893771	0.602	778	16	19.135
L1M1	-2.7135423720154	0	10162	43	282.05
L1M2	-2.14705206565273	0	9331	55	243.607
L1M2a	-3.68279799870165	0.006	459	1	12.842
L1M2a1	-Inf	0.16	128	0	3.698
L1M2b	-Inf	0.022	213	0	5.69
L1M2c	-2.025973739697	0.052	452	3	12.218
L1M3	-1.361526642531	0	7486	72	185.009
L1M3a	-1.4494293141032	0.098	673	6	16.386
L1M3b	-Inf	0	589	0	15.014
L1M3c	-1.11200716481837	0.054	1090	13	28.099
L1M3d	-Inf	0	532	0	13.609
L1M3de	-Inf	0.006	498	0	12.316
L1M3e	-3.42364539658424	0	811	2	21.461
L1M3f	-1.95427077014488	0.008	694	5	19.376
L1M4	-1.45041672389631	0	20797	192	524.711
L1M4a1	-2.96215824652337	0	2713	9	70.136
L1M4a2	-3.78704060174316	0	2113	4	55.217
L1M4b	-2.30275771563804	0	4399	23	113.482
L1M4c	-2.68774752245945	0	3723	15	96.646
L1M5	-1.31690803550789	0	46104	462	1150.988
L1M6	-3.12037267812787	0	5437	16	139.138
L1M6B	-3.21311394291186	0	740	2	18.547
L1M7	-4.29440019266409	0	3102	4	78.488
L1M8	-3.89711131957079	0	1753	3	44.696
L1MA1	-2.15800226165832	0	4356	28	124.963
L1MA10	-1.56486047681008	0	5240	45	133.132
L1MA2	-2.28659220358517	0	7599	44	214.677
L1MA3	-2.26970236688585	0	9329	55	265.223
L1MA4	-2.2391171271657	0	10977	62	292.707
L1MA4A	-2.37719725829882	0	6355	34	176.639
L1MA5	-1.84711263129534	0	4601	34	122.325
L1MA5A	-2.09280710351932	0	3535	22	93.847
L1MA6	-2.36266819036651	0	5653	29	149.153
L1MA7	-2.35316643386012	0	8860	45	229.925
L1MA8	-3.100996864314	0	11543	35	300.304
L1MA9	-2.2209522619199	0	17080	95	442.891
L1MB1	-3.47293827254207	0	6361	15	166.552
L1MB2	-1.30773234902023	0	9323	94	232.699
L1MB3	-0.904483707859928	0	18216	247	462.353
L1MB4	-1.34783098515896	0	9583	96	244.348
L1MB5	-1.11228735012854	0	10120	118	255.102
L1MB7	-0.820268257185464	0	23879	350	618.007
L1MB8	-1.03917776017636	0	17029	214	439.782
L1MC	-1.59394042228478	0	8093	66	199.236
L1MC1	-2.01028500527392	0	13334	89	358.547
L1MC2	-2.079395179282	0	6531	40	169.052
L1MC3	-1.63367185360777	0	13567	114	353.744
L1MC4	-1.04157008687922	0	24233	300	617.54
L1MC4a	-1.29894045336481	0	10189	106	260.811
L1MC5	-0.791451374594647	0	14811	216	373.856
L1MC5a	-0.75240482099274	0	18323	274	461.58
L1MCa	-2.65473857136538	0	7351	31	195.217
L1MCb	-3.00991017520918	0	2184	7	56.386
L1MCc	-3.83390207666916	0	3320	6	85.56
L1MD	-1.89603863660226	0	8747	59	219.592
L1MD1	-2.03074930196607	0	7120	47	192.05
L1MD2	-1.35542683254533	0	11235	114	291.695
L1MD3	-1.11777814482933	0	5553	64	138.888
L1MDa	-1.78247719043771	0	7208	55	189.209
L1MDb	-2.34067619898311	0.002	1016	5	25.327
L1ME1	-1.79872946066698	0	32075	241	838.472
L1ME2	-1.34688705170434	0	13123	134	340.846
L1ME2z	-0.675050392940469	0	7469	118	188.405
L1ME3	-0.796514097383276	0	9350	139	241.429
L1ME3A	-1.12010997777277	0	16176	192	417.338
L1ME3B	-1.32742668507853	0	8464	86	215.821
L1ME3C	-1.09171675714654	0	3352	40	85.251
L1ME3Cz	-1.23635514034104	0	14582	157	369.896
L1ME3D	-1.15757411036207	0	4406	50	111.541
L1ME3E	-1.52111203818381	0	4645	41	117.675
L1ME3F	-1.34521516189061	0	4641	47	119.412
L1ME3G	-0.7747396656674	0	19078	278	475.625
L1ME4a	-1.00520292438525	0	29875	372	746.688
L1ME4b	-0.48382319506712	0	25168	452	632.097
L1ME4c	-0.690417095532466	0	9612	148	238.835
L1ME5	-1.17130538225924	0	3487	39	87.834
L1MEa	-Inf	0.006	368	0	9.675
L1MEb	-2.16819272782108	0	1753	10	44.946
L1MEc	-2.91178896031092	0	18334	63	474.107
L1MEd	-2.07893820801651	0	17206	104	439.396
L1MEf	-2.75696159155581	0	11747	45	304.187
L1MEg	-2.81893643304456	0	13699	50	352.821
L1MEg1	-4.73400503372005	0	1034	1	26.612
L1MEg2	-3.28110473161226	0	761	2	19.442
L1MEh	-2.11577312451581	0	3089	18	78.016
L1MEi	-1.92499719896685	0	5382	36	136.705
L1MEj	-1.85192831094473	0	2432	17	61.367
L1P	-Inf	0.038	170	0	3.911
L1P1	-3.46824117395689	0	3334	8	88.539
L1P2	-3.02523555414846	0	1647	6	48.847
L1P3	-3.57140377624388	0	3541	8	95.102
L1P3b	-Inf	0.266	88	0	2.397
L1P4	-2.91021605626084	0	3933	13	97.725
L1P4a	-3.06583077417367	0	592	2	16.747
L1P4b	0.634494086571033	0.466	158	6	3.865
L1P4c	-Inf	0.502	107	0	2.807
L1P4d	-Inf	0.072	162	0	4.612
L1P4e	-Inf	0.04	199	0	5.222
L1P5	-2.70700934542845	0	809	3	19.589
L1PA10	-2.26708280523773	0	7337	43	206.98
L1PA11	-2.32858517678881	0	4243	24	120.555
L1PA12	-2.59735239052724	0	1835	8	48.414
L1PA13	-3.095108630793	0	9214	30	256.355
L1PA14	-4.42906355060829	0	3079	4	86.167
L1PA15	-2.5833077309298	0	8639	41	245.718
L1PA15-16	-4.42485492207362	0	1519	2	42.958
L1PA16	-2.54440901496987	0	14511	68	396.691
L1PA17	-1.69537029164271	0	4850	40	129.544
L1PA2	0.359226344503118	0.002	5114	206	160.594
L1PA3	-1.62359818612188	0	11102	115	354.364
L1PA4	-3.43950916109656	0	12283	35	379.72
L1PA5	-2.58131856180829	0	11650	59	353.107
L1PA6	-2.61399590371173	0	6196	33	202.025
L1PA7	-3.26845876627755	0	13418	43	414.355
L1PA8	-2.61824500603064	0	8382	37	227.181
L1PA8A	-3.89040777927471	0	2467	5	74.148
L1PB	-2.42301036316767	0	1911	9	48.266
L1PB1	-2.82923318089647	0	13410	54	383.776
L1PB2	-2.77139262630857	0	2963	12	81.932
L1PB3	-2.30380161884047	0	3726	21	103.689
L1PB4	-2.17356099433087	0	7713	45	203.011
L1PBa	-2.55481207541952	0	2222	11	64.635
L1PBa1	-0.702214251010441	0.264	468	9	14.643
L1PBb	-1.66902676550963	0.102	336	3	9.54
L1PREC2	-2.32851097879396	0	8315	45	226.029
L2	-0.157457572670341	0	55157	1241	1384.112
L2-1_AMi	-0.237991935730713	0.526	949	20	23.587
L2-1_Crp	-0.0229004021100788	1	42	1	1.016
L2-2_Mam	-0.782198855639863	0.124	557	8	13.758
L2-3_AMi	-Inf	1	11	0	0.263
L2-3_Crp	-0.496553065150621	0.064	1749	31	43.736
L2a	-0.000280206085227308	0.982	170012	4273	4273.83
L2b	0.284315179969301	0	93700	2841	2332.834
L2c	-0.0220219331428369	0.478	129292	3174	3222.821
L2d	-0.30754183543011	0	28368	571	706.668
L2d2	-0.0785142634969084	0.114	53617	1258	1328.36
L3	-0.481854724008194	0	46112	818	1142.368
L3b	-0.386360024541118	0	9843	186	243.119
L4_A_Mam	-1.36078138927685	0	6659	66	169.504
L4_B_Mam	-0.794987632149947	0.002	3332	48	83.283
L4_C_Mam	-1.38825140217448	0	5094	49	128.263
L5	-1.15315678806142	0.03	745	8	17.792
LFSINE_Vert	-0.420228561262464	0.05	2331	43	57.54
Looper	-1.82232226130316	0.07	559	4	14.146
LOR1-int	-2.20836118309842	0.002	1421	8	36.972
LOR1a	-2.42968290905411	0	852	4	21.551
LOR1b	-1.67937375058546	0	1133	9	28.826
LSAU	1.04171409907674	0.39	143	4	1.943
LSU-rRNA_Hsa	0.315837260490337	0.528	454	13	10.444
LTR06	-1.28569812595813	0.676	104	1	2.438
LTR1	-2.70154905694307	0.038	252	1	6.505
LTR101_Mam	-2.09650282836186	0	1176	7	29.937
LTR102_Mam	-1.20424507462619	0.102	528	6	13.825
LTR103_Mam	-1.64762151493019	0.004	762	6	18.799
LTR103b_Mam	-1.37062929103284	0.006	621	6	15.515
LTR104_Mam	-1.47908681350628	0	1986	18	50.179
LTR105_Mam	-2.52306006179525	0	682	3	17.244
LTR106_Mam	-1.0446564037044	0.088	664	8	16.503
LTR107_Mam	-2.41792000781197	0.01	427	2	10.688
LTR108a_Mam	-0.962734090595803	0.912	86	1	1.949
LTR108b_Mam	-Inf	0.746	54	0	1.329
LTR108c_Mam	-Inf	0.806	44	0	1.163
LTR108d_Mam	-0.763836458890952	1	67	1	1.698
LTR108e_Mam	-2.16735792773851	0.176	182	1	4.492
LTR109A2	-Inf	1	27	0	0.657
LTR10A	1.98209968131565	0	327	33	8.353
LTR10B	1.9296106721086	0.006	82	8	2.1
LTR10B1	1.19462498910523	0.048	171	10	4.369
LTR10B2	1.71206809102854	0.006	107	9	2.747
LTR10C	1.28982725172034	0	539	34	13.906
LTR10D	1.1516825301639	0.036	182	10	4.501
LTR10E	0.608632195511814	0.3	293	11	7.214
LTR10F	0.0451833090226625	0.928	450	12	11.63
LTR10G	0.321928094887362	0.772	131	4	3.2
LTR12	-1.83545252823256	0	791	6	21.413
LTR12_	-1.094622152685	0.054	557	7	14.949
LTR12B	-0.0203421795171858	1	178	5	5.071
LTR12C	0.42227334563946	0.002	2781	113	84.326
LTR12D	-1.40773343098793	0.018	502	5	13.266
LTR12E	1.69152262340504	0.002	115	10	3.096
LTR12F	-0.315343279099835	0.554	653	13	16.176
LTR13	0.621699776122557	0.106	524	21	13.648
LTR13_	-0.352758525040637	1	48	1	1.277
LTR13A	1.71443338081384	0	210	18	5.485
LTR14	2.1731418605032	0	96	11	2.439
LTR14A	-Inf	0.082	144	0	3.282
LTR14B	-1.26273381305411	0.088	368	4	9.598
LTR14C	1.34739878240348	0.038	137	8	3.144
LTR15	-0.422233000683048	0.718	311	5	6.7
LTR16	-2.60454581636871	0	3080	13	79.066
LTR16A	-1.55727429323417	0	4295	37	108.89
LTR16A1	-1.94312950708197	0	2734	18	69.217
LTR16A2	-1.75296262523898	0	1849	14	47.187
LTR16B	-2.57426300982927	0	702	3	17.867
LTR16B1	-1.48514575530374	0	1203	11	30.794
LTR16B2	-2.08909131856469	0	1681	10	42.548
LTR16C	-2.28709229964231	0	6765	35	170.825
LTR16D	-2.83187724119167	0	1137	4	28.48
LTR16D1	-2.43456151187261	0.12	214	1	5.406
LTR16D2	-Inf	0.004	314	0	7.744
LTR16E1	-2.98479439351937	0	2540	8	63.329
LTR16E2	-2.08954657561181	0	2368	14	59.586
LTR17	-1.21182211882069	0.004	855	10	23.163
LTR18A	-Inf	0.016	198	0	5.015
LTR18B	-0.685416931836029	0.392	371	6	9.649
LTR18C	-0.980390956061472	0.872	77	1	1.973
LTR19-int	-0.443341425803227	0.904	229	4	5.439
LTR19A	0.413755673303014	0.344	457	15	11.26
LTR19B	0.197806783058175	0.836	287	8	6.975
LTR19C	-0.205392512989685	1	140	3	3.459
LTR1A1	-3.3311319222172	0.002	367	1	10.064
LTR1A2	0.12230285922963	0.702	851	25	22.968
LTR1B	-2.25005202530037	0.034	349	2	9.514
LTR1B0	-Inf	0.176	92	0	2.51
LTR1B1	-Inf	0.032	174	0	4.77
LTR1C	-0.811471030529836	1	64	1	1.755
LTR1C1	-Inf	0.42	72	0	1.851
LTR1C3	-Inf	0.66	65	0	1.524
LTR1D	-2.07210580048042	0.026	306	2	8.41
LTR1D1	-3.05536921154049	0.008	310	1	8.313
LTR1E	-3.03703073094497	0.008	300	1	8.208
LTR1F	-Inf	0.082	136	0	3.638
LTR1F1	-2.58207422139633	0.042	234	1	5.988
LTR1F2	-1.90149445504757	0.218	137	1	3.736
LTR2	0.683948216809278	0.016	897	37	23.031
LTR21A	0.28220478508312	0.866	94	3	2.467
LTR21B	0.147202107181229	1	36	1	0.903
LTR21C	-Inf	1	22	0	0.62
LTR22	-Inf	0.272	109	0	2.212
LTR22A	-0.539696489698362	0.764	170	3	4.361
LTR22B	-0.16178021505658	1	154	3	3.356
LTR22B1	-Inf	0.048	156	0	4.137
LTR22B2	-Inf	0.83	39	0	0.997
LTR22C	1.0439433475876	0.782	17	1	0.485
LTR22C0	-Inf	0.122	113	0	2.868
LTR22C2	-Inf	0.356	82	0	1.871
LTR22E	-Inf	0.144	118	0	2.941
LTR23	1.09975494477877	0.002	878	47	21.93
LTR23-int	-0.67626740826589	0.846	203	3	4.794
LTR24	0.375197234747053	0.56	314	10	7.71
LTR24B	0.918908322199078	0.048	462	22	11.636
LTR24C	-0.281846591576611	0.862	377	8	9.726
LTR25	0.170015172700249	0.816	315	6	5.333
LTR25-int	-2.28885069763793	0.036	622	3	14.66
LTR26	-0.980939266085512	0.118	610	8	15.79
LTR26B	-0.20872533581959	1	137	3	3.467
LTR26C	1.14259398642522	0.034	316	18	8.153
LTR26D	-0.96667655601323	0.538	229	3	5.863
LTR26E	1.51503124396899	0.044	124	9	3.149
LTR27	-1.09203825662039	0.188	322	4	8.527
LTR2752	-0.132686507452159	1	233	6	6.578
LTR27B	-1.02715405150373	0.488	151	2	4.076
LTR27C	-Inf	0.078	119	0	3.114
LTR27D	-Inf	0.006	272	0	6.737
LTR27E	-2.53977919169849	0.068	222	1	5.815
LTR28	-Inf	0.042	140	0	3.987
LTR28B	-Inf	0.004	264	0	7.304
LTR28C	-0.0325710827542671	1	228	6	6.137
LTR29	-0.115503329311067	0.894	730	17	18.417
LTR2B	1.62895896766077	0	354	28	9.053
LTR2C	1.40173510373538	0.002	313	19	7.191
LTR3	0.691406131415724	0.474	97	4	2.477
LTR30	0.893173127055334	0.2	149	7	3.769
LTR31	-1.71215553172805	0.114	251	2	6.553
LTR32	-1.26617531963061	0.004	1235	13	31.268
LTR33	-1.63803724331038	0	9406	76	236.544
LTR33A	-2.64629068618055	0	2229	9	56.345
LTR33A_	-1.66993383566896	0	1779	14	44.548
LTR33B	-2.16675114596099	0	1635	9	40.411
LTR33C	-2.60169651648096	0	944	4	24.28
LTR34	0.779050995533221	0.206	271	12	6.993
LTR35	0.430508908041284	0.7	117	4	2.968
LTR35A	-1.30158764660319	0.674	95	1	2.465
LTR35B	-0.34964835324329	0.91	206	4	5.097
LTR36	-0.369271040025094	0.634	505	10	12.917
LTR37-int	-2.82207747395329	0	1395	5	35.359
LTR37A	-0.465190887925982	0.114	2029	36	49.698
LTR37B	-1.03091515916718	0	2097	25	51.083
LTR38	-1.15358918579908	0.292	258	3	6.674
LTR38-int	-Inf	0.26	116	0	3.05
LTR38A1	0.0225368887605332	1	164	4	3.938
LTR38B	0.364709945720419	0.594	236	8	6.213
LTR38C	-0.67626740826589	0.882	132	2	3.196
LTR39	-0.292872339478787	0.522	1297	26	31.852
LTR39-int	-0.663875900919093	0.774	197	3	4.753
LTR3A	1.53276065627974	0.01	179	13	4.493
LTR3B	-Inf	0.268	90	0	1.964
LTR3B_	-0.796390097331015	0.504	276	4	6.947
LTR4	0.431157164642121	0.778	107	3	2.225
LTR40a	-2.87962175597291	0	2032	7	51.517
LTR40A1	-2.3007094716501	0.002	580	3	14.781
LTR40b	-0.85049941375812	0.034	1142	16	28.85
LTR40c	-0.939226577728209	0.078	610	8	15.34
LTR41	-1.27535476266282	0.01	1199	12	29.047
LTR41B	-0.856255362540957	0.138	868	12	21.724
LTR41C	-0.944108799107955	0.074	766	10	19.24
LTR42	0.451727794364013	0.4	338	12	8.774
LTR43	-0.0372863692978799	1	470	11	11.288
LTR43-int	-1.02502879449152	0.908	182	2	4.07
LTR43B	-1.05935527761642	0.35	250	3	6.252
LTR44	-2.49646234958226	0.112	233	1	5.643
LTR45	-0.5881649327595	0.808	177	3	4.51
LTR45B	-1.82374936030827	0.03	448	3	10.62
LTR45C	-1.41765001716069	0.098	473	4	10.686
LTR46	1.73565464901386	0	260	22	6.606
LTR46-int	0.19870335958781	0.872	82	3	2.614
LTR47A	-1.15688196396671	0.034	696	8	17.838
LTR47A2	-Inf	0.012	287	0	7.407
LTR47B	-0.0935601761623379	1	43	1	1.067
LTR47B2	-1.13389227019756	0.408	175	2	4.389
LTR47B3	0.0985055449524253	0.936	122	3	2.802
LTR47B4	-0.3928669162308	1	105	2	2.626
LTR48	-0.400422877544839	0.374	1009	19	25.078
LTR48B	-0.799032029342991	0.058	1026	15	26.099
LTR49	-0.665013703003007	0.038	1584	24	38.054
LTR49-int	-2.70282989809405	0	2333	9	58.597
LTR5	-Inf	1	25	0	0.621
LTR5_Hs	0.938589150408082	0	701	35	18.261
LTR50	-1.41214199200484	0	2597	25	66.533
LTR51	-0.850399396770254	0.272	416	6	10.818
LTR52	-1.97793405864642	0	1109	7	27.575
LTR52-int	-Inf	0.128	176	0	4.465
LTR53	-2.09468648978102	0.008	516	3	12.814
LTR53-int	-2.25035527176305	0.118	354	2	9.516
LTR53B	0.521656796099479	0.446	198	7	4.876
LTR54	0.237813792986566	0.48	1137	34	28.833
LTR54B	-0.662661255475094	0.122	884	14	22.162
LTR55	-1.05046687035066	0.17	425	5	10.356
LTR56	0.183488060204906	0.62	1050	28	24.656
LTR57	-1.14990966753492	0.274	282	3	6.657
LTR57-int	-1.72435922976287	0.114	387	3	9.913
LTR58	-Inf	0.5	76	0	1.969
LTR59	-1.52356195605701	0.554	116	1	2.875
LTR5A	-1.27857955045842	0.138	306	3	7.278
LTR5B	1.72558923068216	0	469	40	12.095
LTR60	0.117161344232749	1	38	1	0.922
LTR60B	1.29241631277082	0.032	254	15	6.124
LTR61	1.07568893159655	0.13	200	9	4.27
LTR62	1.16233289841815	0.022	326	19	8.489
LTR64	1.01403945326931	0.042	384	19	9.408
LTR65	1.23664913352053	0.004	477	28	11.882
LTR66	0.444636881538374	0.418	435	13	9.552
LTR67B	-2.46246810990558	0	3787	17	93.697
LTR68	-3.1407786557828	0.01	356	1	8.82
LTR69	-0.91418179500227	0.598	147	2	3.769
LTR6A	0.562578545740591	0.294	329	11	7.448
LTR6B	1.30365000986301	0.028	163	10	4.051
LTR7	0.42125676391229	0.016	2427	84	62.729
LTR70	1.75042463367493	0.006	162	14	4.161
LTR71A	-0.532732541948598	0.748	170	3	4.34
LTR71B	0.882969946989813	0.182	251	12	6.507
LTR72	-Inf	0.086	161	0	4.102
LTR72B	-2.07860983469637	0.25	163	1	4.224
LTR73	-0.187261004841697	1	229	5	5.693
LTR75	0.6106167489018	0.268	311	12	7.859
LTR75_1	0.572179316022867	0.578	130	5	3.363
LTR75B	0.949254536418601	0.104	204	10	5.179
LTR76	1.73664503088505	0	207	15	4.501
LTR77	-1.37740143078579	0.566	105	1	2.598
LTR78	-1.90614428153396	0	4897	33	123.686
LTR78B	-3.78197163617365	0	3301	6	82.535
LTR79	-1.72986498174426	0	4095	31	102.826
LTR7B	0.830436745227536	0.018	888	39	21.932
LTR7C	1.49292424410077	0.036	332	24	8.527
LTR7Y	1.12455692335596	0.022	258	14	6.421
LTR8	0.568497876565913	0	3504	135	91.033
LTR80A	-2.34269695998193	0.014	401	2	10.145
LTR80B	-1.65260121759652	0.024	513	4	12.576
LTR81	-2.05710363714117	0.064	336	2	8.323
LTR81A	-1.62460226562913	0	853	7	21.585
LTR81AB	-Inf	0.012	275	0	6.878
LTR81B	-1.88034268529936	0	1161	8	29.453
LTR81C	-1.91280313112925	0	739	5	18.827
LTR82A	-1.31034012061215	0.012	1049	11	27.28
LTR82B	-2.58491441008495	0	1162	5	29.999
LTR83	-0.893517539687459	0.14	736	10	18.577
LTR84a	-1.56348357480773	0.02	702	6	17.734
LTR84b	-0.692025401569402	0.078	1302	20	32.311
LTR85a	-1.46697252406715	0	1893	17	46.995
LTR85b	-3.34373943821489	0	1200	3	30.457
LTR85c	-2.07582598111568	0	1186	7	29.511
LTR86A1	-1.21991710753352	0.056	554	6	13.976
LTR86A2	-1.93149396274918	0.084	308	2	7.629
LTR86B1	-Inf	0.006	302	0	7.642
LTR86B2	-Inf	0.012	285	0	7.244
LTR86C	-2.94542042531509	0.024	301	1	7.703
LTR87	-Inf	0	718	0	17.993
LTR88a	-2.18783107730836	0	912	5	22.781
LTR88b	-1.11773003363617	0	1640	19	41.231
LTR88c	-2.38183708390605	0	1044	5	26.06
LTR89	-1.33019331262267	0	1101	11	27.658
LTR89B	-1.21334728173344	0.02	749	8	18.55
LTR8A	0.0637860989935912	0.852	1481	40	38.27
LTR8B	-0.326097393749755	0.338	1644	34	42.623
LTR9	-0.717345300661101	0.118	850	13	21.374
LTR90A	-1.37601248772974	0.066	407	4	10.382
LTR90B	-1.15876787532347	0.06	536	6	13.396
LTR91	-1.99685872090535	0	1592	10	39.913
LTR91A	-3.36860540240414	0	2468	6	61.973
LTR9A1	-1.69755143881627	0.02	491	4	12.974
LTR9B	-1.56152980625603	0.002	709	6	17.71
LTR9C	-1.17216745005327	0.41	172	2	4.507
LTR9D	-1.31781054371937	0.016	755	8	19.943
MADE1	-1.35474908472667	0	8005	76	194.372
MADE2	-0.749209690096829	0	2711	39	65.554
Mam_R4	-2.81455042346181	0.002	564	2	14.07
MamGyp-int	-2.12151279625707	0.008	695	4	17.406
MamGypLTR1a	-1.47217580367239	0.002	1103	10	27.744
MamGypLTR1b	-1.78264153950049	0	1224	9	30.965
MamGypLTR1c	-2.24473486807525	0	1168	6	28.437
MamGypLTR1d	-1.97254562026577	0	777	5	19.623
MamGypLTR2b	-2.45680614923047	0	879	4	21.96
MamGypLTR2c	-Inf	0	1055	0	26.676
MamGypLTR3	-1.24410419121563	0.032	680	7	16.581
MamGypLTR3a	-1.87311322197837	0	1350	9	32.969
MamGypLTR4	-3.18237448827581	0	724	2	18.156
MamGypsy2-I	-3.05824226824621	0	2302	7	58.307
MamGypsy2-LTR	-2.16530097491686	0	916	5	22.428
MamRep1151	-1.22487819148595	0.006	1278	14	32.723
MamRep137	-0.548080997117259	0.036	2500	43	62.872
MamRep1527	-3.41931415515678	0	1314	3	32.095
MamRep1879	0.870033018606725	0	1507	67	36.658
MamRep1894	-1.79493566280354	0.002	709	5	17.35
MamRep38	-2.54404569099374	0	2167	9	52.49
MamRep4096	0.342348841845135	0.25	1282	41	32.339
MamRep434	-1.09261339271428	0	2142	25	53.315
MamRep488	0.624060651590887	0.108	503	19	12.328
MamRep564	-1.1392511860362	0.012	804	9	19.824
MamRep605	-1.31519586465081	0	3594	36	89.581
MamRep605b	-0.2644763800077	0.274	2391	50	60.06
MamRTE1	-0.620091448539541	0	9028	146	224.398
MamRTE2	-Inf	0.678	49	0	1.184
MamSINE1	-0.512867543757372	0	5945	103	146.969
MamTip1	-0.0427180552512266	1	774	19	19.571
MamTip1b	-0.674718898234337	0.336	460	7	11.174
MamTip2	-0.777588595709178	0	5279	76	130.284
MamTip2b	-1.14110151279313	0	6841	77	169.823
MamTip3	-1.3029039075661	0	1176	12	29.607
MamTip3B	-0.703373343475497	0.206	836	13	21.168
MARE10	-1.02715405150373	0.798	81	1	2.038
MARE11	-Inf	1	13	0	0.322
MARE4	-0.942420668463803	0.24	312	4	7.687
MARE6	-1.19880843205028	0.426	187	2	4.591
MARE8	0.154944913993497	0.922	218	6	5.389
MARE9	-Inf	1	29	0	0.49
MARNA	-0.719439020607889	0	3187	48	79.034
MER101	-0.904580434921317	0.296	370	5	9.36
MER101-int	-2.09934330138703	0	1253	7	29.996
MER101B	-1.76319908532596	0.128	269	2	6.789
MER102a	-0.307094031532394	0.12	3088	61	75.47
MER102b	0.048703342595792	0.798	3205	82	79.278
MER102c	-0.827264745924113	0	3172	44	78.07
MER103C	-1.51759873285287	0	9080	78	223.325
MER104	-0.797583715483616	0.002	2260	32	55.622
MER105	0.268895769082048	0.468	730	22	18.259
MER106A	-0.873734467968558	0.084	740	10	18.324
MER106B	-0.326968711587892	0.512	834	16	20.07
MER107	-0.743471882591393	0.634	361	5	8.371
MER110	-0.966799584627204	0.05	802	10	19.545
MER110-int	-1.81639490916912	0.11	412	3	10.566
MER110A	-0.202619216859737	0.804	633	14	16.111
MER112	0.421216402251672	0	4569	151	112.766
MER113	-0.0441355895743807	0.836	3816	92	94.858
MER113A	-0.20252568674587	0.422	2109	45	51.782
MER115	-0.16372470065062	0.54	2559	57	63.85
MER117	-1.82007682109751	0	4434	31	109.461
MER119	-0.689275615749057	0.118	1221	19	30.637
MER11A	-2.47290362360683	0	992	5	27.758
MER11B	-2.94120023334749	0	562	2	15.361
MER11C	-1.82089374922857	0	885	7	24.731
MER11D	-1.28451413324425	0.158	267	3	7.308
MER121	-3.55422045697651	0	941	2	23.494
MER121B	-0.802400040114839	0.978	70	1	1.744
MER123	-Inf	0.58	48	0	1.239
MER124	-1.45214355694571	0	765	7	19.153
MER125	-Inf	0.056	138	0	3.427
MER126	-1.14012422390907	0.22	276	3	6.612
MER127	-0.427874306792687	0.75	213	4	5.381
MER129	-0.62854031926276	0.812	125	2	3.092
MER130	-1.175684270731	0.328	181	2	4.518
MER131	-0.675470588626975	0.058	1137	17	27.151
MER132	-Inf	0.744	37	0	0.977
MER133A	-Inf	0.494	54	0	1.449
MER133B	0.0350469470992006	1	41	1	0.976
MER134	-Inf	0.226	90	0	2.099
MER135	-2.76213616990111	0	822	3	20.352
MER136	-Inf	0.988	29	0	0.726
MER1A	-0.989277438537854	0	3307	42	83.378
MER1B	-0.764157629912106	0	5525	82	139.267
MER2	-0.6176285470404	0	9338	151	231.687
MER20	-0.0538849851233222	0.59	17280	407	422.489
MER20B	-0.433890761503493	0.042	4240	78	105.368
MER21-int	-0.997214973138334	0.102	1094	14	27.946
MER21A	0.318462142797231	0.206	2062	66	52.927
MER21B	-0.541713066314644	0.03	2871	50	72.785
MER21C	-1.28957441559996	0	5724	59	144.229
MER2B	-0.647195876331865	0.012	2101	33	51.682
MER3	-0.0755894558604105	0.504	11144	259	272.932
MER30	-0.109198548499452	0.56	4256	97	104.627
MER30B	0.359511277695519	0.636	255	7	5.456
MER31-int	-0.52712039345895	0.418	1194	20	28.821
MER31A	0.662916923689212	0.01	1379	55	34.738
MER31B	-0.249634957310189	0.472	1525	32	38.045
MER33	0.332236968822858	0.002	9845	306	243.057
MER34	-0.238786859587116	0.532	1355	29	34.22
MER34-int	-0.843447924636187	0.46	423	6	10.766
MER34A	-1.05519565424212	0.008	1513	18	37.404
MER34A1	-1.17156268816361	0.054	804	9	20.273
MER34B	-1.28595171231429	0.03	668	7	17.069
MER34B-int	-2.39469705099467	0.044	641	3	15.776
MER34C	-0.708996478307538	0.616	206	3	4.904
MER34C_	-2.0518071070133	0.004	685	4	16.585
MER34C2	0.660387497328421	0.138	613	24	15.185
MER34D	1.09146155151	0.048	254	14	6.57
MER39	-0.625086758696412	0.004	3390	56	86.369
MER39B	-0.0473057147783566	0.99	1222	30	31
MER4-int	-1.78097494354214	0	3127	24	82.478
MER41-int	-1.2656169216352	0.02	1776	20	48.086
MER41A	0.326645774989845	0.098	2640	85	67.778
MER41B	0.0993167096710108	0.608	2941	80	74.678
MER41C	0.669745321689785	0.044	863	34	21.373
MER41D	1.18139178666786	0.006	488	27	11.905
MER41E	0.396878130160003	0.48	365	12	9.114
MER41G	1.26435404465518	0.1	120	7	2.914
MER44A	-0.335497547866306	0.16	2404	48	60.567
MER44B	-0.981174192317823	0.004	2176	28	55.274
MER44C	-2.06517837479252	0	1126	7	29.294
MER44D	-0.577511226160959	0.332	657	11	16.415
MER45A	-0.241081582099112	0.2	3563	74	87.459
MER45B	-1.18802105141695	0.008	1331	15	34.176
MER45C	-0.850399396770255	0.066	1235	17	30.651
MER45R	-0.360558769542784	0.558	661	13	16.691
MER46C	0.073534944511794	0.688	2870	75	71.273
MER47A	-0.759887841886795	0.002	2639	39	66.041
MER47B	-1.00090140274153	0.082	623	8	16.01
MER47C	-0.00235195267927494	1	791	19	19.031
MER48	0.802553935793783	0.196	196	9	5.16
MER49	0.611290004559597	0.034	1428	54	35.349
MER4A	0.430055301673488	0.25	890	30	22.267
MER4A1	0.183416046076511	0.418	2314	65	57.24
MER4A1_	-0.381837083906047	0.658	416	8	10.424
MER4B	0.459844707400418	0.048	1788	62	45.078
MER4B-int	-2.08280475958212	0.002	1620	10	42.363
MER4C	0.132727764058141	0.732	697	19	17.33
MER4CL34	-0.471110934990288	0.336	933	17	23.565
MER4D	-0.0592331067803167	0.946	1373	34	35.425
MER4D0	0.188086395884459	0.746	457	13	11.411
MER4D1	0.527709441710875	0.056	1595	58	40.232
MER4E	0.0750640117331972	0.866	746	20	18.986
MER4E1	-0.290585254376389	0.568	1092	22	26.909
MER50	-0.857023362486333	0	2591	37	67.018
MER50-int	-0.11360525605257	0.992	555	14	15.147
MER50B	-0.694373717441738	0.182	700	11	17.8
MER50C	0.949672446441575	0.424	83	4	2.071
MER51-int	-0.749405545640754	0.468	621	10	16.811
MER51A	0.591038495831266	0.044	955	37	24.563
MER51B	0.941952940406017	0	725	36	18.739
MER51C	1.37851162325373	0.014	192	13	5
MER51D	0.547931769776189	0.554	171	6	4.104
MER51E	0.522380231733346	0.39	242	9	6.266
MER52-int	-1.45048545986112	0.106	501	5	13.665
MER52A	-1.13888343302863	0	1465	19	41.84
MER52C	-0.426130544269806	0.54	399	8	10.749
MER52D	-1.05249318207556	0.066	664	9	18.667
MER53	-0.0568277342407914	0.726	6020	142	147.705
MER54A	-1.40209844357135	0.012	774	7	18.5
MER54B	-0.511215001470974	0.496	438	8	11.402
MER57-int	-1.52590182341103	0.01	1366	12	34.556
MER57A-int	-1.75890008970868	0	1976	15	50.766
MER57A1	-1.06996649815775	0.008	1093	13	27.292
MER57B1	-1.70249132470982	0	1033	8	26.037
MER57B2	-0.58182058748613	0.16	1145	19	28.438
MER57C1	-0.219400882158241	1	195	4	4.657
MER57C2	-1.98002530023873	0.01	472	3	11.835
MER57D	-0.544485386236091	0.436	464	8	11.668
MER57E1	-0.872744347799313	0.194	512	7	12.818
MER57E2	-Inf	0.388	80	0	1.8
MER57E3	4.39700526983643	0	277	127	6.028
MER57F	-1.80515485294517	0.04	424	3	10.484
MER58A	-1.78041615538653	0	13824	99	340.09
MER58B	0.11138092504244	0.38	7134	191	176.809
MER58C	-0.300891778340426	0.148	2642	53	65.291
MER58D	-0.177649952122769	0.666	1174	25	28.276
MER5A	-0.0849575790408021	0.122	35585	824	873.981
MER5A1	-0.443920529065094	0	16237	294	399.927
MER5B	-0.259527650723495	0	25480	519	621.288
MER5C	-0.137038063174551	0.696	1374	31	34.089
MER5C1	-1.62302402937486	0.008	627	5	15.401
MER6	-1.64055482668447	0.004	826	7	21.825
MER61-int	0.118726938570752	0.762	1202	36	33.156
MER61A	-0.376359848875784	0.364	813	16	20.769
MER61B	-0.4104767918976	0.55	435	8	10.633
MER61C	1.30454061736144	0	316	20	8.097
MER61D	0.209436459145501	0.798	269	8	6.919
MER61E	-1.04264433740849	0.232	320	4	8.24
MER61F	0.735249121577185	0.3	167	7	4.205
MER63A	-2.48186399839058	0	3616	16	89.379
MER63B	-1.62178229591885	0	2472	20	61.551
MER63C	-1.71482640442345	0.004	904	7	22.978
MER63D	-0.627740229562493	0.062	1752	28	43.264
MER65-int	-1.97929371044573	0.01	1092	7	27.601
MER65A	-0.196646384064577	0.592	1485	32	36.673
MER65B	-1.41386483309795	0.316	211	2	5.329
MER65C	-0.288906931000799	0.632	700	14	17.104
MER65D	0.020218521806952	0.992	525	12	11.833
MER66-int	-4.38003674428854	0.006	794	1	20.822
MER66A	-2.04194382997017	0.04	340	2	8.236
MER66B	-0.535694669413356	0.11	1486	25	36.241
MER66C	-0.763836458890952	0.158	603	9	15.282
MER66D	-0.689075469545307	0.588	249	4	6.449
MER67A	0.00723156923107605	0.916	481	12	11.94
MER67B	0.316288576172798	0.53	498	15	12.047
MER67C	0.17123303661612	0.548	1703	48	42.628
MER67D	-2.14730669878029	0	1055	6	26.58
MER68	-1.08991239914719	0.006	1529	18	38.315
MER68-int	-Inf	0.006	402	0	9.568
MER68B	-0.789103217501381	0.232	475	7	12.096
MER68C	-1.08236196955747	0.524	165	2	4.235
MER6A	-1.93707530793032	0	1034	7	26.805
MER6B	-0.777703755127098	0.116	693	10	17.144
MER6C	-0.793687836540746	0.684	168	2	3.467
MER70-int	-Inf	0.042	263	0	6.839
MER70A	-1.47912706430605	0.012	542	5	13.939
MER70B	-1.33325197409157	0.014	995	10	25.197
MER70C	-2.82068956055921	0.024	279	1	7.065
MER72	-0.714135593856333	0.162	793	12	19.686
MER72B	-2.36625226369956	0.156	198	1	5.156
MER73	-1.87676249078155	0.064	288	2	7.345
MER74A	-1.793583802285	0	1625	12	41.601
MER74B	-0.706641057309408	0.1	958	15	24.48
MER74C	-Inf	0.006	234	0	5.982
MER75	-2.63900057242433	0.002	485	2	12.458
MER75A	-0.154453592679872	1	92	2	2.226
MER75B	-Inf	0.166	124	0	2.959
MER76	-1.83098541248308	0.004	728	5	17.789
MER76-int	-0.981487367798262	0.788	155	2	3.949
MER77	-2.73604197374997	0	1373	5	33.312
MER77B	-1.05032755355842	0.006	1318	16	33.136
MER8	-0.707672027215589	0.008	2006	30	48.995
MER81	-0.55584781359163	0.002	3748	62	91.142
MER83	-0.541019153133559	0.442	516	9	13.095
MER83A-int	-Inf	0.362	105	0	2.841
MER83B	-1.88362081628567	0.316	150	1	3.69
MER83B-int	-1.31730406836191	0.424	277	3	7.476
MER83C	-0.341036917835067	0.98	156	3	3.8
MER84	1.41937208954273	0.002	364	24	8.973
MER84-int	0.231921564983544	0.834	143	4	3.406
MER85	-0.697900878874559	0.056	929	14	22.71
MER87	-2.04229412620617	0.258	166	1	4.119
MER87B	-Inf	0.024	211	0	5.291
MER88	0.0414666172953844	1	113	3	2.915
MER89	-0.391319659039319	0.292	1436	27	35.413
MER89-int	-2.58311787829789	0.008	789	3	17.977
MER90	-0.264796623081355	0.64	727	15	18.022
MER90a	-0.0442700112211763	0.958	1265	31	31.966
MER91A	-0.578356728184195	0.002	3694	61	91.082
MER91B	-0.798455445759123	0.012	1476	21	36.524
MER91C	-0.695281195144861	0.018	1665	25	40.48
MER92-int	-3.56882257264479	0.002	1020	2	23.733
MER92A	1.35254732994575	0.062	156	10	3.916
MER92B	1.10752693764383	0	832	45	20.884
MER92C	0.36123105558305	0.756	125	4	3.114
MER92D	-1.52105073690096	0.242	226	2	5.74
MER94	-0.989659785627673	0	4852	60	119.143
MER94B	0.583019307958498	0.078	634	23	15.354
MER95	-0.832282435700976	0.694	141	2	3.561
MER96	-0.0802938173003876	0.85	1291	30	31.717
MER96B	0.41538009768084	0.052	2245	73	54.737
MER97a	-1.25398926623079	0.31	280	3	7.155
MER97b	-1.21754093986252	0.57	181	2	4.651
MER97c	-0.147957881387101	1	211	5	5.54
MER97d	-Inf	0.188	138	0	3.466
MER99	-1.95084163754915	0.132	301	2	7.732
MER9a1	-2.24184018356467	0.006	351	2	9.46
MER9a2	-0.971405600419098	0.222	322	4	7.843
MER9a3	-1.95810026172325	0.004	595	4	15.542
MER9B	-Inf	0.728	39	0	1.046
Merlin1_HS	-Inf	0.814	56	0	1.361
MERX	-2.44718243391883	0.008	442	2	10.907
MIR	0.18737948056763	0	177613	4999	4390.119
MIR1_Amn	1.00497594916097	0	12053	589	293.486
MIR3	0.532120116343273	0	89786	3180	2199.09
MIRb	0.211264912913516	0	228856	6537	5646.527
MIRc	0.340158012858827	0	103104	3207	2533.385
MLT-int	-3.35431110019902	0.008	417	1	10.227
MLT1-int	-2.68279799870165	0.078	267	1	6.421
MLT1A	-1.87856654334794	0	9313	63	231.657
MLT1A-int	-Inf	0.002	448	0	11.874
MLT1A0	-2.14442397493159	0	21288	121	534.96
MLT1A0-int	-3.67897330785417	0	953	2	25.616
MLT1A1	-2.40221777704626	0	6913	33	174.443
MLT1A1-int	-2.06786813486756	0.01	462	3	12.578
MLT1B	-1.632561442313	0	18094	146	452.692
MLT1B-int	-1.28540221886225	0.112	567	6	14.625
MLT1C	-1.49186164560829	0	6716	60	168.751
MLT1C-int	-Inf	0.192	130	0	3.269
MLT1C2	-1.35688680405952	0	16393	160	409.811
MLT1C2-int	-1.20062989798307	0.204	436	5	11.492
MLT1D	-1.36228308991107	0	19733	193	496.187
MLT1D-int	-0.961067626267791	0.152	598	8	15.574
MLT1E	-2.97636363573276	0	922	3	23.61
MLT1E-int	-Inf	1	12	0	0.34
MLT1E1	-1.42196381604921	0.01	1065	10	26.795
MLT1E1-int	-Inf	1	45	0	0.921
MLT1E1A	-1.42130287711112	0	3422	33	88.383
MLT1E1A-int	-Inf	0.372	84	0	2.107
MLT1E2	-1.19986008352799	0	4091	46	105.67
MLT1E2-int	-0.166072675946706	1	128	3	3.366
MLT1E3	-1.61256065482481	0	2066	17	51.985
MLT1E3-int	-Inf	0.56	74	0	1.724
MLT1F	-1.3232867942169	0	4411	45	112.606
MLT1F-int	-2.7835614214378	0.002	530	2	13.771
MLT1F1	-1.53418184490115	0	3329	29	83.991
MLT1F1-int	-2.10701824988212	0.274	160	1	4.308
MLT1F2	-2.00983407110314	0	6215	39	157.067
MLT1F2-int	-3.03456789281821	0.034	327	1	8.194
MLT1G	-1.41051555734905	0	2894	28	74.433
MLT1G-int	-Inf	0.08	185	0	4.971
MLT1G1	-1.6965464639655	0	3680	29	93.996
MLT1G1-int	-Inf	0.004	299	0	7.981
MLT1G3	-1.89548631443979	0	2818	19	70.689
MLT1G3-int	-2.65946793708479	0.15	246	1	6.318
MLT1H	-2.09013151371203	0	10252	61	259.73
MLT1H-int	-2.43249179144138	0	836	4	21.593
MLT1H1	-2.04291835645284	0	3756	23	94.778
MLT1H1-int	-Inf	0.004	426	0	10.552
MLT1H2	-1.95435243126733	0	4849	31	120.138
MLT1H2-int	-Inf	0.002	354	0	9.526
MLT1I	-1.86915868690416	0	11268	77	281.296
MLT1I-int	-3.41832489907452	0	829	2	21.382
MLT1J	-1.92350553755911	0	15494	103	390.724
MLT1J-int	-3.21645486514476	0	1457	4	37.18
MLT1J1	-2.55748594793245	0	5003	21	123.623
MLT1J1-int	-Inf	0.002	476	0	12.184
MLT1J2	-2.93615653363911	0	6991	23	176.035
MLT1J2-int	-2.95074834075079	0.006	596	2	15.463
MLT1K	-1.49080756516191	0	17999	160	449.674
MLT1K-int	-2.40871186102943	0.12	208	1	5.31
MLT1L	-1.60656067113819	0	12248	100	304.525
MLT1L-int	-1.49364733397521	0.606	112	1	2.816
MLT1M	-0.739354367225348	0.002	2329	35	58.43
MLT1M-int	-Inf	1	1	0	0.029
MLT1N2	-1.72180016444515	0	5816	44	145.133
MLT1N2-int	0.0755200076409777	1	74	2	1.898
MLT1O	-1.91011184446742	0	5156	34	127.785
MLT1O-int	-Inf	1	12	0	0.274
MLT2A1	-4.25076455340516	0	3849	5	95.187
MLT2A2	-2.76947555444099	0	3928	15	102.279
MLT2B1	-2.67366948343465	0	4532	18	114.849
MLT2B2	-2.65066245394393	0	2229	9	56.516
MLT2B3	-2.28815007774032	0	3363	17	83.033
MLT2B4	-4.09579183541477	0	4762	7	119.689
MLT2B5	-Inf	0	383	0	9.684
MLT2C1	-1.89295223467992	0	2710	18	66.851
MLT2C2	-1.298071734934	0.002	1378	14	34.426
MLT2D	-2.67320462682448	0	4584	18	114.812
MLT2E	-3.33585480093028	0.006	405	1	10.097
MLT2F	-1.46129571650257	0	1946	18	49.564
MSR1	3.16623015256213	0	445	101	11.251
MST-int	-Inf	0.018	235	0	5.767
MSTA	-2.85801795038929	0	20293	70	507.513
MSTA-int	-4.49877741895238	0	3304	4	90.433
MSTA1	-1.75039212114534	0.016	563	4	13.458
MSTA1-int	-Inf	1	29	0	0.741
MSTB	-2.74142449348302	0	8800	33	220.681
MSTB-int	-2.66362925881475	0	902	4	25.345
MSTB1	-2.6310227718689	0	4944	20	123.893
MSTB1-int	-Inf	0.016	231	0	6.334
MSTB2	-2.75972399174436	0	1621	6	40.636
MSTB2-int	-Inf	0.36	94	0	2.394
MSTC	-1.33972478037228	0	3291	33	83.524
MSTC-int	-Inf	0.02	210	0	5.864
MSTD	-2.16681767727537	0	7813	44	197.574
MSTD-int	-1.54935233087778	0.008	751	7	20.488
OldhAT1	-0.152102275319773	0.326	4404	96	106.674
ORSL	0.329392045775898	0.276	1252	39	31.039
ORSL-2a	0.259052820653271	0.642	376	11	9.192
ORSL-2b	0.461879061525913	0.228	733	25	18.151
PABL_A	0.274656600036684	0.52	544	17	14.053
PABL_A-int	-0.713805772165228	0.494	459	8	13.121
PABL_B	-0.989139007368233	0.298	393	5	9.925
PABL_B-int	-Inf	0.034	265	0	7.581
Penelope1_Vert	-0.317619814131745	0.358	1123	22	27.418
Plat_L3	-0.775373106836454	0	3386	49	83.87
PRIMA4_LTR	0.00690939525901577	1	349	9	8.957
PRIMA4-int	-0.650501988356165	0.474	443	7	10.988
PRIMA41-int	-0.0747162026227176	1	511	13	13.691
PRIMAX-int	-0.953823953941167	1	78	1	1.937
PrimLTR79	0.798366138830349	0.298	136	6	3.45
REP522	2.94663253243444	0	294	38	4.929
Ricksha	-Inf	0.002	431	0	11.19
Ricksha_0	-1.74487867580947	0.094	386	3	10.055
Ricksha_a	-Inf	0.668	57	0	1.413
Ricksha_b	-Inf	0.264	118	0	3.111
Ricksha_c	-3.07273466242891	0	1032	3	25.241
SAR	3.83650126771712	0.132	13	1	0.07
SATR1	-0.736965594166206	0.352	728	12	20
SATR2	-2.63354745829421	0.026	450	2	12.411
SST1	1.42504632563284	0.01	650	27	10.055
SSU-rRNA_Hsa	-Inf	0.284	90	0	1.989
SVA_A	0.455595129323008	0.064	1230	43	31.356
SVA_B	-0.486971744370407	0.21	839	16	22.424
SVA_C	-0.882349590017664	0.108	540	8	14.747
SVA_D	-0.292356402279488	0.268	1491	36	44.087
SVA_E	0.227100877710691	0.558	704	20	17.087
SVA_F	0.323896748876108	0.284	1023	33	26.364
TAR1	4.94413262704218	0	155	62	2.014
THE1-int	-2.30188025283903	0.098	200	1	4.931
THE1A	-2.60104936369465	0	4308	18	109.211
THE1A-int	-3.13707720996112	0	1481	5	43.987
THE1B	-3.27724833872052	0	22924	60	581.703
THE1B-int	-4.96797551620983	0	4277	4	125.19
THE1C	-3.09944670461349	0	10046	30	257.127
THE1C-int	-Inf	0	1824	0	53.939
THE1D	-2.71416197633453	0	12935	50	328.106
THE1D-int	-5.18134112447331	0	2667	2	72.572
Tigger1	-1.89597156441923	0	12353	91	338.677
Tigger10	-0.701790104719089	0.046	1481	23	37.41
Tigger11a	-0.826599330273102	0.334	419	6	10.641
Tigger12	-1.31337485966039	0.004	910	9	22.367
Tigger12A	-0.75748880721958	0.154	748	11	18.596
Tigger12c	-2.10507459410112	0	865	5	21.511
Tigger13a	-1.33353107311298	0	3189	32	80.646
Tigger14a	-0.852664747597793	0.008	1312	18	32.505
Tigger15a	-0.423557485550818	0.02	4892	91	122.052
Tigger16a	-0.543703416061214	0.056	1822	31	45.189
Tigger16b	-0.408081393253393	0.17	1342	25	33.173
Tigger17	1.0350469470992	0.438	57	3	1.464
Tigger17a	-1.52738885644207	0	2457	22	63.418
Tigger17b	-Inf	0.252	94	0	2.44
Tigger17c	-1.09406712610872	0.186	347	4	8.539
Tigger17d	-1.51028681629787	0.108	336	3	8.546
Tigger18a	-0.620966164039663	0.11	1273	21	32.296
Tigger19a	0.101743268187078	0.554	3637	96	89.463
Tigger19b	-0.161097610695034	0.376	3685	80	89.451
Tigger1a_Art	-0.909965066757968	0.472	315	4	7.516
Tigger1a_Mars	0.735763848956453	0.694	45	2	1.201
Tigger2	-1.33118926189809	0	2835	30	75.483
Tigger20a	-1.22925976714721	0.002	1378	15	35.167
Tigger21a	-2.11703005301019	0.26	173	1	4.338
Tigger22N1	-1.46539988329661	0	1102	10	27.614
Tigger23a	-2.8400603308324	0	580	2	14.321
Tigger2a	-1.46936505370484	0	3391	31	85.839
Tigger2b_Pri	-1.47126551211009	0	2191	20	55.453
Tigger3	-0.398350370345965	0.378	1166	23	30.314
Tigger3a	-0.963067673756424	0	5480	71	138.411
Tigger3b	-1.13700948218916	0	6456	77	169.342
Tigger3c	-0.0377820904463143	0.968	2425	58	59.539
Tigger3d	-0.596718342470844	0.24	696	11	16.635
Tigger4	-1.57583360280637	0.004	1466	13	38.754
Tigger4a	-0.983458811590324	0	3595	45	88.974
Tigger4b	-0.805125099293942	0.002	2565	37	64.65
Tigger5	-2.13619138628714	0.004	545	3	13.188
Tigger5b	-0.630736801802638	0.014	2854	45	69.676
Tigger6	-2.58062791045727	0.084	256	1	5.982
Tigger6a	-1.31506932042624	0.042	699	7	17.417
Tigger6b	-1.19975085671584	0.486	179	2	4.594
Tigger7	-0.366773193235672	0.168	3017	58	74.789
Tigger8	-1.77958992179598	0	959	7	24.033
Tigger9a	-1.54024774683735	0.002	1043	9	26.176
Tigger9b	-1.48675114317613	0.026	774	7	19.618
tRNA-Ala-GCA	2.28068511265548	0.006	41	5	1.029
tRNA-Ala-GCG	4.29902769277728	0	11	5	0.254
tRNA-Ala-GCY	3.28630418515664	0.012	34	4	0.41
tRNA-Ala-GCY_	2.14640349379749	0.002	80	8	1.807
tRNA-Arg-AGA	1.9928044985958	0.024	40	4	1.005
tRNA-Arg-AGG	3.68038206579984	0	21	6	0.468
tRNA-Arg-CGA	3.85030706724215	0	8	3	0.208
tRNA-Arg-CGA_	4.32192809488736	0.1	2	1	0.05
tRNA-Arg-CGG	2.88541086819807	0.016	16	3	0.406
tRNA-Arg-CGY_	2.76611193982572	0	49	8	1.176
tRNA-Asn-AAC	4.05439229681863	0	53	16	0.963
tRNA-Asn-AAT	-Inf	1	2	0	0.012
tRNA-Asp-GAY	3.49167277071968	0	48	10	0.889
tRNA-Cys-TGY	1.38625882053448	0.036	138	9	3.443
tRNA-Gln-CAA	3.38583985870756	0.004	23	6	0.574
tRNA-Gln-CAA_	-Inf	0.884	34	0	0.807
tRNA-Gln-CAG	1.94897599697553	0.008	85	8	2.072
tRNA-Glu-GAA	0.903738146941596	0.3	99	4	2.138
tRNA-Glu-GAG	1.23446525363702	0.668	20	1	0.425
tRNA-Glu-GAG_	1.82559358147025	0.002	97	8	2.257
tRNA-Gly-GGA	2.33642766458248	0	109	13	2.574
tRNA-Gly-GGG	0.265344566520995	1	44	1	0.832
tRNA-Gly-GGY	3.18442457113743	0	37	7	0.77
tRNA-His-CAY	-Inf	1	1	0	0.028
tRNA-His-CAY_	3.22431729826094	0	53	7	0.749
tRNA-Ile-ATA	1.29335894269059	0.162	65	4	1.632
tRNA-Ile-ATC	-Inf	1	9	0	0.071
tRNA-Ile-ATT	2.94674961529775	0	55	10	1.297
tRNA-Leu-CTA	4.64385618977472	0.08	2	1	0.04
tRNA-Leu-CTA_	2.53115605702536	0.286	7	1	0.173
tRNA-Leu-CTG	4.43596333813339	0	15	5	0.231
tRNA-Leu-CTY	3.54161799584399	0	30	8	0.687
tRNA-Leu-TTA	3.15842936260448	0.006	12	3	0.336
tRNA-Leu-TTA(m)	-Inf	1	27	0	0.662
tRNA-Leu-TTG	3.02561753417927	0	26	5	0.614
tRNA-Lys-AAA	3.26408402031508	0	51	11	1.145
tRNA-Lys-AAG	2.36752496132747	0	73	9	1.744
tRNA-Met	1.54933859099043	0.14	52	3	1.025
tRNA-Met_	2.03150369102206	0.01	47	5	1.223
tRNA-Met-i	3.01806618471531	0	45	9	1.111
tRNA-Phe-TTY	2.34240156562711	0.002	91	11	2.169
tRNA-Pro-CCA	5.0350469470992	0	9	8	0.244
tRNA-Pro-CCG	4.82282633082004	0	4	3	0.106
tRNA-Pro-CCY	4.60471779586777	0	17	10	0.411
tRNA-SeC(e)-TGA	3.85725982788392	0.136	3	1	0.069
tRNA-Ser-AGY	4.19759995988516	0	14	6	0.327
tRNA-Ser-TCA	5.44222232860507	0.046	1	1	0.023
tRNA-Ser-TCA_	4.45798964446339	0.006	4	2	0.091
tRNA-Ser-TCA(m)	-Inf	0.992	31	0	0.702
tRNA-Ser-TCG	4.49005085369569	0	7	4	0.178
tRNA-Ser-TCY	4.22239242133645	0	15	7	0.375
tRNA-Thr-ACA	3.29335894269059	0	26	6	0.612
tRNA-Thr-ACG	5.68038206579984	0.002	2	2	0.039
tRNA-Thr-ACG_	2.89432192210546	0.058	12	2	0.269
tRNA-Thr-ACY	3.15842936260448	0.004	15	3	0.336
tRNA-Thr-ACY_	-Inf	1	12	0	0.296
tRNA-Trp-TGG	4.50635266602479	0	13	7	0.308
tRNA-Tyr-TAC	3.51982889828125	0	37	11	0.959
tRNA-Tyr-TAT	-Inf	1	6	0	0.137
tRNA-Val-GTA	4.02561753417927	0	12	5	0.307
tRNA-Val-GTG	3.69899774396719	0	43	10	0.77
tRNA-Val-GTY	3.83033150047691	0	31	10	0.703
U1	2.25602615798828	0	223	23	4.815
U13	1.28384314757039	0.026	179	10	4.107
U13_	0.0950342813159735	0.97	316	8	7.49
U14	4.91267294820252	0	7	5	0.166
U17	3.21089678249862	0.074	9	2	0.216
U2	-0.267127160467677	0.442	1111	22	26.475
U3	0.497669398283988	0.422	234	8	5.666
U4	0.811327798632528	0.224	161	7	3.989
U5	-0.81612180078385	0.436	214	3	5.282
U6	-0.135551707250798	0.63	1799	39	42.842
U7	0.674153101761185	0.22	250	10	6.267
U8	0.479954975960182	0.972	34	1	0.717
UCON1	-Inf	0.002	245	0	6.026
UCON100	1.06190243892591	0.756	19	1	0.479
UCON101	-1.35360559133812	0.254	208	2	5.111
UCON103	-Inf	1	14	0	0.377
UCON105	-2.01774378650301	0	642	4	16.198
UCON11	-0.202887833470143	1	45	1	1.151
UCON12	-Inf	0.432	59	0	1.501
UCON12A	-Inf	1	23	0	0.567
UCON14	-1.32192809488736	0.62	100	1	2.5
UCON15	-Inf	0.552	50	0	1.281
UCON16	-Inf	0.798	38	0	0.942
UCON17	-Inf	0.872	33	0	0.822
UCON18	-Inf	0.94	33	0	0.783
UCON19	-Inf	0.944	31	0	0.775
UCON2	-0.748461233004036	0.692	138	2	3.36
UCON20	-Inf	0.614	43	0	1.122
UCON21	-Inf	0.97	29	0	0.719
UCON22	-Inf	0.678	38	0	0.997
UCON23	0.403541860441014	1	31	1	0.756
UCON24	-Inf	1	22	0	0.569
UCON25	-Inf	0.61	50	0	1.166
UCON26	-2.37767905900582	0.056	207	1	5.197
UCON27	-Inf	0.166	102	0	2.502
UCON28a	-Inf	0.062	129	0	3.262
UCON28b	-Inf	0.262	75	0	1.965
UCON28c	-Inf	0.346	68	0	1.676
UCON29	-1.55924706046191	0.13	235	2	5.894
UCON31	-Inf	0.098	119	0	2.959
UCON33	-1.74027998267288	0.356	136	1	3.341
UCON34	-0.249055195040944	0.786	339	7	8.319
UCON35	-0.087123343651199	1	173	4	4.249
UCON37	-0.0915305931206162	1	172	4	4.262
UCON38	0.861622380469985	0.124	208	9	4.953
UCON39	-Inf	0.13	107	0	2.685
UCON4	-1.79285535236249	0.296	138	1	3.465
UCON40	-2.60074549796208	0.08	245	1	6.066
UCON41	-2.84899843040002	0	575	2	14.41
UCON44	-3.16204886834889	0.01	360	1	8.951
UCON47	-0.963474123974886	0.532	154	2	3.9
UCON48	-0.246712100531861	1	194	4	4.746
UCON49	-1.38404980679516	0.52	109	1	2.61
UCON5	-Inf	0.086	123	0	3.021
UCON51	-Inf	0.646	44	0	1.116
UCON55	-0.362189317951797	0.56	412	8	10.283
UCON56	-Inf	1	15	0	0.371
UCON57	-Inf	1	22	0	0.516
UCON58	-0.57458595908148	0.628	236	4	5.957
UCON59	-Inf	0.704	45	0	1.08
UCON6	0.286890765787161	0.872	96	3	2.459
UCON60	-Inf	0.782	38	0	0.924
UCON61	-Inf	1	16	0	0.414
UCON62	-Inf	1	24	0	0.593
UCON63	-Inf	1	14	0	0.358
UCON64	1.40354186044101	0.626	16	1	0.378
UCON65	-Inf	0.914	32	0	0.775
UCON66	-Inf	0.414	64	0	1.587
UCON67	-Inf	1	20	0	0.479
UCON68	-Inf	1	12	0	0.288
UCON69	-Inf	0.996	29	0	0.684
UCON7	-Inf	0.12	125	0	3.201
UCON70	-0.526068811667588	1	59	1	1.44
UCON71	-Inf	1	17	0	0.385
UCON71_Crp	-1.7578766597479	0.082	282	2	6.764
UCON73	-0.634128557525041	0.474	259	4	6.208
UCON75	-Inf	1	24	0	0.584
UCON76	-1.80776706176642	0.314	141	1	3.501
UCON78	0.408639728080693	0.61	180	6	4.52
UCON8	-0.802675758231472	0.498	207	3	5.233
UCON80	1.91866037254806	0.038	43	4	1.058
UCON80_AMi	-0.84799690655495	0.412	228	3	5.4
UCON81	-0.0114956388378294	1	40	1	1.008
UCON83	-Inf	0.582	49	0	1.232
UCON84	-1.46205231879643	0.548	109	1	2.755
UCON85	-Inf	0.98	28	0	0.708
UCON86	-0.842375488206288	0.92	70	1	1.793
UCON87	-Inf	1	6	0	0.147
UCON88	1.34007544159762	0.348	33	2	0.79
UCON89	1.74419716339728	0.068	50	4	1.194
UCON9	-Inf	0.608	49	0	1.167
UCON92	-Inf	1	19	0	0.493
UCON93	-Inf	1	27	0	0.635
UCON94	0.436353730515936	0.994	31	1	0.739
UCON96	-Inf	1	18	0	0.452
UCON97	-Inf	0.718	40	0	1.048
UCON99	-Inf	0.572	56	0	1.221
X1_DNA	-0.339870358226611	0.59	710	14	17.719
X1_LINE	-Inf	0.242	83	0	2.168
X1_LR	-Inf	1	15	0	0.381
X10b_DNA	0.0635976222749369	0.984	308	8	7.655
X11_DNA	-0.140342400853288	1	267	6	6.613
X12_DNA	-0.498421086988927	0.092	1379	24	33.904
X12_LINE	-1.48722906980423	0.194	227	2	5.607
X13_LINE	-Inf	0.054	148	0	3.618
X15_LINE	0.0422091900359215	1	243	6	5.827
X17_LINE	-0.406718061421968	0.27	965	18	23.862
X2_LINE	-2.22558342875685	0.108	188	1	4.677
X20_LINE	-0.437937901388923	0.806	162	3	4.064
X21_LINE	-Inf	0.644	47	0	1.133
X22_DNA	-Inf	1	25	0	0.591
X23_DNA	-Inf	0.484	60	0	1.515
X24_DNA	-3.51588903178518	0	457	1	11.439
X24_LINE	-1.21412480535285	0.02	568	6	13.92
X26_DNA	-2.56553624994611	0	971	4	23.679
X2a_DNA	-1.0621217119078	0.136	420	5	10.44
X2b_DNA	-1.21163525332715	0.354	192	2	4.632
X30_DNA	-1.25179482264146	0.012	765	8	19.051
X32_DNA	-1.45259543470287	0.122	327	3	8.211
X33a_DNA	-0.74416109557041	1	69	1	1.675
X34_DNA	-Inf	0.166	105	0	2.414
X4a_DNA	-0.614474282837701	0.652	182	3	4.593
X4b_DNA	-0.436653890833848	0.352	708	13	17.595
X5a_DNA	0.541058106425535	0.236	429	15	10.309
X5B_LINE	-0.870266070395983	0.932	75	1	1.828
X6a_DNA	-1.47664090866952	0	1005	9	25.047
X6A_LINE	-0.291154470076467	0.41	1055	21	25.696
X6b_DNA	-0.617827405402854	0.084	987	16	24.553
X6B_LINE	-0.643988087291811	0.092	891	14	21.877
X7A_LINE	0.171680886104866	0.574	937	26	23.083
X7B_LINE	-0.644563898531101	0.096	940	15	23.449
X7C_LINE	-0.252173413202027	0.656	621	13	15.483
X7D_LINE	-Inf	0.488	58	0	1.412
X8_LINE	-1.51551061996901	0.14	231	2	5.718
X9_LINE	-0.00396196615242192	1	670	16	16.044
X9a_DNA	-1.55196710972674	0.006	702	6	17.593
X9b_DNA	-1.92276872291713	0.006	606	4	15.166
Zaphod	-1.37106181840555	0	2330	23	59.492
Zaphod2	-0.959500404349953	0.074	875	11	21.391
Zaphod3	-0.793410395185874	0.05	1235	18	31.197
Zaphod4a	-Inf	0.002	394	0	10.142
Zaphod5a	-0.0724488500696925	1	80	2	2.103
Zaphod5b	-0.851199338593294	0.936	74	1	1.804
