	log.enrich	pval	total	real.overlap	random.mean
(CATTC)n	-0.695102985640479	1	64	1	1.619
(GAATG)n	-Inf	0.18	35	0	2.2
5S	0.146693847517388	0.688	1317	22	19.873
7SK	-1.62046911340389	0.008	762	4	12.299
7SLRNA	-0.721653889626792	0.078	1428	14	23.087
ACRO1	1.34129341975429	0.328	86	3	1.184
ALR/Alpha	0.240705297952077	0.012	1700	178	150.647
Alu	-0.173849962528843	0.302	8195	108	121.831
AluJb	-0.321521186912548	0	121115	1634	2041.924
AluJo	-0.191115735385876	0	47320	687	784.311
AluJr	-0.571755502910199	0	117446	1326	1970.875
AluJr4	-0.521590932553069	0	12658	147	211.024
AluSc	-0.192411150520585	0	38726	579	661.607
AluSc5	-0.3028270967051	0.098	4259	59	72.78
AluSc8	-0.0884489281907837	0.298	21085	340	361.497
AluSg	-0.0150456840381217	0.802	44393	755	762.915
AluSg4	0.0228134074999903	0.828	12565	212	208.674
AluSg7	-0.12973899437559	0.422	6031	94	102.845
AluSp	0.0702597417499436	0.132	67237	1209	1151.532
AluSq	-0.186393796129571	0.068	12718	190	216.204
AluSq10	0.638806806861683	0.014	1575	41	26.332
AluSq2	-0.229755556978451	0	53394	778	912.311
AluSq4	0.281887358592463	0.276	1683	35	28.788
AluSx	-0.114747243169084	0.002	129556	2031	2199.137
AluSx1	-0.208015023227132	0	110941	1646	1901.291
AluSx3	-0.169794400988418	0.006	40018	599	673.814
AluSx4	-0.149739295875504	0.154	12119	187	207.452
AluSz	-0.441491053148187	0	122105	1543	2095.405
AluSz6	-0.70704792255331	0	42260	441	719.915
AluY	0.366972137689575	0	101596	2249	1743.893
AluYa5	0.55436065991041	0	3853	97	66.053
AluYa8	-0.629473196786948	0.55	405	4	6.188
AluYb8	-0.328029084130052	0.18	2715	37	46.446
AluYb9	-1.14186871631134	0.21	383	3	6.62
AluYc	0.70375329032959	0	6889	184	112.971
AluYc3	1.37422453883429	0	581	25	9.644
AluYd8	0.865121945656888	0.182	229	7	3.843
AluYe5	1.23292890522093	0	1343	53	22.549
AluYe6	1.71570124259267	0	199	11	3.349
AluYf1	0.594151454758411	0.004	2082	53	35.109
AluYg6	-0.812498225333564	0.136	857	8	14.05
AluYh3	0.559641818855306	0.168	665	17	11.534
AluYh3a3	0.853605450939495	0.278	161	5	2.767
AluYh7	0.788748136268753	0.108	502	13	7.525
AluYh9	1.50518212231685	0.058	178	7	2.466
AluYi6	0.524160470746112	0.292	462	11	7.649
AluYi6_4d	-Inf	0.946	44	0	0.763
AluYj4	-0.0136706836625026	1	2913	48	48.457
AluYk11	1.4550201167442	0.022	176	8	2.918
AluYk12	-Inf	0.38	100	0	1.701
AluYk2	0.547286745930679	0	6900	170	116.332
AluYk3	0.357563693166922	0.008	6210	135	105.365
AluYk4	0.869859864663552	0.002	1117	35	19.152
AluYm1	0.712943672193301	0	4835	135	82.36
AmnSINE1	-0.212223451761906	0.426	2633	36	41.705
AmnSINE2	-0.0736831536164397	1	671	10	10.524
Arthur1	-1.01224514391761	0.008	2360	21	42.358
Arthur1A	-2.66053316209876	0	1183	3	18.968
Arthur1B	-1.62943732803414	0	2347	13	40.221
Arthur1C	0.141070276117339	0.78	727	13	11.789
Arthur2	-2.52615229854825	0	1016	3	17.281
BC200	0.114946323188458	0.862	707	12	11.081
BLACKJACK	-2.48410129439689	0	2162	7	39.164
BSR/Beta	-3.79280330614805	0	1956	2	27.719
CER	-2.04159344865918	0.162	86	1	4.117
Chap1_Mam	-3.03157164035829	0.012	498	1	8.177
Chap1a_Mam	-2.23106369991227	0	1431	5	23.474
Charlie1	-0.146613181263288	0.74	1939	31	34.316
Charlie10	-0.86624261548296	0.086	1157	11	20.052
Charlie10a	-2.35529823334795	0.088	307	1	5.117
Charlie10b	-1.18776774704602	0.384	276	2	4.556
Charlie11	-Inf	0.492	113	0	2.099
Charlie12	1.33278908751913	0.582	23	1	0.397
Charlie13a	-0.72042440575653	0.43	561	6	9.886
Charlie13b	-1.18226853630272	0.256	408	3	6.808
Charlie14a	-2.03632749181777	0.066	521	2	8.204
Charlie15a	-0.959934978134175	0	3250	27	52.521
Charlie15b	-0.222937009522828	0.576	1942	28	32.679
Charlie16	-1.04468554346628	0.036	1476	12	24.755
Charlie16a	-0.0746299837838211	0.932	1474	22	23.168
Charlie17	-3.27753848394387	0.002	550	1	9.697
Charlie17a	-1.76178169066375	0	1251	6	20.347
Charlie17b	-1.23710477285782	0.194	543	4	9.429
Charlie18a	-0.658483953875012	0.014	2509	26	41.039
Charlie19a	-0.261339336705612	0.488	1620	22	26.369
Charlie1a	-0.53620281824602	0.008	5856	73	105.861
Charlie1b	-0.212991208830846	0.474	3087	45	52.159
Charlie20a	-2.32135090142462	0.004	891	3	14.994
Charlie21a	-0.5489297694764	0.518	772	9	13.167
Charlie22a	-0.48637774121602	0.326	1121	13	18.212
Charlie23a	-0.529718076904716	0.192	1506	17	24.542
Charlie24	-0.319549932265672	0.532	1289	17	21.215
Charlie25	-2.31048554625018	0.002	1094	4	19.842
Charlie26a	-0.312333252461592	0.744	517	7	8.692
Charlie29a	-0.301169534720565	0.6	986	14	17.25
Charlie29b	-1.78330697390766	0	1465	7	24.095
Charlie2a	-1.19440229193857	0.004	2095	16	36.616
Charlie2b	-1.21558985360237	0	3743	28	65.026
Charlie3	-1.30256277002043	0.17	342	3	7.4
Charlie30a	-0.901108243014512	0.278	467	4	7.47
Charlie30b	-2.35670725293538	0	620	2	10.244
Charlie31a	-1.75851638854748	0.014	812	4	13.534
Charlie32a	-2.12565110166152	0.146	266	1	4.364
Charlie4	1.20570034905991	0	919	34	14.741
Charlie4a	0.0857676501318421	0.74	2908	53	49.941
Charlie4z	0.438653181916132	0	6037	130	95.917
Charlie5	-0.0683596220371952	0.902	2609	42	44.038
Charlie6	-2.35783347862949	0.246	264	1	5.126
Charlie7	-1.0571509104606	0.004	3983	33	68.667
Charlie7a	-0.961438118062557	0.018	1465	12	23.367
Charlie7b_Mars	-Inf	1	58	0	1.026
Charlie8	-0.773407590134267	0.002	4420	43	73.5
Charlie9	-0.653911686431187	0.194	1322	14	22.028
Cheshire	-2.2126471520188	0.006	1037	4	18.541
Chompy-6_Croc	2.32915966411844	0.36	14	1	0.199
Chompy-7_Croc	-Inf	1	17	0	0.277
CR1_Mam	-1.03572444246766	0.012	1729	14	28.702
CR1-1_Amn	-0.124328135002202	1	66	1	1.09
CR1-11_Crp	-Inf	1	24	0	0.401
CR1-12_AMi	-Inf	0.222	132	0	2.304
CR1-13_AMi	-0.725086724630227	0.992	102	1	1.653
CR1-16_AMi	-Inf	0.012	309	0	5.354
CR1-3_Croc	-1.65594056358946	0.002	1348	7	22.059
CR1-8_Crp	-Inf	1	5	0	0.072
CR1-L3A_Croc	-1.37350901551801	0.216	320	2	5.182
CR1-L3B_Croc	-Inf	1	38	0	0.626
CRP1	-Inf	1	6	0	0.076
D20S16	-Inf	0.418	388	0	6.41
DNA1_Mam	-Inf	0.192	172	0	2.85
ERV24_Prim-int	-2	0.126	435	2	8
ERV24B_Prim-int	-1.95995557967556	0.132	379	2	7.781
ERV3-16A3_I-int	-3.05973381425217	0	6685	16	133.411
ERV3-16A3_LTR	-2.64769825606912	0	1117	3	18.8
ERVL-B4-int	-3.36819213364337	0	4138	8	82.607
ERVL-E-int	-2.75406653544308	0	9119	25	168.654
ERVL-int	-3.00638779677871	0.002	831	2	16.071
ERVL47-int	-Inf	0.084	211	0	4.494
Eulor1	-Inf	0.514	85	0	1.375
Eulor10	-Inf	1	39	0	0.624
Eulor11	-Inf	0.394	103	0	1.67
Eulor12	-Inf	0.78	57	0	0.915
Eulor2A	-Inf	0.694	68	0	1.069
Eulor2B	0.0740005814437768	1	58	1	0.95
Eulor2C	-Inf	1	40	0	0.613
Eulor3	-Inf	1	38	0	0.636
Eulor4	-Inf	1	32	0	0.521
Eulor5A	-0.0621217119077975	1	126	2	2.088
Eulor5B	-Inf	1	43	0	0.669
Eulor6A	-Inf	1	30	0	0.51
Eulor6B	-Inf	0.71	63	0	1.029
Eulor6C	-Inf	1	21	0	0.337
Eulor6D	-0.359521170427595	1	77	1	1.283
Eulor6E	-Inf	1	31	0	0.512
Eulor7	2.39592867633114	0.362	12	1	0.19
Eulor8	-1.25761413004954	0.646	145	1	2.391
Eulor9A	-Inf	0.276	125	0	2.117
Eulor9B	-Inf	1	30	0	0.429
Eulor9C	0.852910427420867	0.472	106	3	1.661
EuthAT-2	-1.59666258865461	0.026	1166	7	21.171
EuthAT-N1	-Inf	0.574	82	0	1.375
EuthAT-N1a	0.314732593483158	1	51	1	0.804
Eutr10	-0.908599443946765	0.11	996	9	16.895
Eutr11	-0.35867757131523	0.698	620	8	10.258
Eutr15	-1.88322978903273	0.034	659	3	11.067
Eutr16	-3.18205660901025	0.008	524	1	9.076
Eutr18	-0.677298825675961	0.272	682	7	11.194
Eutr2	-Inf	0.07	232	0	3.81
Eutr2B	-1.81925943011764	0.104	441	2	7.058
Eutr5	-2.77357442277131	0.024	411	1	6.838
EUTREP14	-Inf	0.004	393	0	6.48
EUTREP15	-1.73292038210826	0.386	197	1	3.324
EUTREP16	-0.487692139954532	0.666	424	5	7.011
EUTREP2	-1.43135552157352	0.024	834	5	13.485
EUTREP4	-Inf	0.022	301	0	5.014
EUTREP6	-Inf	1	13	0	0.205
EUTREP7	-0.671746266863223	0.684	279	3	4.779
EUTREP8	-Inf	0.044	269	0	4.427
EutTc1-N1	-Inf	0.936	61	0	0.965
EutTc1-N2	-1.62854031926276	0.452	197	1	3.092
FAM	-0.789388274739941	0	4362	41	70.862
FLAM_A	-0.304190796103457	0.006	15391	197	243.241
FLAM_C	0.161334889978104	0.016	25202	446	398.812
FordPrefect	-2.53156860881496	0.008	614	2	11.564
FordPrefect_a	-1.27112682678252	0.36	281	2	4.827
FRAM	-0.146236727430328	0.082	20741	299	330.897
GSAT	-Inf	0.164	39	0	2.489
GSATII	2.34739878240348	0.002	175	20	3.93
GSATX	-Inf	0.646	53	0	1.392
HAL1	-1.38634008579164	0	21741	150	392.122
HAL1b	-1.93971554402365	0	4461	20	76.726
HAL1M8	-1.38625914113335	0	2273	16	41.824
HAL1ME	-1.53695712781032	0	7554	44	127.68
Harlequin-int	1.54727572238864	0	590	45	15.397
hAT-1_Mam	-0.271937845215249	0.544	1483	21	25.356
hAT-16_Crp	-Inf	1	23	0	0.36
hAT-4b_Ther	-Inf	0.086	235	0	3.843
hAT-5_Mam	0.340556099620022	0.426	920	19	15.005
hAT-N1_Mam	-Inf	0.036	240	0	3.955
hAT-N1a_Mam	-1.36867523895181	0.114	473	3	7.747
Helitron1Na_Mam	-0.499527024215096	0.748	332	4	5.655
Helitron1Nb_Mam	-0.999759530786861	0.394	361	3	5.999
Helitron2Na_Mam	-1.237359760582	0.166	435	3	7.073
Helitron3Na_Mam	-1.24974871508357	0.014	1129	8	19.024
HERV-Fc1_LTR1	-Inf	1	17	0	0.265
HERV-Fc1_LTR2	4.10780328953452	0.114	3	1	0.058
HERV-Fc1_LTR3	-Inf	1	5	0	0.11
HERV-Fc1-int	2.22431729826094	0.402	6	1	0.214
HERV-Fc2_LTR	-Inf	1	4	0	0.065
HERV-Fc2-int	-Inf	1	5	0	0.209
HERV1_I-int	0.889859515080677	0.48	49	3	1.619
HERV1_LTRa	2.69899774396719	0.024	27	3	0.462
HERV1_LTRb	3.38082178394093	0.04	10	2	0.192
HERV1_LTRc	2.18442457113743	0.082	34	3	0.66
HERV1_LTRd	2.65744525452268	0.066	16	2	0.317
HERV1_LTRe	-Inf	1	34	0	0.536
HERV15-int	1.19759995988516	0.25	122	5	2.18
HERV16-int	-2.36168816291334	0	1930	7	35.978
HERV17-int	0.194982762836004	0.656	916	24	20.966
HERV3-int	-0.832484990287604	0.526	322	4	7.123
HERV30-int	0.57132159005177	0.682	72	3	2.019
HERV35I-int	-1.0496307677246	0.22	627	6	12.42
HERV4_I-int	-1.25882039687641	0.354	349	3	7.179
HERV9-int	-2.03749936666157	0.01	367	3	12.316
HERV9N-int	-Inf	0	229	0	6.562
HERV9NC-int	-1.15299460549244	0.138	257	4	8.895
HERVE_a-int	1.71101809459145	0	190	18	5.498
HERVE-int	2.42380770890658	0	284	44	8.2
HERVFH19-int	-0.43616183931445	1	114	2	2.706
HERVFH21-int	-1.72813820341893	0.572	132	1	3.313
HERVH-int	-0.468264710204626	0.048	5931	99	136.961
HERVH48-int	-0.329219294281113	1	124	3	3.769
HERVI-int	-Inf	0.246	88	0	2.578
HERVIP10B3-int	1.38857763188525	0.03	248	17	6.493
HERVIP10F-int	0.788198642816713	0.16	327	15	8.686
HERVIP10FH-int	0.630542822588232	0.268	439	15	9.689
HERVK-int	-Inf	0.008	258	0	7.025
HERVK11-int	1.06578007463881	0.09	286	14	6.688
HERVK11D-int	-0.430820496519772	1	43	1	1.348
HERVK13-int	-0.789937868980195	1	68	1	1.729
HERVK14-int	-1.14746952198919	0.372	440	4	8.861
HERVK14C-int	-0.0363274918177651	1	81	2	2.051
HERVK22-int	-0.39163026151743	0.724	449	8	10.495
HERVK3-int	1.54079649347337	0.002	368	23	7.905
HERVK9-int	0.413653176408303	0.33	722	25	18.768
HERVKC4-int	2.6298977321848	0.002	65	9	1.454
HERVL-int	-3.46943017931329	0	2403	6	66.459
HERVL18-int	-Inf	0.002	507	0	11.097
HERVL32-int	-Inf	0.382	137	0	2.59
HERVL40-int	-1.47208335581481	0.022	1398	9	24.968
HERVL66-int	-1.18650055764449	0.874	141	1	2.276
HERVL74-int	-2.84217431759439	0.128	393	1	7.171
HERVP71A-int	-1.59454854955035	0.284	254	2	6.04
HERVS71-int	0.477442007129563	0.518	188	8	5.746
HSAT4	-Inf	0.206	100	0	3.392
HSAT5	-Inf	0.474	279	0	3.465
HSAT6	-Inf	1	19	0	0.166
HSATI	0.783389931257558	0.764	60	1	0.581
HSMAR1	-2.88440255298369	0	725	2	14.768
HSMAR2	-3.18094347968678	0	1829	4	36.276
HUERS-P1-int	-1.24549566281992	0.128	530	5	11.855
HUERS-P2-int	-0.983069604050123	0.464	267	3	5.93
HUERS-P3-int	-2.45145291473627	0.014	790	3	16.409
HUERS-P3b-int	-3.45048545986112	0.014	538	1	10.932
HY1	0.124416502779747	0.88	461	8	7.339
HY3	-0.511468039275866	0.502	576	6	8.553
HY4	1.63991670408667	0.012	164	8	2.567
HY5	1.65744525452268	0.536	23	1	0.317
Kanga1	-1.19040415551497	0.088	818	6	13.693
Kanga11a	-1.07391813937164	0.07	895	7	14.736
Kanga1a	-2.88576957376769	0	852	2	14.782
Kanga1b	-Inf	0.008	382	0	6.707
Kanga1c	-2.17866153160078	0.004	834	3	13.582
Kanga1d	-0.68295847824451	0.286	686	7	11.238
Kanga2_a	-1.59125387455646	0.002	1568	9	27.118
L1HS	1.16177583219223	0	1642	79	35.31
L1M	-1.30135351887776	0.048	778	5	12.323
L1M1	-2.31498004255023	0	10162	45	223.919
L1M2	-2.17826845997165	0	9331	40	181.044
L1M2a	-2.37837289590703	0.032	459	2	10.399
L1M2a1	-Inf	0.172	128	0	3.047
L1M2b	-Inf	0.054	213	0	4.456
L1M2c	-3.27798474729977	0.012	452	1	9.7
L1M3	-1.37493374571877	0	7486	50	129.678
L1M3a	-1.60620531294249	0.066	673	4	12.178
L1M3b	-Inf	0	589	0	11.408
L1M3c	-0.921436330806298	0.1	1090	11	20.834
L1M3d	-Inf	0	532	0	10.036
L1M3de	-Inf	0.004	498	0	9.196
L1M3e	-2.98513606736801	0.006	811	2	15.836
L1M3f	-1.12319319719025	0.12	694	7	15.248
L1M4	-1.55217178216855	0	20797	127	372.438
L1M4a1	-2.19960810466592	0	2713	11	50.529
L1M4a2	-2.97654693984849	0	2113	5	39.355
L1M4b	-1.93125326141183	0	4399	22	83.905
L1M4c	-1.69406974685926	0	3723	22	71.185
L1M5	-1.5390456945282	0	46104	271	787.532
L1M6	-1.97735625455154	0	5437	24	94.505
L1M6B	-2.62912343840125	0.006	740	2	12.373
L1M7	-2.0933001327144	0	3102	13	55.474
L1M8	-2.18400819048782	0	1753	7	31.809
L1MA1	-2.93769205743609	0	4356	13	99.604
L1MA10	-1.74520659365292	0	5240	28	93.868
L1MA2	-2.2635018701509	0	7599	36	172.856
L1MA3	-2.09325592066642	0	9329	50	213.355
L1MA4	-1.9070696776708	0	10977	58	217.527
L1MA4A	-2.10522758436473	0	6355	32	137.685
L1MA5	-1.93822305100945	0	4601	24	91.976
L1MA5A	-2.63121013328055	0	3535	11	68.15
L1MA6	-1.92951676950477	0	5653	29	110.469
L1MA7	-2.28652460363355	0	8860	34	165.879
L1MA8	-2.75808993420181	0	11543	32	216.48
L1MA9	-2.46222836759083	0	17080	58	319.619
L1MB1	-2.84161799399224	0	6361	17	121.86
L1MB2	-1.95178728311396	0	9323	43	166.347
L1MB3	-1.32030166862136	0	18216	131	327.131
L1MB4	-1.35795109329095	0	9583	67	171.735
L1MB5	-1.30639009784375	0	10120	73	180.545
L1MB7	-1.09076550621607	0	23879	208	443.013
L1MB8	-1.15207062227077	0	17029	141	313.348
L1MC	-1.35402371230901	0	8093	54	138.037
L1MC1	-1.99196207946066	0	13334	67	266.511
L1MC2	-1.99109534729156	0	6531	31	123.237
L1MC3	-1.62719547022103	0	13567	84	259.486
L1MC4	-1.21917525611047	0	24233	184	428.377
L1MC4a	-1.25577145217554	0	10189	77	183.872
L1MC5	-0.736522479129922	0	14811	155	258.254
L1MC5a	-0.893273638540042	0	18323	171	317.613
L1MCa	-1.98563198319806	0	7351	36	142.573
L1MCb	-3.36225946576699	0	2184	4	41.134
L1MCc	-2.01754188888713	0	3320	15	60.734
L1MD	-1.63280948075452	0	8747	49	151.957
L1MD1	-2.19652582269911	0	7120	31	142.096
L1MD2	-1.56511656358155	0	11235	71	210.09
L1MD3	-1.21323617271564	0	5553	42	97.38
L1MDa	-2.0700353766013	0	7208	33	138.566
L1MDb	-3.20586165668497	0	1016	2	18.454
L1ME1	-1.73590537872087	0	32075	182	606.221
L1ME2	-1.32554665113533	0	13123	97	243.109
L1ME2z	-0.961562515611215	0	7469	67	130.477
L1ME3	-1.22308783881363	0	9350	72	168.081
L1ME3A	-1.3080211903093	0	16176	118	292.17
L1ME3B	-1.30390767820171	0	8464	61	150.607
L1ME3C	-1.63950027460998	0	3352	19	59.196
L1ME3Cz	-1.41074812818595	0	14582	96	255.24
L1ME3D	-1.33362686388725	0	4406	31	78.131
L1ME3E	-1.62409222742452	0	4645	27	83.227
L1ME3F	-1.78743246451687	0	4641	24	82.848
L1ME3G	-0.89462042959855	0	19078	174	323.487
L1ME4a	-1.2557885203314	0	29875	211	503.863
L1ME4b	-0.681321707852431	0	25168	268	429.767
L1ME4c	-0.890408673847535	0	9612	87	161.272
L1ME5	-1.34200945996998	0	3487	24	60.841
L1MEa	-Inf	0.014	368	0	6.726
L1MEb	-2.6552144225416	0	1753	5	31.497
L1MEc	-1.90237983366612	0	18334	92	343.923
L1MEd	-1.55053015418427	0	17206	105	307.571
L1MEf	-2.0840511778728	0	11747	52	220.478
L1MEg	-2.28446187588516	0	13699	51	248.463
L1MEg1	-3.17120682741814	0	1034	2	18.016
L1MEg2	-3.76404885418628	0.004	761	1	13.586
L1MEh	-1.51837611175088	0	3089	19	54.429
L1MEi	-2.05602552209239	0	5382	23	95.643
L1MEj	-3.40374490547906	0	2432	4	42.334
L1P	-1.30975827142464	0.584	170	1	2.479
L1P1	-2.14506601418589	0	3334	16	70.77
L1P2	-2.40343816300828	0	1647	8	42.325
L1P3	-3.63151176578643	0	3541	6	74.361
L1P3b	-Inf	0.444	88	0	1.673
L1P4	-2.44170819366379	0	3933	13	70.627
L1P4a	-2.1809965053246	0.01	592	3	13.604
L1P4b	-1.70531444108638	0.434	158	1	3.261
L1P4c	-0.957543200757105	1	107	1	1.942
L1P4d	-0.25902134332717	1	162	3	3.59
L1P4e	-Inf	0.06	199	0	4.112
L1P5	-1.38923638574894	0.028	809	5	13.097
L1PA10	-2.36647959057536	0	7337	32	165.018
L1PA11	-2.43929806979696	0	4243	18	97.628
L1PA12	-2.23958898284837	0	1835	8	37.781
L1PA13	-3.00933283840721	0	9214	25	201.298
L1PA14	-3.79364622373869	0	3079	5	69.338
L1PA15	-2.3720429810848	0	8639	38	196.716
L1PA15-16	-1.95997618092276	0	1519	9	35.015
L1PA16	-2.48723842622794	0	14511	55	308.387
L1PA17	-2.02964429006775	0	4850	24	97.993
L1PA2	1.45127509146176	0	5114	414	151.399
L1PA3	-0.368364828416177	0	11102	252	325.304
L1PA4	-2.39875651583712	0	12283	64	337.503
L1PA5	-2.55640111686138	0	11650	52	305.884
L1PA6	-2.89188575130039	0	6196	25	185.56
L1PA7	-3.07948726449363	0	13418	43	363.485
L1PA8	-2.67677515117339	0	8382	28	179.039
L1PA8A	-2.98952506741753	0	2467	8	63.537
L1PB	-2.82346405341863	0	1911	5	35.393
L1PB1	-2.25160956829217	0	13410	65	309.539
L1PB2	-2.82166486794322	0	2963	9	63.628
L1PB3	-1.99479692669139	0	3726	20	79.712
L1PB4	-1.83263929850585	0	7713	42	149.599
L1PBa	-2.04651792427256	0	2222	13	53.704
L1PBa1	-0.0520680472438745	1	468	12	12.441
L1PBb	-1.02998286621571	0.27	336	4	8.168
L1PREC2	-2.02934193500738	0	8315	43	175.534
L2	-0.65954583255017	0	55157	598	944.592
L2-1_AMi	-1.97673022067715	0	949	4	15.744
L2-1_Crp	1.5649048483799	0.304	42	2	0.676
L2-2_Mam	-0.806365306122455	0.258	557	5	8.744
L2-3_AMi	-Inf	1	11	0	0.169
L2-3_Crp	-1.31725582333906	0	1749	12	29.903
L2a	-0.494143878287117	0	170012	2057	2897.253
L2b	-0.357727961363797	0	93700	1211	1551.783
L2c	-0.431195703621454	0	129292	1600	2157.361
L2d	-0.611793126748528	0	28368	305	466.088
L2d2	-0.427794864873605	0	53617	648	871.674
L3	-0.847845672733239	0	46112	424	763.12
L3b	-0.940028594819681	0	9843	83	159.241
L4_A_Mam	-1.88253577007226	0	6659	31	114.304
L4_B_Mam	-1.34598982753446	0	3332	22	55.925
L4_C_Mam	-1.24946219687055	0	5094	36	85.591
L5	-3.61494536693687	0.004	745	1	12.252
LFSINE_Vert	-0.411929783930644	0.156	2331	28	37.253
Looper	-0.692427198089708	0.53	559	6	9.696
LOR1-int	-2.73487216825608	0	1421	4	26.628
LOR1a	-2.93762687657646	0	852	2	15.323
LOR1b	-2.30917618747851	0	1133	4	19.824
LSAU	0.513543044231269	0.788	143	2	1.401
LSU-rRNA_Hsa	0.00681735876573031	1	454	7	6.967
LTR06	-0.758729568457863	1	104	1	1.692
LTR1	-0.639386536481557	0.654	252	3	4.673
LTR101_Mam	-1.75780556125635	0.002	1176	6	20.291
LTR102_Mam	-0.656572641074561	0.468	528	6	9.458
LTR103_Mam	-1.61694576003866	0.02	762	4	12.269
LTR103b_Mam	-1.76708975562134	0.012	621	3	10.211
LTR104_Mam	-2.47642489431889	0	1986	6	33.391
LTR105_Mam	-3.54262951139388	0	682	1	11.653
LTR106_Mam	-2.52293456094346	0.01	664	2	11.495
LTR107_Mam	-1.85099939471647	0.092	427	2	7.215
LTR108a_Mam	-0.471967787661516	1	86	1	1.387
LTR108b_Mam	-Inf	0.964	54	0	0.892
LTR108c_Mam	-Inf	1	44	0	0.739
LTR108d_Mam	0.751465163861321	0.658	67	2	1.188
LTR108e_Mam	-1.64339445347989	0.442	182	1	3.124
LTR109A2	1.09850554495243	0.672	27	1	0.467
LTR10A	1.0183908600944	0.096	327	12	5.924
LTR10B	1.71311885221184	0.068	82	5	1.525
LTR10B1	1.85156871580606	0.002	171	11	3.048
LTR10B2	2.03800632257974	0	107	8	1.948
LTR10C	1.04295214518455	0.008	539	21	10.192
LTR10D	1.43353660073885	0.024	182	9	3.332
LTR10E	0.422752464406849	0.542	293	7	5.222
LTR10F	0.367224180540208	0.496	450	11	8.528
LTR10G	0.449427630959967	0.728	131	3	2.197
LTR12	-3.02697706628104	0	791	2	16.302
LTR12_	-3.41413553298445	0.002	557	1	10.66
LTR12B	-0.485426827170242	0.798	178	3	4.2
LTR12C	0.36459259914168	0.026	2781	93	72.232
LTR12D	-1.37823415521924	0.046	502	4	10.398
LTR12E	1.48715910079148	0.028	115	7	2.497
LTR12F	0.482472329662734	0.276	653	16	11.452
LTR13	0.433363418451759	0.34	524	15	11.108
LTR13_	0.992804498595796	0.558	48	2	1.005
LTR13A	0.740749037853168	0.292	210	7	4.189
LTR14	2.99835214711852	0	96	14	1.752
LTR14A	-Inf	0.152	144	0	2.43
LTR14B	-1.17504548611091	0.224	368	3	6.774
LTR14C	2.1373304107316	0	137	10	2.273
LTR15	0.273459385252887	0.746	311	6	4.964
LTR16	-2.4243577954487	0	3080	10	53.679
LTR16A	-1.58257527093268	0	4295	25	74.876
LTR16A1	-2.24074173121534	0	2734	10	47.264
LTR16A2	-1.5592915640492	0	1849	11	32.418
LTR16B	-3.6157693941541	0	702	1	12.259
LTR16B1	-2.40810042001969	0	1203	4	21.231
LTR16B2	-2.05420349751442	0	1681	7	29.072
LTR16C	-2.76562210414444	0	6765	17	115.607
LTR16D	-2.28481022253023	0	1137	4	19.492
LTR16D1	0.0973475288039183	0.992	214	4	3.739
LTR16D2	-Inf	0.018	314	0	5.421
LTR16E1	-3.1279303716824	0	2540	5	43.709
LTR16E2	-2.77789308380488	0	2368	6	41.151
LTR17	-0.768840667877417	0.1	855	10	17.039
LTR18A	-Inf	0.084	198	0	3.473
LTR18B	-1.79160572470455	0.102	371	2	6.924
LTR18C	-Inf	0.554	77	0	1.384
LTR19-int	0.651605689379659	0.456	229	7	4.456
LTR19A	-0.384234047270589	0.694	457	6	7.831
LTR19B	0.290415266825641	0.72	287	6	4.906
LTR19C	0.231074664436249	0.888	140	3	2.556
LTR1A1	-1.88537912855803	0.05	367	2	7.389
LTR1A2	-0.526486197766518	0.324	851	12	17.285
LTR1B	-Inf	0.004	349	0	7.124
LTR1B0	-Inf	0.306	92	0	1.874
LTR1B1	-1.86908175369993	0.292	174	1	3.653
LTR1C	-0.329984649758421	1	64	1	1.257
LTR1C1	-Inf	0.55	72	0	1.407
LTR1C3	-Inf	0.89	65	0	1.087
LTR1D	-2.74996325816927	0.028	306	1	6.727
LTR1D1	-Inf	0.012	310	0	6.414
LTR1E	-2.6585542606509	0.034	300	1	6.314
LTR1F	-Inf	0.142	136	0	2.855
LTR1F1	-Inf	0.02	234	0	4.62
LTR1F2	-Inf	0.114	137	0	2.857
LTR2	1.1403837720626	0	897	36	16.331
LTR21A	0.870387261869531	0.468	94	3	1.641
LTR21B	0.643856189774725	0.968	36	1	0.64
LTR21C	-Inf	1	22	0	0.408
LTR22	-Inf	0.442	109	0	1.569
LTR22A	0.968604803724466	0.208	170	6	3.066
LTR22B	-0.329984649758421	1	154	2	2.514
LTR22B1	-1.49876146567185	0.436	156	1	2.826
LTR22B2	1.49614246742257	0.314	39	2	0.709
LTR22C	-Inf	1	17	0	0.37
LTR22C0	-1.02005765234125	0.764	113	1	2.028
LTR22C2	-Inf	0.49	82	0	1.404
LTR22E	0.533242384273828	0.68	118	3	2.073
LTR23	0.717263679723658	0.07	878	24	14.598
LTR23-int	-1.7415748474188	0.536	203	1	3.344
LTR24	1.00815455653909	0.094	314	11	5.469
LTR24B	0.179333128854729	0.832	462	9	7.948
LTR24C	0.25390225631	0.748	377	8	6.709
LTR25	1.04505926491091	0.154	315	8	3.877
LTR25-int	-0.360395493235726	0.742	622	9	11.554
LTR26	-1.15094954147193	0.128	610	5	11.103
LTR26B	-1.27679440478926	0.734	137	1	2.423
LTR26C	0.0719771659074798	0.956	316	6	5.708
LTR26D	-2.03139519627553	0.29	229	1	4.088
LTR26E	1.13923579737117	0.214	124	5	2.27
LTR27	-1.6073895000244	0.108	322	2	6.094
LTR2752	-0.377401430785794	0.81	233	4	5.196
LTR27B	0.129207878534966	1	151	3	2.743
LTR27C	-Inf	0.214	119	0	2.408
LTR27D	-Inf	0.046	272	0	4.99
LTR27E	-0.582395427017358	0.744	222	3	4.492
LTR28	-Inf	0.11	140	0	2.964
LTR28B	-2.41521782488884	0.06	264	1	5.334
LTR28C	-2.25640685379425	0.114	228	1	4.778
LTR29	0.707498685225538	0.11	730	21	12.86
LTR2B	2.22881869049588	0	354	30	6.4
LTR2C	0.841088537212772	0.208	313	9	5.024
LTR3	0.698217275979047	0.55	97	3	1.849
LTR30	2.43245455235625	0	149	16	2.964
LTR31	-2.18142064028014	0.152	251	1	4.536
LTR32	-1.6009493404267	0.01	1235	7	21.234
LTR33	-1.9774541757918	0	9406	41	161.457
LTR33A	-2.65851617823927	0	2229	6	37.883
LTR33A_	-2.09891037020768	0	1779	7	29.987
LTR33B	-1.59385835373865	0	1635	9	27.167
LTR33C	-2.43687252654108	0	944	3	16.244
LTR34	0.867167285804276	0.196	271	9	4.934
LTR35	0.987788916049126	0.372	117	4	2.017
LTR35A	0.221791423601912	0.978	95	2	1.715
LTR35B	-0.804466642732778	0.732	206	2	3.493
LTR36	-0.0233736496265051	1	505	9	9.147
LTR37-int	-2.31961793420016	0	1395	5	24.96
LTR37A	-1.38583453182372	0	2029	13	33.972
LTR37B	-1.29605878879141	0.004	2097	14	34.378
LTR38	-Inf	0.04	258	0	4.928
LTR38-int	-Inf	0.404	116	0	2.09
LTR38A1	-Inf	0.152	164	0	2.848
LTR38B	-2.11270013274936	0.214	236	1	4.325
LTR38C	-1.19597745864259	0.79	132	1	2.291
LTR39	-0.674848004238352	0.192	1297	14	22.35
LTR39-int	-0.7211538870083	0.856	197	2	3.297
LTR3A	1.88141878098734	0	179	12	3.257
LTR3B	-Inf	0.49	90	0	1.461
LTR3B_	-2.29924465779607	0.178	276	1	4.922
LTR4	0.993283083785419	0.412	107	3	1.507
LTR40a	-2.59263642860658	0	2032	6	36.192
LTR40A1	-3.28525424255145	0.008	580	1	9.749
LTR40b	-0.590869141687878	0.224	1142	13	19.58
LTR40c	-0.635323226164684	0.35	610	7	10.873
LTR41	-2.76447355099267	0	1199	3	20.385
LTR41B	-0.596458139558986	0.352	868	10	15.12
LTR41C	-1.74394575188154	0.012	766	4	13.398
LTR42	0.174854032573088	0.848	338	7	6.201
LTR43	-0.183781398001396	0.966	470	7	7.951
LTR43-int	-1.63366369686663	0.746	182	1	3.103
LTR43B	-2.13060144979056	0.21	250	1	4.379
LTR44	-1.08644410868531	0.538	233	2	4.247
LTR45	-1.66357233541752	0.414	177	1	3.168
LTR45B	-0.563060482763873	0.532	448	5	7.387
LTR45C	-1.92010270703537	0.092	473	2	7.569
LTR46	2.16617886220942	0	260	20	4.456
LTR46-int	0.821763415395195	0.476	82	4	2.263
LTR47A	-0.586164245930909	0.386	696	8	12.01
LTR47A2	-2.33313745630767	0.126	287	1	5.039
LTR47B	0.358453970912476	0.972	43	1	0.78
LTR47B2	-1.64892555945312	0.394	175	1	3.136
LTR47B3	-Inf	0.386	122	0	2.04
LTR47B4	0.115597447016313	1	105	2	1.846
LTR48	-1.11078082275518	0.044	1009	8	17.277
LTR48B	-1.40014753720118	0.004	1026	7	18.475
LTR49	-0.493215841511731	0.25	1584	19	26.744
LTR49-int	-2.61427234255403	0	2333	7	42.862
LTR5	-Inf	1	25	0	0.418
LTR5_Hs	1.22878554071495	0	701	34	14.507
LTR50	-1.50458861462977	0	2597	16	45.399
LTR51	0.0551415541924609	1	416	8	7.7
LTR52	-1.43051467880991	0.004	1109	7	18.868
LTR52-int	-Inf	0.196	176	0	3.287
LTR53	-2.14763232682386	0.022	516	2	8.862
LTR53-int	-1.79202238753514	0.19	354	2	6.926
LTR53B	-1.8015725694636	0.326	198	1	3.486
LTR54	-0.694285910296215	0.19	1137	12	19.417
LTR54B	-0.741383088923014	0.204	884	9	15.046
LTR55	-1.31923254751672	0.182	425	3	7.486
LTR56	-0.112366523072563	0.946	1050	16	17.296
LTR57	0.352608732982128	0.67	282	6	4.699
LTR57-int	-1.8314719328477	0.15	387	2	7.118
LTR58	-Inf	0.758	76	0	1.316
LTR59	-1.05727696507325	0.834	116	1	2.081
LTR5A	-2.63598650374562	0.032	306	1	6.216
LTR5B	0.744348207216808	0.086	469	16	9.551
LTR60	-Inf	1	38	0	0.585
LTR60B	0.833284555033578	0.24	254	8	4.49
LTR61	0.706982727950492	0.45	200	5	3.063
LTR62	0.393084058174795	0.578	326	8	6.092
LTR64	-2.73357127092638	0.054	384	1	6.651
LTR65	0.547228873274641	0.342	477	12	8.212
LTR66	-1.73292038210826	0.142	435	2	6.648
LTR67B	-2.16951274396247	0	3787	14	62.982
LTR68	-1.61823865559545	0.136	356	2	6.14
LTR69	-Inf	0.202	147	0	2.598
LTR6A	0.169203834198658	0.898	329	6	5.336
LTR6B	1.40354186044101	0.032	163	8	3.024
LTR7	-0.221014152131766	0.39	2427	38	44.291
LTR70	-0.660837367696284	0.886	162	2	3.162
LTR71A	-0.591679416935737	0.852	170	2	3.014
LTR71B	0.366491289977895	0.626	251	6	4.654
LTR72	0.0805963501088843	1	161	3	2.837
LTR72B	-1.44890095114513	0.606	163	1	2.73
LTR73	-1.01506932171765	0.53	229	2	4.042
LTR75	0.878056266489599	0.128	311	10	5.441
LTR75_1	0.803392955905182	0.43	130	4	2.292
LTR75B	0.164480098613064	0.942	204	4	3.569
LTR76	0.215914857265243	0.866	207	4	3.444
LTR77	-Inf	0.316	105	0	1.978
LTR78	-2.51392862508511	0	4897	15	85.676
LTR78B	-2.99775692736605	0	3301	7	55.913
LTR79	-1.84943045231952	0	4095	19	68.468
LTR7B	0.573466861883327	0.144	888	23	15.456
LTR7C	1.863746103908	0.012	332	21	5.77
LTR7Y	1.13226164823731	0.052	258	10	4.562
LTR8	0.692343881421953	0	3504	105	64.979
LTR80A	-1.79742808215231	0.09	401	2	6.952
LTR80B	-1.54002726925751	0.098	513	3	8.724
LTR81	-2.49722912878761	0.126	336	1	5.646
LTR81A	-2.85549144310187	0	853	2	14.475
LTR81AB	-Inf	0.048	275	0	4.694
LTR81B	-1.49744813372782	0.006	1161	7	19.764
LTR81C	-2.06235200882598	0.006	739	3	12.53
LTR82A	-0.646162657157894	0.236	1049	12	18.78
LTR82B	-2.01335505866907	0.002	1162	5	20.186
LTR83	-1.09749843282397	0.13	736	6	12.839
LTR84a	-2.56059268700198	0.01	702	2	11.799
LTR84b	-0.896013451808361	0.054	1302	12	22.331
LTR85a	-1.65232586784077	0	1893	10	31.434
LTR85b	-2.76284486718946	0	1200	3	20.362
LTR85c	-1.69755143881627	0.002	1186	6	19.461
LTR86A1	-3.2404669873986	0.004	554	1	9.451
LTR86A2	-Inf	0.014	308	0	5.148
LTR86B1	-Inf	0.02	302	0	5.162
LTR86B2	-Inf	0.034	285	0	4.707
LTR86C	-Inf	0.018	301	0	5.216
LTR87	-3.62281324429721	0	718	1	12.319
LTR88a	-2.32778315747915	0	912	3	15.061
LTR88b	-1.19461241355865	0.002	1640	12	27.466
LTR88c	-1.51062440727657	0.008	1044	6	17.096
LTR89	-2.1948750225553	0.002	1101	4	18.314
LTR89B	-2.04520995855992	0.008	749	3	12.382
LTR8A	-0.405214416793202	0.322	1481	21	27.81
LTR8B	-0.578674237879213	0.156	1644	21	31.363
LTR9	-0.340087464006203	0.544	850	12	15.19
LTR90A	-1.73465543347901	0.114	407	2	6.656
LTR90B	-0.571919463245557	0.494	536	6	8.919
LTR91	-1.95377075231708	0	1592	7	27.117
LTR91A	-2.05675691879274	0	2468	10	41.605
LTR9A1	-1.1815796587472	0.152	491	4	9.073
LTR9B	-0.310689117519281	0.642	709	10	12.403
LTR9C	-0.106124940230738	1	172	3	3.229
LTR9D	-1.24326285963773	0.05	755	6	14.204
MADE1	-1.70566366890656	0	8005	38	123.948
MADE2	-0.935734030947994	0	2711	22	42.083
Mam_R4	-1.25731240568561	0.092	564	4	9.562
MamGyp-int	-2.00396196615242	0.028	695	3	12.033
MamGypLTR1a	-1.42192535700113	0.014	1103	7	18.756
MamGypLTR1b	-2.79486636742943	0	1224	3	20.819
MamGypLTR1c	-1.46713039551194	0.004	1168	7	19.353
MamGypLTR1d	-0.914892495694243	0.15	777	7	13.198
MamGypLTR2b	-2.87823487911234	0	879	2	14.705
MamGypLTR2c	-3.13274133671738	0	1055	2	17.542
MamGypLTR3	-0.488515008957812	0.514	680	8	11.224
MamGypLTR3a	-1.92953853555313	0	1350	6	22.856
MamGypLTR4	-2.5963388642052	0.004	724	2	12.095
MamGypsy2-I	-5.31936503580131	0	2302	1	39.929
MamGypsy2-LTR	-1.86066489476158	0.002	916	4	14.527
MamRep1151	-0.781375855476771	0.13	1278	13	22.344
MamRep137	-2.18561990969386	0	2500	9	40.943
MamRep1527	-2.46394935396903	0	1314	4	22.069
MamRep1879	0.610016542596809	0.034	1507	37	24.242
MamRep1894	-2.47196778766152	0.002	709	2	11.096
MamRep38	-3.55069548864762	0	2167	3	35.155
MamRep4096	-0.322742563317475	0.512	1282	17	21.262
MamRep434	-1.24057892638067	0	2142	15	35.444
MamRep488	0.610249650925038	0.228	503	12	7.861
MamRep564	-1.38283322920382	0.026	804	5	13.039
MamRep605	-1.49839677115264	0	3594	21	59.331
MamRep605b	-1.21752269325946	0	2391	17	39.533
MamRTE1	-1.10536256230205	0	9028	68	146.304
MamRTE2	-Inf	0.944	49	0	0.823
MamSINE1	-0.420916509202605	0.014	5945	72	96.392
MamTip1	-0.676944359106912	0.25	774	8	12.79
MamTip1b	-0.304705724360803	0.818	460	6	7.411
MamTip2	-0.947275106501755	0	5279	44	84.842
MamTip2b	-1.40261824002478	0	6841	42	111.04
MamTip3	-0.851417427587318	0.102	1176	11	19.847
MamTip3B	-1.46466826700344	0.04	836	5	13.8
MARE10	-Inf	0.638	81	0	1.269
MARE11	-Inf	1	13	0	0.211
MARE4	-2.29189819604668	0.084	312	1	4.897
MARE6	-1.63876894441695	0.44	187	1	3.114
MARE8	-1.79035501371084	0.314	218	1	3.459
MARE9	-Inf	1	29	0	0.35
MARNA	-0.808151619298347	0	3187	30	52.529
MER101	-0.351854439132379	0.85	370	5	6.381
MER101-int	-1.13796249006763	0.076	1253	10	22.007
MER101B	-1.22342254993494	0.4	269	2	4.67
MER102a	-0.654063132643982	0.006	3088	32	50.355
MER102b	-1.21485462009115	0	3205	23	53.387
MER102c	-1.04082231010734	0	3172	25	51.435
MER103C	-1.74690879826244	0	9080	44	147.681
MER104	-1.2674359195654	0	2260	15	36.11
MER105	-0.256769142761341	0.74	730	10	11.948
MER106A	-1.02951178211654	0.092	740	6	12.248
MER106B	-0.580574315530317	0.362	834	9	13.459
MER107	0.275536819936202	0.41	361	7	5.783
MER110	-1.16778609068598	0.068	802	6	13.48
MER110-int	-2.90900499815204	0.044	412	1	7.511
MER110A	-1.84692784756502	0.03	633	3	10.792
MER112	0.060397279643956	0.76	4569	78	74.802
MER113	-0.629518687580952	0.004	3816	41	63.429
MER113A	-0.435052467703442	0.174	2109	25	33.799
MER115	-1.55800634134426	0	2559	15	44.167
MER117	-2.47084718559827	0	4434	13	72.068
MER119	-0.782128945769431	0.12	1221	12	20.636
MER11A	0.235706113167895	0.48	992	26	22.081
MER11B	-0.429273753100692	0.468	562	9	12.119
MER11C	-2.31208426151475	0	885	4	19.864
MER11D	0.688884445324092	0.264	267	9	5.583
MER121	-3.9664304673063	0	941	1	15.632
MER121B	-Inf	0.654	70	0	1.144
MER123	-Inf	0.916	48	0	0.795
MER124	-1.67321719248624	0.016	765	4	12.757
MER125	-Inf	0.202	138	0	2.206
MER126	-2.21723071622067	0.142	276	1	4.65
MER127	-1.83632813392398	0.26	213	1	3.571
MER129	-1.09288396567848	0.748	125	1	2.133
MER130	-1.63412855752504	0.4	181	1	3.104
MER131	-0.675774880793377	0.108	1137	11	17.572
MER132	-Inf	1	37	0	0.564
MER133A	-Inf	0.862	54	0	0.879
MER133B	-Inf	1	41	0	0.621
MER134	-Inf	0.522	90	0	1.383
MER135	-1.74910514956946	0.008	822	4	13.446
MER136	-Inf	1	29	0	0.48
MER1A	-1.80643324264034	0	3307	17	59.462
MER1B	-0.350934703956099	0.046	5525	75	95.654
MER2	-1.00742553393828	0	9338	78	156.805
MER20	-0.571547121380633	0	17280	189	280.876
MER20B	-0.831330048022028	0.004	4240	40	71.173
MER21-int	-0.457751868727393	0.466	1094	15	20.601
MER21A	0.422636434619173	0.168	2062	50	37.303
MER21B	-0.433945528326727	0.114	2871	39	52.686
MER21C	-1.23408321675772	0	5724	44	103.502
MER2B	-1.28852731325867	0.004	2101	14	34.199
MER3	-0.719237708986779	0	11144	109	179.448
MER30	-0.659467937084786	0.006	4256	44	69.498
MER30B	-0.891419186846079	0.602	255	2	3.71
MER31-int	-1.0725860470686	0.11	1194	10	21.032
MER31A	0.844431484461383	0.006	1379	43	23.948
MER31B	-0.341850238372001	0.4	1525	21	26.615
MER33	-0.0573569555574462	0.718	9845	156	162.327
MER34	-0.842561159261333	0.042	1355	13	23.312
MER34-int	-0.340847077050414	0.872	423	6	7.599
MER34A	-0.873813198359087	0.038	1513	14	25.655
MER34A1	-1.48583896687905	0.036	804	5	14.004
MER34B	-1.99349322105842	0.016	668	3	11.946
MER34B-int	-0.490826814912832	0.654	641	8	11.242
MER34C	-0.772307974958403	0.748	206	2	3.416
MER34C_	-1.18738770708047	0.13	685	5	11.387
MER34C2	0.211453485203149	0.666	613	12	10.364
MER34D	-0.641854264328711	0.704	254	3	4.681
MER39	-0.447747487129345	0.082	3390	44	60.012
MER39B	0.84411794693521	0.004	1222	39	21.725
MER4-int	-0.958094272964233	0.008	3127	31	60.225
MER41-int	-0.587645021031097	0.214	1776	24	36.067
MER41A	0.0324248234639771	0.908	2640	49	47.911
MER41B	-0.121485167683486	0.706	2941	48	52.217
MER41C	1.20169326748265	0.002	863	34	14.782
MER41D	-0.218559776693189	0.92	488	7	8.145
MER41E	-0.695325744081574	0.55	365	4	6.477
MER41G	1.25773503295987	0.182	120	5	2.091
MER44A	-0.727214722440674	0.018	2404	25	41.386
MER44B	-0.735296120410947	0.024	2176	23	38.289
MER44C	-1.40524359722303	0.01	1126	8	21.189
MER44D	-0.221691513510904	0.804	657	10	11.661
MER45A	-1.19746283963242	0	3563	25	57.334
MER45B	-0.888065055626722	0.08	1331	13	24.059
MER45C	-0.593046382208452	0.258	1235	14	21.118
MER45R	-1.54361960839827	0.04	661	4	11.661
MER46C	-0.25872996184138	0.326	2870	40	47.857
MER47A	-1.10376138432062	0	2639	21	45.132
MER47B	-Inf	0	623	0	10.988
MER47C	-0.453941860410386	0.448	791	9	12.328
MER48	0.922171055737253	0.164	196	7	3.694
MER49	-0.419056256623073	0.36	1428	19	25.404
MER4A	-0.415938902020376	0.496	890	12	16.01
MER4A1	-0.244385663230087	0.406	2314	34	40.276
MER4A1_	-0.915520900751959	0.296	416	4	7.545
MER4B	-0.19413209059413	0.596	1788	28	32.033
MER4B-int	-1.60473556976118	0.006	1620	10	30.414
MER4C	0.381291487686213	0.414	697	16	12.284
MER4CL34	-0.454790048653843	0.434	933	12	16.447
MER4D	0.252283206472325	0.438	1373	30	25.187
MER4D0	-0.231958971520015	0.918	457	7	8.221
MER4D1	0.613640514923585	0.05	1595	44	28.756
MER4E	0.530843368000357	0.232	746	20	13.843
MER4E1	-0.832319265922973	0.1	1092	11	19.586
MER50	-0.944888423574854	0.002	2591	25	48.126
MER50-int	-0.98124379274435	0.274	555	6	11.845
MER50B	-0.887859447102783	0.14	700	7	12.953
MER50C	1.34831681936789	0.202	83	4	1.571
MER51-int	-1.32734245560982	0.156	621	5	12.547
MER51A	0.0198528041893217	0.996	955	18	17.754
MER51B	0.586976085183469	0.148	725	19	12.649
MER51C	1.02410782467949	0.2	192	7	3.442
MER51D	1.14294793516127	0.178	171	6	2.717
MER51E	0.187707155126729	0.794	242	5	4.39
MER52-int	-3.43815975549151	0.008	501	1	10.839
MER52A	-1.81093660005849	0	1465	10	35.087
MER52C	-0.44872478714944	0.598	399	6	8.189
MER52D	-0.864334740782428	0.168	664	8	14.564
MER53	-0.51023219856873	0.006	6020	68	96.851
MER54A	-1.4291070817805	0.04	774	5	13.464
MER54B	-0.415037499278844	0.708	438	6	8
MER57-int	-1.76415504010918	0.002	1366	8	27.174
MER57A-int	-3.22060082175943	0	1976	4	37.287
MER57A1	-0.449731148936852	0.306	1093	14	19.121
MER57B1	-1.3788286642485	0.006	1033	7	18.204
MER57B2	-0.838346736521231	0.064	1145	11	19.668
MER57C1	-1.70664105730941	0.382	195	1	3.264
MER57C2	-Inf	0.002	472	0	8.249
MER57D	-1.41232990691535	0.11	464	3	7.985
MER57E1	-3.12796337812358	0.01	512	1	8.742
MER57E2	-Inf	0.652	80	0	1.299
MER57E3	4.79516249738595	0	277	115	4.142
MER57F	-2.82639594759272	0.036	424	1	7.093
MER58A	-2.20814137297965	0	13824	49	226.419
MER58B	-0.416730456492987	0.018	7134	89	118.806
MER58C	-1.01768440778422	0	2642	21	42.518
MER58D	-0.642008357257123	0.156	1174	12	18.726
MER5A	-0.511981588585824	0	35585	399	568.977
MER5A1	-0.649230375061658	0	16237	166	260.343
MER5B	-0.587987734824627	0	25480	269	404.347
MER5C	-0.611455696584873	0.152	1374	15	22.917
MER5C1	-1.74502214903726	0.022	627	3	10.056
MER6	-1.60407132366886	0.028	826	5	15.2
MER61-int	-0.110084789934434	0.89	1202	24	25.903
MER61A	0.17513033710818	0.7	813	16	14.171
MER61B	0.272684575867513	0.706	435	9	7.45
MER61C	1.52855238362261	0.002	316	16	5.546
MER61D	1.09480316043744	0.076	269	10	4.682
MER61E	-0.932313192488425	0.418	320	3	5.725
MER61F	1.77694821163156	0.004	167	10	2.918
MER63A	-3.08306744986705	0	3616	7	59.319
MER63B	-2.54020444140044	0	2472	7	40.717
MER63C	-3.05476166962829	0	904	2	16.619
MER63D	-1.26533687212693	0.004	1752	12	28.846
MER65-int	-3.35353502147283	0.002	1092	2	20.443
MER65A	-0.757762900479513	0.08	1485	15	25.363
MER65B	-Inf	0.146	211	0	3.526
MER65C	-0.0902375520891932	1	700	11	11.71
MER65D	-0.746398766547143	0.476	525	5	8.388
MER66-int	-4.00117171377643	0.004	794	1	16.013
MER66A	-2.5457213111304	0.06	340	1	5.839
MER66B	-1.33382442669844	0.006	1486	10	25.207
MER66C	-0.809963153966156	0.254	603	6	10.519
MER66D	-Inf	0.048	249	0	4.354
MER67A	0.165423609207371	0.744	481	9	8.025
MER67B	-0.293958979028695	0.818	498	7	8.582
MER67C	-0.539630324684666	0.182	1703	20	29.072
MER67D	-1.8799409691262	0.002	1055	5	18.403
MER68	-2.76701910973141	0	1529	4	27.228
MER68-int	-Inf	0.022	402	0	6.783
MER68B	-1.49859128636869	0.084	475	3	8.477
MER68C	-1.49467161164755	0.518	165	1	2.818
MER6A	-3.21653246903068	0	1034	2	18.591
MER6B	-0.478583583734222	0.49	693	8	11.147
MER6C	-1.2097652659741	0.69	168	1	2.313
MER70-int	-Inf	0.086	263	0	5.227
MER70A	-0.959770155211467	0.178	542	5	9.725
MER70B	-2.10450440529959	0	995	4	17.202
MER70C	-2.26813492392489	0.106	279	1	4.817
MER72	-1.00236819708035	0.088	793	7	14.023
MER72B	-0.232660756790275	1	198	3	3.525
MER73	-1.39039254585427	0.284	288	2	5.243
MER74A	-2.04124298223188	0	1625	7	28.812
MER74B	-2.10173410760804	0.002	958	4	17.169
MER74C	-Inf	0.04	234	0	4.164
MER75	-2.1554254317472	0.03	485	2	8.91
MER75A	-Inf	0.504	92	0	1.357
MER75B	-Inf	0.356	124	0	2.052
MER76	-1.68201139080069	0.02	728	4	12.835
MER76-int	-Inf	0.302	155	0	2.923
MER77	-2.56955185108361	0	1373	4	23.745
MER77B	-2.96919654799175	0	1318	3	23.493
MER8	-1.23542072263744	0	2006	14	32.963
MER81	-1.02361021518265	0	3748	29	58.957
MER83	-1.59900033412144	0.064	516	3	9.088
MER83A-int	-Inf	0.44	105	0	2.2
MER83B	-Inf	0.2	150	0	2.581
MER83B-int	-Inf	0.034	277	0	5.373
MER83C	-Inf	0.17	156	0	2.6
MER84	0.90553870260856	0.116	364	12	6.406
MER84-int	-0.325961996171852	1	143	2	2.507
MER85	-1.07029118203328	0.032	929	7	14.699
MER87	-Inf	0.18	166	0	2.91
MER87B	-Inf	0.076	211	0	3.787
MER88	0.0101343771337131	1	113	2	1.986
MER89	-1.46362245685189	0.004	1436	9	24.822
MER89-int	-Inf	0.002	789	0	13.105
MER90	-1.32296646154965	0.056	727	5	12.509
MER90a	-0.371444065600527	0.428	1265	17	21.992
MER91A	-1.37870461302606	0	3694	23	59.808
MER91B	-1.56930879922929	0	1476	8	23.741
MER91C	-1.88641079016018	0	1665	7	25.88
MER92-int	-1.52773763202821	0.05	1020	6	17.3
MER92A	0.601102428797527	0.55	156	4	2.637
MER92B	0.552861657554132	0.156	832	21	14.315
MER92C	1.2764851241262	0.192	125	5	2.064
MER92D	-0.910732661902913	0.618	226	2	3.76
MER94	-1.36298412687395	0	4852	30	77.165
MER94B	0.133613496316563	0.84	634	11	10.027
MER95	-0.280362489973778	1	141	2	2.429
MER96	-0.882767529233804	0.046	1291	11	20.283
MER96B	-0.121999976895004	0.796	2245	33	35.912
MER97a	-1.34539637539127	0.352	280	2	5.082
MER97b	-Inf	0.18	181	0	3.341
MER97c	-0.967537536070858	0.646	211	2	3.911
MER97d	-Inf	0.296	138	0	2.563
MER99	-0.834846028218119	0.602	301	3	5.351
MER9a1	-1.77104041443678	0.066	351	2	6.826
MER9a2	-0.534310665009719	0.666	322	4	5.793
MER9a3	-1.89323275721801	0.01	595	3	11.144
MER9B	0.430508908041284	1	39	1	0.742
Merlin1_HS	-Inf	1	56	0	0.979
MERX	-1.27281948826211	0.196	442	3	7.249
MIR	-0.288534255126617	0	177613	2370	2894.715
MIR1_Amn	0.558012175102763	0	12053	278	188.828
MIR3	0.205853694089573	0	89786	1648	1428.858
MIRb	-0.202305836934613	0	228856	3229	3715.08
MIRc	-0.0553969918437065	0.154	103104	1593	1655.358
MLT-int	-0.834306702962908	0.408	417	4	7.132
MLT1-int	-Inf	0.068	267	0	4.602
MLT1A	-2.5489297694764	0	9313	27	158.004
MLT1A-int	-0.265265422222203	0.886	448	7	8.413
MLT1A0	-2.87111028925852	0	21288	50	365.814
MLT1A0-int	-2.63675994237504	0	953	3	18.658
MLT1A1	-4.09468246879657	0	6913	7	119.597
MLT1A1-int	-3.28968694280498	0.01	462	1	9.779
MLT1B	-2.32313759004295	0	18094	62	310.26
MLT1B-int	-1.78520177981905	0.094	567	3	10.34
MLT1C	-2.40508884578489	0	6716	22	116.527
MLT1C-int	-Inf	0.366	130	0	2.373
MLT1C2	-1.95112276949811	0	16393	73	282.273
MLT1C2-int	-3.04124298223188	0.016	436	1	8.232
MLT1D	-1.67516773094443	0	19733	108	344.905
MLT1D-int	-2.46492960112985	0.014	598	2	11.042
MLT1E	-4.01489084766028	0	922	1	16.166
MLT1E-int	-Inf	1	12	0	0.213
MLT1E1	-1.0598167185418	0.058	1065	9	18.762
MLT1E1-int	-Inf	1	45	0	0.659
MLT1E1A	-2.60340677160327	0	3422	10	60.772
MLT1E1A-int	-Inf	0.526	84	0	1.642
MLT1E2	-1.68968810575383	0	4091	23	74.195
MLT1E2-int	0.294538096855856	0.82	128	3	2.446
MLT1E3	-3.57175769893066	0	2066	3	35.672
MLT1E3-int	-Inf	0.762	74	0	1.269
MLT1F	-1.89913879367573	0	4411	21	78.328
MLT1F-int	-Inf	0	530	0	9.536
MLT1F1	-1.67779636412352	0	3329	18	57.589
MLT1F1-int	-1.600269753509	0.522	160	1	3.032
MLT1F2	-3.31579016026836	0	6215	11	109.533
MLT1F2-int	-Inf	0.03	327	0	5.636
MLT1G	-3.34118877247874	0	2894	5	50.672
MLT1G-int	-1.84197311892718	0.422	185	1	3.585
MLT1G1	-2.85616681289902	0	3680	9	65.168
MLT1G1-int	-Inf	0.026	299	0	5.706
MLT1G3	-2.61559285651096	0	2818	8	49.03
MLT1G3-int	-Inf	0.08	246	0	4.712
MLT1H	-2.60438221582412	0	10252	29	176.358
MLT1H-int	-3.91962611390861	0	836	1	15.133
MLT1H1	-3.21774033412665	0	3756	7	65.123
MLT1H1-int	-2.90110824301451	0.042	426	1	7.47
MLT1H2	-2.42585313647233	0	4849	15	80.602
MLT1H2-int	-Inf	0.016	354	0	6.542
MLT1I	-2.86143626080473	0	11268	26	188.952
MLT1I-int	-3.94026073406911	0	829	1	15.351
MLT1J	-1.88906764090563	0	15494	71	262.981
MLT1J-int	-3.07969099536688	0	1457	3	25.363
MLT1J1	-2.13565582946621	0	5003	19	83.493
MLT1J1-int	-Inf	0.004	476	0	8.716
MLT1J2	-3.29553937040683	0	6991	12	117.825
MLT1J2-int	-2.46871363587606	0.016	596	2	11.071
MLT1K	-1.80198160852845	0	17999	87	303.368
MLT1K-int	-0.815575428862572	0.72	208	2	3.52
MLT1L	-2.27770850530916	0	12248	42	203.661
MLT1L-int	-Inf	0.412	112	0	1.907
MLT1M	-1.37695711447773	0	2329	15	38.958
MLT1M-int	-Inf	1	1	0	0.021
MLT1N2	-2.41893951674784	0	5816	18	96.26
MLT1N2-int	-Inf	0.672	74	0	1.262
MLT1O	-2.3267911069644	0	5156	17	85.287
MLT1O-int	-Inf	1	12	0	0.212
MLT2A1	-5.00957112020228	0	3849	2	64.426
MLT2A2	-3.35938060482697	0	3928	7	71.841
MLT2B1	-3.32522449097614	0	4532	8	80.183
MLT2B2	-3.28813704646158	0	2229	4	39.074
MLT2B3	-2.19304384477332	0	3363	13	59.445
MLT2B4	-3.77996005778462	0	4762	6	82.42
MLT2B5	-Inf	0.004	383	0	6.531
MLT2C1	-2.17967027934743	0	2710	10	45.305
MLT2C2	-2.54547421084018	0	1378	4	23.352
MLT2D	-2.96236393150695	0	4584	10	77.94
MLT2E	-Inf	0.002	405	0	6.924
MLT2F	-2.50838639371023	0	1946	6	34.139
MSR1	2.80154142936332	0	445	53	7.602
MST-int	-Inf	0.054	235	0	4.247
MSTA	-3.21046269378591	0	20293	38	351.746
MSTA-int	-4.18800522119666	0	3304	4	72.908
MSTA1	-1.65931569785699	0.054	563	3	9.476
MSTA1-int	-Inf	1	29	0	0.629
MSTB	-3.35305034847549	0	8800	15	153.271
MSTB-int	-3.34596403034287	0	902	2	20.336
MSTB1	-3.26330154684759	0	4944	9	86.416
MSTB1-int	-Inf	0.042	231	0	4.862
MSTB2	-2.24311049714581	0	1621	6	28.405
MSTB2-int	-Inf	0.358	94	0	1.983
MSTC	-1.92577160661677	0	3291	15	56.991
MSTC-int	-1.18428029441938	0.432	210	2	4.545
MSTD	-2.2197426796212	0	7813	29	135.085
MSTD-int	-2.98895729629791	0	751	2	15.878
OldhAT1	-0.298637370362519	0.144	4404	56	68.879
ORSL	-0.0442542148741614	1	1252	20	20.623
ORSL-2a	-0.330214177249302	0.858	376	5	6.286
ORSL-2b	0.0032497211508154	1	733	12	11.973
PABL_A	-1.03238300531165	0.168	544	5	10.227
PABL_A-int	-0.645701658578835	0.528	459	6	9.387
PABL_B	-1.18734547423725	0.266	393	3	6.832
PABL_B-int	-Inf	0.022	265	0	5.769
Penelope1_Vert	-0.243587845850938	0.584	1123	15	17.759
Plat_L3	-0.856683751792882	0	3386	31	56.137
PRIMA4_LTR	0.121414773611627	0.874	349	7	6.435
PRIMA4-int	-1.08542465625268	0.292	443	4	8.488
PRIMA41-int	-0.613801038604619	0.534	511	7	10.712
PRIMAX-int	-Inf	0.79	78	0	1.313
PrimLTR79	-0.211635253327149	1	136	2	2.316
REP522	1.70671360608414	0.002	294	14	4.289
Ricksha	-Inf	0.008	431	0	8.432
Ricksha_0	-2.87656605875172	0.034	386	1	7.344
Ricksha_a	-Inf	0.9	57	0	1.02
Ricksha_b	-Inf	0.3	118	0	2.402
Ricksha_c	-Inf	0	1032	0	17.406
SAR	4.87832144341175	0	13	5	0.17
SATR1	-0.682981819236444	0.306	728	11	17.66
SATR2	-2.38942914345393	0.014	450	2	10.479
SST1	1.65534627979614	0.002	650	26	8.254
SSU-rRNA_Hsa	-Inf	0.458	90	0	1.466
SVA_A	0.455811393353029	0.116	1230	30	21.873
SVA_B	-1.11561593142811	0.032	839	8	17.335
SVA_C	-0.747479473836589	0.2	540	7	11.752
SVA_D	-0.571123407849488	0.068	1491	25	37.142
SVA_E	-0.825378603892931	0.15	704	7	12.404
SVA_F	0.543719518489275	0.094	1023	30	20.58
TAR1	4.66379503682806	0	155	51	2.012
THE1-int	-Inf	0.062	200	0	3.582
THE1A	-2.77686964818979	0	4308	11	75.39
THE1A-int	-5.20179066732609	0	1481	1	36.804
THE1B	-2.92946588495203	0	22924	53	403.769
THE1B-int	-4.38609355836741	0	4277	5	104.548
THE1C	-3.67092124570895	0	10046	14	178.314
THE1C-int	-3.46978831761895	0	1824	4	44.317
THE1D	-2.78648864677757	0	12935	33	227.683
THE1D-int	-3.84614225256317	0	2667	4	57.526
Tigger1	-2.35818110601832	0	12353	51	261.489
Tigger10	-1.1804950941115	0.012	1481	11	24.932
Tigger11a	-2.84197311892718	0.044	419	1	7.17
Tigger12	-1.10165007609443	0.052	910	7	15.022
Tigger12A	-0.81580961359499	0.212	748	7	12.322
Tigger12c	-2.25187054870193	0.004	865	3	14.289
Tigger13a	-1.87365573328134	0	3189	15	54.969
Tigger14a	-1.2531152519192	0.004	1312	9	21.452
Tigger15a	-0.272549152365259	0.168	4892	67	80.932
Tigger16a	-1.09804411790546	0	1822	14	29.969
Tigger16b	-0.849265386045118	0.036	1342	12	21.619
Tigger17	1.02180437031835	0.514	57	2	0.985
Tigger17a	-1.89060882057139	0	2457	12	44.495
Tigger17b	-Inf	0.45	94	0	1.728
Tigger17c	-0.527821022395033	0.672	347	4	5.767
Tigger17d	-1.52957110757389	0.188	336	2	5.774
Tigger18a	-1.01506932171765	0.05	1273	11	22.231
Tigger19a	-0.0220432658115174	0.97	3637	58	58.893
Tigger19b	-0.398423342452952	0.088	3685	45	59.313
Tigger1a_Art	0.0235630398261214	0.984	315	5	4.919
Tigger1a_Mars	-Inf	1	45	0	0.828
Tigger2	-2.22920335788675	0	2835	12	56.265
Tigger20a	-0.623367465009534	0.178	1378	15	23.107
Tigger21a	-0.609282179916569	0.912	173	2	3.051
Tigger22N1	-1.20273114652555	0.022	1102	8	18.414
Tigger23a	-1.6584019249725	0.034	580	3	9.47
Tigger2a	-2.72151848936079	0	3391	9	59.361
Tigger2b_Pri	-1.91322452933057	0	2191	10	37.665
Tigger3	-1.83444155317947	0	1166	6	21.398
Tigger3a	-1.17624677532484	0	5480	42	94.915
Tigger3b	-1.51837118039373	0	6456	43	123.181
Tigger3c	-1.03090103801042	0.004	2425	20	40.866
Tigger3d	-0.61191428162646	0.34	696	7	10.698
Tigger4	-1.80756100662918	0.002	1466	8	28.004
Tigger4a	-0.988848258668964	0	3595	30	59.538
Tigger4b	-0.853629772168385	0.006	2565	24	43.369
Tigger5	-3.20992119086384	0.008	545	1	9.253
Tigger5b	-0.423752160220635	0.172	2854	34	45.608
Tigger6	-Inf	0.08	256	0	4.104
Tigger6a	-1.67964899050217	0.036	699	4	12.814
Tigger6b	-Inf	0.116	179	0	3.172
Tigger7	-1.19173490936736	0.002	3017	22	50.254
Tigger8	-2.43935717847426	0.002	959	3	16.272
Tigger9a	-0.944858445807539	0.106	1043	9	17.325
Tigger9b	-2.17525844574535	0.004	774	3	13.55
tRNA-Ala-GCA	1.60384051092685	0.296	41	2	0.658
tRNA-Ala-GCG	3.95083394319612	0.002	11	3	0.194
tRNA-Ala-GCY	4	0	34	4	0.25
tRNA-Ala-GCY_	2.56734595732253	0	80	7	1.181
tRNA-Arg-AGA	2.76611193982572	0.014	40	4	0.588
tRNA-Arg-AGG	3.40608854255136	0.01	21	3	0.283
tRNA-Arg-CGA	4.21089678249862	0.01	8	2	0.108
tRNA-Arg-CGA_	5.01158797427521	0.062	2	1	0.031
tRNA-Arg-CGG	4.01741705307741	0	16	4	0.247
tRNA-Arg-CGY_	3.6338721012021	0	49	9	0.725
tRNA-Asn-AAC	4.23368210241492	0	53	13	0.691
tRNA-Asn-AAT	-Inf	1	2	0	0.011
tRNA-Asp-GAY	4.11778737810714	0	48	10	0.576
tRNA-Cys-TGY	1.72329065726913	0.026	138	7	2.12
tRNA-Gln-CAA	3.47794425083904	0.014	23	4	0.359
tRNA-Gln-CAA_	-Inf	1	34	0	0.529
tRNA-Gln-CAG	2.200912693926	0.006	85	6	1.305
tRNA-Glu-GAA	1.45997273074249	0.116	99	4	1.454
tRNA-Glu-GAG	-Inf	1	20	0	0.254
tRNA-Glu-GAG_	2.32089796628887	0.002	97	7	1.401
tRNA-Gly-GGA	2.44048099460865	0	109	9	1.658
tRNA-Gly-GGG	1.82623293226329	0.25	44	2	0.564
tRNA-Gly-GGY	3.46593839757888	0	37	6	0.543
tRNA-His-CAY	-Inf	1	1	0	0.01
tRNA-His-CAY_	3.58331464783967	0	53	7	0.584
tRNA-Ile-ATA	1.6229688233009	0.15	65	3	0.974
tRNA-Ile-ATC	-Inf	1	9	0	0.053
tRNA-Ile-ATT	2.84338765330236	0	55	6	0.836
tRNA-Leu-CTA	-Inf	1	2	0	0.031
tRNA-Leu-CTA_	3.04692104738749	0.2	7	1	0.121
tRNA-Leu-CTG	5.13796526004477	0	15	5	0.142
tRNA-Leu-CTY	3.99177949319503	0	30	7	0.44
tRNA-Leu-TTA	4.41119543298445	0	12	4	0.188
tRNA-Leu-TTA(m)	-Inf	1	27	0	0.417
tRNA-Leu-TTG	3.55979192498625	0	26	5	0.424
tRNA-Lys-AAA	3.73312352787181	0	51	10	0.752
tRNA-Lys-AAG	2.38207466725101	0.008	73	6	1.151
tRNA-Met	1.65972259523375	0.262	52	2	0.633
tRNA-Met_	2.01547140876244	0.076	47	3	0.742
tRNA-Met-i	2.92139016530363	0.002	45	5	0.66
tRNA-Phe-TTY	2.35951127769552	0	91	7	1.364
tRNA-Pro-CCA	5.78445451994753	0	9	7	0.127
tRNA-Pro-CCG	5.6681037360214	0	4	3	0.059
tRNA-Pro-CCY	5.01741705307741	0	17	8	0.247
tRNA-SeC(e)-TGA	4.18442457113743	0.11	3	1	0.055
tRNA-Ser-AGY	4.41119543298445	0	14	5	0.235
tRNA-Ser-TCA	6.64385618977472	0.02	1	1	0.01
tRNA-Ser-TCA_	4.10780328953452	0.114	4	1	0.058
tRNA-Ser-TCA(m)	-Inf	1	31	0	0.444
tRNA-Ser-TCG	5.42662547355406	0	7	4	0.093
tRNA-Ser-TCY	4.8542759694451	0	15	7	0.242
tRNA-Thr-ACA	3.608232280044	0	26	5	0.41
tRNA-Thr-ACG	6.01158797427521	0	2	2	0.031
tRNA-Thr-ACG_	3.31473259348316	0.034	12	2	0.201
tRNA-Thr-ACY	3.0350469470992	0.034	15	2	0.244
tRNA-Thr-ACY_	2.55639334852439	0.322	12	1	0.17
tRNA-Trp-TGG	4.74855356844142	0	13	5	0.186
tRNA-Tyr-TAC	3.80843734929924	0	37	8	0.571
tRNA-Tyr-TAT	-Inf	1	6	0	0.101
tRNA-Val-GTA	4.49817873457909	0	12	4	0.177
tRNA-Val-GTG	4.24605322791223	0	43	10	0.527
tRNA-Val-GTY	4.06233277302034	0	31	7	0.419
U1	2.8059129478837	0	223	23	3.289
U13	0.130260172557468	1	179	3	2.741
U13_	-1.25550073314839	0.29	316	2	4.775
U14	5.70274987882829	0	7	5	0.096
U17	3.81603716515741	0.026	9	2	0.142
U2	-0.160576033828114	0.786	1111	15	16.766
U3	-0.857980995127572	0.596	234	2	3.625
U4	0.963531832930708	0.234	161	5	2.564
U5	-Inf	0.06	214	0	3.427
U6	-0.618812904140236	0.056	1799	18	27.641
U7	0.371833000713676	0.674	250	5	3.864
U8	-Inf	1	34	0	0.512
UCON1	-Inf	0.036	245	0	3.898
UCON100	-Inf	1	19	0	0.289
UCON101	-1.76765479823735	0.276	208	1	3.405
UCON103	-Inf	1	14	0	0.23
UCON105	-1.81229284487327	0.012	642	3	10.536
UCON11	-Inf	0.932	45	0	0.76
UCON12	-Inf	0.772	59	0	0.95
UCON12A	-Inf	1	23	0	0.377
UCON14	-Inf	0.444	100	0	1.606
UCON15	-Inf	0.824	50	0	0.859
UCON16	-Inf	1	38	0	0.628
UCON17	-Inf	1	33	0	0.583
UCON18	-Inf	1	33	0	0.503
UCON19	-Inf	1	31	0	0.559
UCON2	0.390875448604854	0.848	138	3	2.288
UCON20	-Inf	0.95	43	0	0.729
UCON21	-Inf	1	29	0	0.484
UCON22	-Inf	1	38	0	0.612
UCON23	-Inf	1	31	0	0.507
UCON24	-Inf	1	22	0	0.348
UCON25	-Inf	0.932	50	0	0.757
UCON26	-0.783666180907829	0.652	207	2	3.443
UCON27	-Inf	0.382	102	0	1.71
UCON28a	-Inf	0.276	129	0	2.162
UCON28b	-Inf	0.542	75	0	1.286
UCON28c	-Inf	0.59	68	0	1.172
UCON29	-0.37591984396404	0.896	235	3	3.893
UCON31	-Inf	0.272	119	0	1.994
UCON33	-1.1833277060448	0.72	136	1	2.271
UCON34	-0.831877241191673	0.446	339	3	5.34
UCON35	-1.45575462218619	0.474	173	1	2.743
UCON37	-1.50436615061227	0.456	172	1	2.837
UCON38	0.26231323859014	0.882	208	4	3.335
UCON39	-Inf	0.342	107	0	1.753
UCON4	-1.17312743348066	0.712	138	1	2.255
UCON40	-0.986228880227399	0.568	245	2	3.962
UCON41	-1.66083736769628	0.044	575	3	9.486
UCON44	-0.257976116010765	0.936	360	5	5.979
UCON47	-1.32998464975842	0.548	154	1	2.514
UCON48	-1.73941609340103	0.342	194	1	3.339
UCON49	-0.859969548221026	0.9	109	1	1.815
UCON5	-Inf	0.286	123	0	1.922
UCON51	-Inf	0.936	44	0	0.74
UCON55	0.271644080585656	0.684	412	8	6.627
UCON56	-Inf	1	15	0	0.262
UCON57	-Inf	1	22	0	0.36
UCON58	-0.91532967601301	0.584	236	2	3.772
UCON59	-Inf	0.998	45	0	0.73
UCON6	-0.679874147746623	1	96	1	1.602
UCON60	-Inf	1	38	0	0.6
UCON61	-Inf	1	16	0	0.26
UCON62	-Inf	1	24	0	0.381
UCON63	-Inf	1	14	0	0.222
UCON64	-Inf	1	16	0	0.284
UCON65	-Inf	1	32	0	0.552
UCON66	-Inf	0.696	64	0	1.043
UCON67	-Inf	1	20	0	0.302
UCON68	-Inf	1	12	0	0.179
UCON69	-Inf	1	29	0	0.498
UCON7	-Inf	0.286	125	0	2.076
UCON70	0.0573916638883368	1	59	1	0.961
UCON71	-Inf	1	17	0	0.263
UCON71_Crp	-2.08576455377831	0.134	282	1	4.245
UCON73	-0.403449525003632	0.91	259	3	3.968
UCON75	-Inf	1	24	0	0.42
UCON76	-1.16800012451782	0.692	141	1	2.247
UCON78	0.722610301189136	0.388	180	5	3.03
UCON8	-1.81557542886257	0.252	207	1	3.52
UCON80	1.5929192245495	0.28	43	2	0.663
UCON80_AMi	-0.250961573533219	1	228	3	3.57
UCON81	-Inf	1	40	0	0.641
UCON83	-Inf	0.948	49	0	0.74
UCON84	-Inf	0.36	109	0	1.797
UCON85	1.23107466443625	0.71	28	1	0.426
UCON86	-Inf	0.64	70	0	1.132
UCON87	-Inf	1	6	0	0.111
UCON88	1.0439433475876	0.762	33	1	0.485
UCON89	1.87478975244149	0.098	50	3	0.818
UCON9	-Inf	0.932	49	0	0.767
UCON92	-Inf	1	19	0	0.316
UCON93	-Inf	1	27	0	0.406
UCON94	0.918660372548061	0.778	31	1	0.529
UCON96	-Inf	1	18	0	0.301
UCON97	0.739372091873301	0.916	40	1	0.599
UCON99	-Inf	0.852	56	0	0.853
X1_DNA	-0.959028218943694	0.236	710	6	11.664
X1_LINE	-Inf	0.472	83	0	1.454
X1_LR	-Inf	1	15	0	0.244
X10b_DNA	-0.0451633516032243	1	308	5	5.159
X11_DNA	-2.14567745519564	0.13	267	1	4.425
X12_DNA	-0.690704424567107	0.078	1379	14	22.597
X12_LINE	-0.275801701907672	1	227	3	3.632
X13_LINE	-Inf	0.198	148	0	2.42
X15_LINE	-0.353511497417275	0.902	243	3	3.833
X17_LINE	-0.795674606434974	0.094	965	9	15.623
X2_LINE	-Inf	0.072	188	0	3.169
X20_LINE	-1.3928669162308	0.528	162	1	2.626
X21_LINE	-Inf	0.938	47	0	0.771
X22_DNA	-Inf	1	25	0	0.4
X23_DNA	-Inf	0.738	60	0	1.005
X24_DNA	-Inf	0.002	457	0	7.288
X24_LINE	-1.16526881174756	0.138	568	4	8.971
X26_DNA	-1.01328358681842	0.048	971	8	16.148
X2a_DNA	-0.765322569725946	0.386	420	4	6.799
X2b_DNA	-0.558267634055736	0.914	192	2	2.945
X30_DNA	-3.64177721169212	0	765	1	12.482
X32_DNA	-Inf	0.008	327	0	5.413
X33a_DNA	-0.244887059123535	1	69	1	1.185
X34_DNA	-Inf	0.434	105	0	1.571
X4a_DNA	0.0320936297098533	1	182	3	2.934
X4b_DNA	-1.2313095160725	0.064	708	5	11.739
X5a_DNA	0.428997441123684	0.444	429	9	6.685
X5B_LINE	-0.199122642013601	1	75	1	1.148
X6a_DNA	-3.04631643148948	0	1005	2	16.522
X6A_LINE	-1.48851500895781	0.004	1055	6	16.836
X6b_DNA	-0.657822902652401	0.168	987	10	15.777
X6B_LINE	-1.24883840164025	0.032	891	6	14.259
X7A_LINE	-0.199122642013601	0.734	937	13	14.924
X7B_LINE	-1.10510333714958	0.026	940	7	15.058
X7C_LINE	0.00882739074727882	1	621	10	9.939
X7D_LINE	-Inf	0.878	58	0	0.836
X8_LINE	-1.84478735007906	0.234	231	1	3.592
X9_LINE	-0.369466483650723	0.624	670	8	10.335
X9a_DNA	-2.55311470811523	0	702	2	11.738
X9b_DNA	-2.33098856304375	0.008	606	2	10.063
Zaphod	-2.1725230739559	0	2330	9	40.573
Zaphod2	-1.854993016757	0.01	875	4	14.47
Zaphod3	-0.469747081979479	0.334	1235	15	20.773
Zaphod4a	-Inf	0.024	394	0	6.881
Zaphod5a	-0.391767719955997	1	80	1	1.312
Zaphod5b	0.686173703609602	0.734	74	2	1.243
