	log.enrich	pval	total	real.overlap	random.mean
(CATTC)n	0.426625473554056	0.918	64	1	0.744
(GAATG)n	-Inf	0.492	35	0	1.335
5S	0.465757256886712	0.366	1317	11	7.965
7SK	-1.29983076182237	0.29	762	2	4.924
7SLRNA	0.508719162877065	0.302	1428	13	9.137
ACRO1	1.75876996448455	0.316	86	2	0.591
ALR/Alpha	0.351580576687227	0	1700	120	94.047
Alu	0.734473088349806	0.002	8195	80	48.083
AluJb	0.190158278134769	0.002	121115	942	825.672
AluJo	0.194459435383388	0.02	47320	361	315.478
AluJr	-0.00290421412978916	1	117446	796	797.604
AluJr4	0.121726730861749	0.472	12658	92	84.556
AluSc	0.112587675322934	0.214	38726	290	268.229
AluSc5	-0.0219697732850304	1	4259	29	29.445
AluSc8	0.352621797795133	0	21085	188	147.234
AluSg	0.288868943975556	0	44393	379	310.228
AluSg4	0.445840417290932	0.004	12565	115	84.428
AluSg7	-0.258286317418351	0.328	6031	35	41.862
AluSp	0.285446354615908	0	67237	570	467.678
AluSq	0.278220552826946	0.064	12718	107	88.233
AluSq10	0.163402555819333	0.754	1575	12	10.715
AluSq2	0.216342569011974	0	53394	431	370.981
AluSq4	0.967991178160841	0.004	1683	23	11.758
AluSx	0.245423635545362	0	129556	1058	892.495
AluSx1	0.330706554477424	0	110941	973	773.678
AluSx3	0.175959568362002	0.03	40018	308	272.635
AluSx4	0.252861843953073	0.094	12119	100	83.923
AluSz	0.157987062688503	0	122105	950	851.461
AluSz6	0.0301018283227514	0.738	42260	299	292.826
AluY	0.467812686353647	0	101596	983	710.768
AluYa5	0.00723156923107605	1	3853	27	26.865
AluYa8	-0.285106251061254	1	405	2	2.437
AluYb8	-0.459131806699209	0.268	2715	14	19.246
AluYb9	0.168122758808327	1	383	3	2.67
AluYc	0.703625936197904	0.002	6889	74	45.438
AluYc3	0.0332004153727965	1	581	4	3.909
AluYd8	-0.65901117119815	1	229	1	1.579
AluYe5	0.265186937999572	0.616	1343	11	9.153
AluYe6	0.493093445419307	0.84	199	2	1.421
AluYf1	0.576201829604566	0.09	2082	22	14.756
AluYg6	0.0969617298870878	0.954	857	6	5.61
AluYh3	0.605093938495601	0.382	665	7	4.602
AluYh3a3	-Inf	0.724	161	0	1.101
AluYh7	0.428080536754443	0.674	502	4	2.973
AluYh9	1.54371951848927	0.178	178	3	1.029
AluYi6	-Inf	0.104	462	0	3.036
AluYi6_4d	-Inf	1	44	0	0.285
AluYj4	0.186960457195413	0.634	2913	22	19.326
AluYk11	0.735763848956453	0.664	176	2	1.201
AluYk12	-Inf	1	100	0	0.705
AluYk2	0.685624024058131	0	6900	76	47.252
AluYk3	0.403541860441014	0.052	6210	57	43.092
AluYk4	0.481419083700595	0.32	1117	11	7.879
AluYm1	0.714753829320223	0	4835	55	33.512
AmnSINE1	0.423719742378645	0.214	2633	22	16.401
AmnSINE2	0.281737023049067	0.78	671	5	4.113
Arthur1	-0.178619042533318	0.85	2360	15	16.977
Arthur1A	0.263419175816309	0.676	1183	9	7.498
Arthur1B	-0.447667351206017	0.454	2347	12	16.366
Arthur1C	1.06491747668134	0.08	727	10	4.78
Arthur2	-1.79243893006464	0.112	1016	2	6.928
BC200	0.87600279630809	0.148	707	8	4.359
BLACKJACK	-2.45680614923047	0.006	2162	3	16.47
BSR/Beta	-3.59502618406585	0.01	1956	1	12.084
CER	-Inf	0.188	86	0	2.196
Chap1_Mam	-0.685715935990652	0.786	498	2	3.217
Chap1a_Mam	0.0914176345211864	0.912	1431	10	9.386
Charlie1	0.101598140007807	0.86	1939	15	13.98
Charlie10	-0.66393660635517	0.528	1157	5	7.922
Charlie10a	-Inf	0.294	307	0	2.034
Charlie10b	-Inf	0.348	276	0	1.79
Charlie11	-Inf	1	113	0	0.805
Charlie12	-Inf	1	23	0	0.177
Charlie13a	0.263611599296539	0.798	561	5	4.165
Charlie13b	-1.50233060171601	0.488	408	1	2.833
Charlie14a	-Inf	0.12	521	0	3.311
Charlie15a	-0.126486034913214	0.794	3250	19	20.741
Charlie15b	-0.217399937385708	0.812	1942	11	12.789
Charlie16	-0.267985165784839	0.796	1476	8	9.633
Charlie16a	-0.218006150284427	0.868	1474	8	9.305
Charlie17	-0.352758525040637	1	550	3	3.831
Charlie17a	-1.96458346277686	0.028	1251	2	7.806
Charlie17b	-0.931683057059806	0.7	543	2	3.815
Charlie18a	-0.566217365951056	0.29	2509	11	16.287
Charlie19a	0.318741042163475	0.53	1620	13	10.423
Charlie1a	-0.8514325714322	0.014	5856	24	43.303
Charlie1b	0.0733104618224425	0.89	3087	22	20.91
Charlie20a	-0.996388746447621	0.404	891	3	5.985
Charlie21a	-0.447314700253176	0.832	772	4	5.454
Charlie22a	-0.327304127345293	0.834	1121	6	7.528
Charlie23a	0.033274231282193	1	1506	10	9.772
Charlie24	0.230397501766746	0.718	1289	10	8.524
Charlie25	0.141002290846299	0.856	1094	9	8.162
Charlie26a	-1.75274859140713	0.332	517	1	3.37
Charlie29a	-1.2014247597792	0.236	986	3	6.899
Charlie29b	-0.269332429734163	0.81	1465	8	9.642
Charlie2a	-0.873321062914816	0.174	2095	8	14.655
Charlie2b	-0.887469567154991	0.082	3743	14	25.899
Charlie3	-Inf	0.14	342	0	3.243
Charlie30a	-0.599317793698226	0.866	467	2	3.03
Charlie30b	-0.43722773891291	0.866	620	3	4.062
Charlie31a	-1.43855900692367	0.276	812	2	5.421
Charlie32a	-0.784085142734757	0.974	266	1	1.722
Charlie4	1.66609424320287	0	919	19	5.987
Charlie4a	-0.253953683228383	0.612	2908	17	20.272
Charlie4z	-0.00874351837209562	1	6037	38	38.231
Charlie5	-0.668531759486285	0.272	2609	11	17.484
Charlie6	-Inf	0.492	264	0	2.17
Charlie7	-1.20997316208238	0.014	3983	12	27.76
Charlie7a	-0.928578776207605	0.22	1465	5	9.517
Charlie7b_Mars	-Inf	1	58	0	0.398
Charlie8	0.187079024583405	0.542	4420	34	29.865
Charlie9	-0.129283016944966	1	1322	8	8.75
Cheshire	-0.630032633893767	0.55	1037	5	7.738
Chompy-6_Croc	-Inf	1	14	0	0.091
Chompy-7_Croc	-Inf	1	17	0	0.083
CR1_Mam	-0.363762926457169	0.586	1729	9	11.581
CR1-1_Amn	-Inf	1	66	0	0.391
CR1-11_Crp	-Inf	1	24	0	0.143
CR1-12_AMi	-Inf	0.758	132	0	0.942
CR1-13_AMi	0.577766999316952	0.96	102	1	0.67
CR1-16_AMi	-1.09017594979021	0.752	309	1	2.129
CR1-3_Croc	-1.1525079483649	0.138	1348	4	8.892
CR1-8_Crp	-Inf	1	5	0	0.028
CR1-L3A_Croc	-0.981121989794311	0.82	320	1	1.974
CR1-L3B_Croc	-Inf	1	38	0	0.227
CRP1	-Inf	1	6	0	0.039
D20S16	1.1366958406572	0.37	388	5	2.274
DNA1_Mam	-Inf	0.798	172	0	1.128
ERV24_Prim-int	0.774725070130431	0.376	435	6	3.507
ERV24B_Prim-int	0.293358942690592	0.77	379	4	3.264
ERV3-16A3_I-int	-2.00409041922926	0	6685	14	56.159
ERV3-16A3_LTR	-0.331896263978598	0.792	1117	6	7.552
ERVL-B4-int	-3.55781850797279	0	4138	3	35.329
ERVL-E-int	-1.83080292503889	0	9119	20	71.147
ERVL-int	-2.76998326260455	0.056	831	1	6.821
ERVL47-int	-Inf	0.452	211	0	1.972
Eulor1	-Inf	1	85	0	0.507
Eulor10	-Inf	1	39	0	0.241
Eulor11	0.492078535042672	0.964	103	1	0.711
Eulor12	-Inf	1	57	0	0.359
Eulor2A	-Inf	1	68	0	0.431
Eulor2B	-Inf	1	58	0	0.36
Eulor2C	-Inf	1	40	0	0.285
Eulor3	-Inf	1	38	0	0.262
Eulor4	-Inf	1	32	0	0.228
Eulor5A	-Inf	0.908	126	0	0.802
Eulor5B	-Inf	1	43	0	0.262
Eulor6A	-Inf	1	30	0	0.178
Eulor6B	-Inf	1	63	0	0.394
Eulor6C	-Inf	1	21	0	0.126
Eulor6D	1.02326977932285	0.762	77	1	0.492
Eulor6E	-Inf	1	31	0	0.205
Eulor7	-Inf	1	12	0	0.065
Eulor8	-Inf	0.746	145	0	1.038
Eulor9A	-Inf	0.952	125	0	0.827
Eulor9B	-Inf	1	30	0	0.193
Eulor9C	-Inf	1	106	0	0.632
EuthAT-2	-2.08814159686902	0.112	1166	2	8.504
EuthAT-N1	0.857259827883918	0.832	82	1	0.552
EuthAT-N1a	-Inf	1	51	0	0.333
Eutr10	-1.19135208439506	0.306	996	3	6.851
Eutr11	-1.07450543636363	0.536	620	2	4.212
Eutr15	-Inf	0.054	659	0	4.454
Eutr16	0.77595972578207	0.334	524	6	3.504
Eutr18	0.647080090649011	0.356	682	7	4.47
Eutr2	-Inf	0.544	232	0	1.489
Eutr2B	-1.4276061727819	0.64	441	1	2.69
Eutr5	-1.46205231879643	0.58	411	1	2.755
EUTREP14	-1.34482849699744	0.578	393	1	2.54
EUTREP15	0.516635639286651	0.764	197	2	1.398
EUTREP16	-0.455228571117139	0.998	424	2	2.742
EUTREP2	-0.113433802604048	1	834	5	5.409
EUTREP4	-Inf	0.3	301	0	2.02
EUTREP6	-Inf	1	13	0	0.087
EUTREP7	-0.973794929652606	0.918	279	1	1.964
EUTREP8	-Inf	0.404	269	0	1.748
EutTc1-N1	-Inf	1	61	0	0.387
EutTc1-N2	-Inf	0.666	197	0	1.207
FAM	-0.6421110767332	0.09	4362	18	28.091
FLAM_A	-0.0316955137355352	0.876	15391	94	96.088
FLAM_C	0.356805753992104	0	25202	203	158.521
FordPrefect	-Inf	0.044	614	0	4.875
FordPrefect_a	1.0343080507753	0.336	281	4	1.953
FRAM	0.0736704830460688	0.594	20741	138	131.13
GSAT	-Inf	0.594	39	0	1.24
GSATII	-Inf	0.628	175	0	1.783
GSATX	-Inf	1	53	0	0.674
HAL1	-0.286612364361042	0.088	21741	132	161.01
HAL1b	-1.05621355912703	0.016	4461	15	31.192
HAL1M8	-0.393373955261636	0.528	2273	13	17.075
HAL1ME	-1.60805778825664	0	7554	17	51.823
Harlequin-int	2.10283703664117	0	590	30	6.984
hAT-1_Mam	0.84752620917753	0.096	1483	19	10.559
hAT-16_Crp	-Inf	1	23	0	0.153
hAT-4b_Ther	-Inf	0.508	235	0	1.678
hAT-5_Mam	-0.0200576523412534	1	920	6	6.084
hAT-N1_Mam	0.328253733136777	0.916	240	2	1.593
hAT-N1a_Mam	-1.66083736769628	0.38	473	1	3.162
Helitron1Na_Mam	-Inf	0.328	332	0	2.189
Helitron1Nb_Mam	0.704864750999182	0.504	361	4	2.454
Helitron2Na_Mam	-1.46727948045998	0.526	435	1	2.765
Helitron3Na_Mam	-0.600269753509005	0.568	1129	5	7.58
HERV-Fc1_LTR1	-Inf	1	17	0	0.107
HERV-Fc1_LTR2	4.87832144341175	0.068	3	1	0.034
HERV-Fc1_LTR3	4.608232280044	0.082	5	1	0.041
HERV-Fc1-int	-Inf	1	6	0	0.096
HERV-Fc2_LTR	-Inf	1	4	0	0.03
HERV-Fc2-int	-Inf	1	5	0	0.112
HERV1_I-int	1.94712044039705	0.146	49	3	0.778
HERV1_LTRa	2.34373246520571	0.36	27	1	0.197
HERV1_LTRb	-Inf	1	10	0	0.066
HERV1_LTRc	3.45271470242272	0.004	34	3	0.274
HERV1_LTRd	2.94341647163363	0.252	16	1	0.13
HERV1_LTRe	2.46593839757888	0.322	34	1	0.181
HERV15-int	-0.0758748669751276	1	122	1	1.054
HERV16-int	-2.89753087184781	0	1930	2	14.903
HERV17-int	-0.232200248713516	0.902	916	8	9.397
HERV3-int	0.325991391382775	0.75	322	4	3.191
HERV30-int	2.14880066140671	0.084	72	4	0.902
HERV35I-int	0.185791406901333	0.808	627	6	5.275
HERV4_I-int	0.00868224309980077	1	349	3	2.982
HERV9-int	-1.52381283772722	0.18	367	2	5.751
HERV9N-int	-1.55090066464752	0.534	229	1	2.93
HERV9NC-int	-2.0727918181067	0.178	257	1	4.207
HERVE_a-int	2.15200309344505	0	190	11	2.475
HERVE-int	2.84300421275767	0	284	27	3.763
HERVFH19-int	-Inf	0.78	114	0	1.13
HERVFH21-int	0.482976327935419	0.736	132	2	1.431
HERVH-int	-0.0284013314478472	0.968	5931	59	60.173
HERVH48-int	0.233616858998702	0.928	124	2	1.701
HERVI-int	-0.272620454662992	1	88	1	1.208
HERVIP10B3-int	1.67730267286787	0.04	248	9	2.814
HERVIP10F-int	2.05139915250664	0	327	16	3.86
HERVIP10FH-int	1.69732582925824	0.012	439	14	4.317
HERVK-int	-Inf	0.122	258	0	3.343
HERVK11-int	-0.59598097896562	0.942	286	2	3.023
HERVK11D-int	2.22431729826094	0.094	43	3	0.642
HERVK13-int	-Inf	1	68	0	0.77
HERVK14-int	-1.97158953553006	0.428	440	1	3.922
HERVK14C-int	0.0831412353002459	1	81	1	0.944
HERVK22-int	-Inf	0.056	449	0	4.695
HERVK3-int	2.32532667134923	0.002	368	17	3.392
HERVK9-int	-2.04893364519792	0.082	722	2	8.276
HERVKC4-int	2.17570735403632	0.092	65	3	0.664
HERVL-int	-4.93757979967966	0	2403	1	30.645
HERVL18-int	-Inf	0.154	507	0	4.688
HERVL32-int	-Inf	0.95	137	0	1.024
HERVL40-int	-0.379343707314605	0.734	1398	8	10.406
HERVL66-int	0.0130430374755988	1	141	1	0.991
HERVL74-int	-Inf	0.322	393	0	2.919
HERVP71A-int	-0.455228571117139	1	254	2	2.742
HERVS71-int	-1.48542682717024	0.586	188	1	2.8
HSAT4	-Inf	0.6	100	0	1.571
HSAT5	-Inf	1	279	0	1.372
HSAT6	-Inf	1	19	0	0.07
HSATI	1.77102743023984	0.43	60	1	0.293
HSMAR1	-2.63296612490967	0.054	725	1	6.203
HSMAR2	-1.93253367488182	0.014	1829	4	15.269
HUERS-P1-int	-0.0723116400224264	1	530	5	5.257
HUERS-P2-int	0.219829907268626	0.894	267	3	2.576
HUERS-P3-int	-1.25378761761198	0.352	790	3	7.154
HUERS-P3b-int	-0.699551632523089	0.77	538	3	4.872
HY1	0.403064857612768	0.678	461	4	3.025
HY3	-1.68481873755322	0.362	576	1	3.215
HY4	1.50225991139091	0.192	164	3	1.059
HY5	-Inf	1	23	0	0.148
Kanga1	-0.893750501720566	0.454	818	3	5.574
Kanga11a	-0.610700062134764	0.62	895	4	6.108
Kanga1a	-1.5457213111304	0.218	852	2	5.839
Kanga1b	-1.40053792958373	0.656	382	1	2.64
Kanga1c	-0.82971427970573	0.488	834	3	5.332
Kanga1d	-0.584962500721156	0.764	686	3	4.5
Kanga2_a	-0.652732318059228	0.424	1568	7	11.005
L1HS	-0.765365007549805	0.126	1642	10	16.998
L1M	-0.64984535230601	0.668	778	3	4.707
L1M1	-1.96092681443519	0	10162	25	97.328
L1M2	-1.92730863956317	0	9331	20	76.069
L1M2a	-1.22434903720271	0.484	459	2	4.673
L1M2a1	-Inf	0.75	128	0	1.232
L1M2b	-Inf	0.384	213	0	1.917
L1M2c	-2.09186905530185	0.292	452	1	4.263
L1M3	-1.63923216324928	0	7486	17	52.955
L1M3a	-2.33514020631421	0.234	673	1	5.046
L1M3b	-2.30392683648069	0.194	589	1	4.938
L1M3c	-0.858856296191336	0.368	1090	5	9.068
L1M3d	-Inf	0.092	532	0	4.274
L1M3de	-Inf	0.112	498	0	3.854
L1M3e	-2.79784306706554	0.066	811	1	6.954
L1M3f	-2.71501474991089	0.07	694	1	6.566
L1M4	-1.29442586760983	0	20797	63	154.526
L1M4a1	-1.81557542886257	0	2713	6	21.12
L1M4a2	-1.01996872608974	0.088	2113	8	16.223
L1M4b	-1.45377081244725	0	4399	13	35.61
L1M4c	-2.60160144283495	0	3723	5	30.348
L1M5	-1.17444242986314	0	46104	142	320.502
L1M6	-1.26951945026059	0	5437	16	38.573
L1M6B	-2.32854927500974	0.144	740	1	5.023
L1M7	-1.70170746430429	0.004	3102	7	22.77
L1M8	-2.71841642832791	0.006	1753	2	13.163
L1MA1	-2.86172382641699	0	4356	6	43.613
L1MA10	-1.80172305397827	0	5240	11	38.35
L1MA2	-1.78815416340576	0	7599	22	75.982
L1MA3	-1.47734763867217	0	9329	33	91.884
L1MA4	-2.7107552768823	0	10977	14	91.653
L1MA4A	-2.7208621387685	0	6355	9	59.334
L1MA5	-1.69669866162485	0	4601	12	38.899
L1MA5A	-1.52521696940832	0	3535	10	28.783
L1MA6	-1.45228533775367	0.002	5653	17	46.519
L1MA7	-1.63902162767198	0	8860	22	68.52
L1MA8	-2.0517517499873	0	11543	22	91.214
L1MA9	-2.21251567215161	0	17080	29	134.41
L1MB1	-1.67171796512923	0	6361	16	50.975
L1MB2	-1.52984176448875	0	9323	24	69.301
L1MB3	-0.861590179157305	0	18216	75	136.278
L1MB4	-1.1891766988274	0	9583	31	70.687
L1MB5	-0.616357696996691	0.022	10120	49	75.117
L1MB7	-0.586728622933349	0	23879	123	184.726
L1MB8	-0.456347598694021	0.016	17029	94	128.974
L1MC	-0.732409675514766	0.008	8093	34	56.488
L1MC1	-1.17409956550938	0	13334	50	112.826
L1MC2	-1.52160916347689	0	6531	18	51.68
L1MC3	-1.08335740140787	0	13567	52	110.186
L1MC4	-0.97587471086461	0	24233	90	177.015
L1MC4a	-0.931853220751109	0.002	10189	40	76.309
L1MC5	-0.590420663927677	0.008	14811	70	105.398
L1MC5a	-0.554131135001703	0.004	18323	88	129.209
L1MCa	-0.409538518874354	0.176	7351	46	61.1
L1MCb	-0.970771866589058	0.11	2184	9	17.639
L1MCc	-1.206586397	0.03	3320	11	25.387
L1MD	-2.28300997259903	0	8747	13	63.27
L1MD1	-1.65148983523149	0	7120	19	59.69
L1MD2	-0.980806361578019	0	11235	44	86.837
L1MD3	-0.56143928989368	0.084	5553	27	39.845
L1MDa	-1.26756076661419	0	7208	24	57.781
L1MDb	-1.31961793420016	0.266	1016	3	7.488
L1ME1	-1.37839720991128	0	32075	97	252.18
L1ME2	-1.16379926244559	0	13123	45	100.821
L1ME2z	-1.10883888821261	0	7469	25	53.918
L1ME3	-1.01153773366724	0.002	9350	34	68.546
L1ME3A	-0.669432630554384	0.004	16176	76	120.874
L1ME3B	-1.48818778772397	0	8464	22	61.718
L1ME3C	-0.903512957964818	0.058	3352	13	24.318
L1ME3Cz	-1.202818196929	0	14582	45	103.585
L1ME3D	-1.84590258879888	0	4406	9	32.353
L1ME3E	-0.702509794397911	0.092	4645	21	34.174
L1ME3F	-1.39058303277743	0	4641	13	34.084
L1ME3G	-0.594471674050979	0.002	19078	87	131.363
L1ME4a	-0.508899962813331	0	29875	142	202.061
L1ME4b	-0.631586597170567	0	25168	112	173.518
L1ME4c	-0.591367694698323	0.008	9612	43	64.787
L1ME5	-2.03239476087017	0	3487	6	24.545
L1MEa	-Inf	0.252	368	0	2.758
L1MEb	-0.901604782355463	0.23	1753	7	13.077
L1MEc	-0.966350645737124	0	18334	74	144.588
L1MEd	-1.15515838331845	0	17206	57	126.944
L1MEf	-1.35678549146644	0	11747	36	92.201
L1MEg	-2.14843900143109	0	13699	23	101.97
L1MEg1	-1.89878879711155	0.144	1034	2	7.458
L1MEg2	-2.43189034828618	0.182	761	1	5.396
L1MEh	-0.860234481660553	0.106	3089	12	21.784
L1MEi	-1.18512029155571	0.002	5382	17	38.655
L1MEj	-Inf	0	2432	0	17.014
L1P	-Inf	0.788	170	0	0.971
L1P1	-3.94584176633241	0	3334	2	30.821
L1P2	-Inf	0	1647	0	19.011
L1P3	-1.52073081339574	0.002	3541	11	31.563
L1P3b	-Inf	1	88	0	0.672
L1P4	-1.71833117957796	0	3933	9	29.615
L1P4a	-2.52306006179525	0.094	592	1	5.748
L1P4b	0.480961390399941	0.812	158	2	1.433
L1P4c	-Inf	1	107	0	0.878
L1P4d	0.287184145562628	0.884	162	2	1.639
L1P4e	-0.823749360308273	1	199	1	1.77
L1P5	-Inf	0.012	809	0	5.237
L1PA10	-2.57899907563982	0	7337	12	71.703
L1PA11	-2.08688564778759	0	4243	10	42.483
L1PA12	-2.04553034063498	0.006	1835	4	16.513
L1PA13	-3.62927334523524	0	9214	7	86.62
L1PA14	-1.73016894280233	0	3079	9	29.859
L1PA15	-3.4262815301283	0	8639	8	86.001
L1PA15-16	-1.37777158987465	0.036	1519	6	15.592
L1PA16	-2.35712969060593	0	14511	26	133.211
L1PA17	-4.39324457161056	0	4850	2	42.027
L1PA2	-0.929012999636084	0	5114	37	70.447
L1PA3	-2.14297076350807	0	11102	34	150.168
L1PA4	-3.09138013999285	0	12283	18	153.416
L1PA5	-2.86799007490919	0	11650	19	138.709
L1PA6	-3.24231456482109	0	6196	9	85.168
L1PA7	-3.77900576408044	0	13418	12	164.731
L1PA8	-2.47706667082132	0	8382	14	77.947
L1PA8A	-3.25846867322517	0	2467	3	28.709
L1PB	-2.2910141014173	0.002	1911	3	14.682
L1PB1	-1.96098822278893	0	13410	35	136.265
L1PB2	-1.62152444367146	0	2963	9	27.693
L1PB3	-1.93625578684963	0	3726	9	34.444
L1PB4	-2.06812045252924	0	7713	15	62.901
L1PBa	-0.575735878629591	0.218	2222	16	23.847
L1PBa1	0.668103736021402	0.286	468	9	5.664
L1PBb	-0.801158656093699	0.718	336	2	3.485
L1PREC2	-2.24921776871517	0	8315	16	76.068
L2	-0.430031676715998	0	55157	285	383.97
L2-1_AMi	0.675074215944679	0.18	949	10	6.263
L2-1_Crp	1.83650126771712	0.48	42	1	0.28
L2-2_Mam	-0.190720201017904	1	557	3	3.424
L2-3_AMi	-Inf	1	11	0	0.064
L2-3_Crp	-1.2482919377391	0.056	1749	5	11.878
L2a	-0.346300950611011	0	170012	923	1173.407
L2b	-0.026108626147958	0.742	93700	611	622.158
L2c	-0.30115527877028	0	129292	704	867.42
L2d	-0.34689667669056	0.008	28368	146	185.686
L2d2	-0.237070021888703	0.01	53617	295	347.686
L3	-0.457218534652236	0	46112	223	306.155
L3b	-0.0768554932509303	0.764	9843	60	63.283
L4_A_Mam	-0.672807668897297	0.022	6659	29	46.231
L4_B_Mam	-0.398801021425567	0.372	3332	17	22.413
L4_C_Mam	-0.776525151421912	0.012	5094	20	34.26
L5	-0.677169938818245	0.644	745	3	4.797
LFSINE_Vert	-1.2906209964991	0.018	2331	6	14.678
Looper	0.678841547724056	0.446	559	6	3.748
LOR1-int	-1.16748638996565	0.24	1421	5	11.231
LOR1a	-1.052184005532	0.332	852	3	6.221
LOR1b	-0.450661409009565	0.64	1133	6	8.2
LSAU	-Inf	1	143	0	0.585
LSU-rRNA_Hsa	0.0699565842874267	1	454	3	2.858
LTR06	-Inf	1	104	0	0.74
LTR1	-Inf	0.328	252	0	2.012
LTR101_Mam	0.552156355637915	0.282	1176	12	8.184
LTR102_Mam	-1.95158779481475	0.32	528	1	3.868
LTR103_Mam	-0.298658315564515	0.962	762	4	4.92
LTR103b_Mam	-0.410341104614087	0.896	621	3	3.987
LTR104_Mam	0.251431427608177	0.604	1986	16	13.441
LTR105_Mam	-Inf	0.034	682	0	4.714
LTR106_Mam	0.622439917975151	0.404	664	7	4.547
LTR107_Mam	0.0573916638883365	1	427	3	2.883
LTR108a_Mam	1.72499295250013	0.28	86	2	0.605
LTR108b_Mam	-Inf	1	54	0	0.403
LTR108c_Mam	-Inf	1	44	0	0.332
LTR108d_Mam	-Inf	1	67	0	0.516
LTR108e_Mam	-Inf	0.654	182	0	1.239
LTR109A2	-Inf	1	27	0	0.189
LTR10A	4.93281394067399	0	327	73	2.39
LTR10B	2.7345631039509	0.004	82	4	0.601
LTR10B1	3.51575136402704	0	171	14	1.224
LTR10B2	2.89969509420431	0	107	6	0.804
LTR10C	1.93339411579556	0	539	16	4.189
LTR10D	2.20756106993536	0.008	182	6	1.299
LTR10E	3.54153399857804	0	293	25	2.147
LTR10F	2.37831927673776	0	450	18	3.462
LTR10G	1.68038206579984	0.124	131	3	0.936
LTR12	-1.79389588254888	0.058	791	2	6.935
LTR12_	-2.17216745005327	0.142	557	1	4.507
LTR12B	-Inf	0.272	178	0	1.966
LTR12C	-1.69282888273918	0	2781	10	32.329
LTR12D	-2.20069266615472	0.116	502	1	4.597
LTR12E	-0.0621217119077975	1	115	1	1.044
LTR12F	-1.25247621413522	0.332	653	2	4.765
LTR13	-Inf	0.024	524	0	4.874
LTR13_	-Inf	1	48	0	0.441
LTR13A	1.10935875603656	0.258	210	4	1.854
LTR14	3.608232280044	0	96	9	0.738
LTR14A	-Inf	0.768	144	0	0.985
LTR14B	0.0101343771337131	1	368	3	2.979
LTR14C	1.57203632627689	0.182	137	3	1.009
LTR15	0.50635266602479	0.732	311	3	2.112
LTR16	-1.47670570666818	0.006	3080	8	22.265
LTR16A	-1.02157448259363	0.012	4295	15	30.452
LTR16A1	-0.778896684488612	0.096	2734	11	18.874
LTR16A2	-0.263690027313329	0.702	1849	11	13.206
LTR16B	-2.33370995434728	0.11	702	1	5.041
LTR16B1	-0.12515513132229	0.992	1203	8	8.725
LTR16B2	-1.99240589903165	0.006	1681	3	11.937
LTR16C	-1.17565385882841	0	6765	21	47.438
LTR16D	-2.94279597935065	0.016	1137	1	7.689
LTR16D1	1.00965017003372	0.406	214	3	1.49
LTR16D2	-Inf	0.254	314	0	2.204
LTR16E1	-1.11835972595306	0.04	2540	8	17.368
LTR16E2	-0.256493121324446	0.642	2368	14	16.724
LTR17	-0.256004203766265	0.856	855	6	7.165
LTR18A	0.57132159005177	0.75	198	2	1.346
LTR18B	-1.45364926604329	0.55	371	1	2.739
LTR18C	-Inf	1	77	0	0.563
LTR19-int	1.99855802582609	0.028	229	8	2.002
LTR19A	-1.70664105730941	0.354	457	1	3.264
LTR19B	-0.0384361816561079	1	287	2	2.054
LTR19C	2.21223323006143	0.02	140	5	1.079
LTR1A1	-1.69688409085545	0.374	367	1	3.242
LTR1A2	-2.87852917654121	0.022	851	1	7.354
LTR1B	-1.60454581636871	0.48	349	1	3.041
LTR1B0	-Inf	0.908	92	0	0.776
LTR1B1	-Inf	0.468	174	0	1.549
LTR1C	0.839079811818897	0.816	64	1	0.559
LTR1C1	-Inf	1	72	0	0.577
LTR1C3	-Inf	1	65	0	0.421
LTR1D	-Inf	0.104	306	0	2.801
LTR1D1	-Inf	0.156	310	0	2.723
LTR1E	-0.381837083906047	1	300	2	2.606
LTR1F	-Inf	0.64	136	0	1.196
LTR1F1	-Inf	0.31	234	0	1.98
LTR1F2	-0.177598929327733	1	137	1	1.131
LTR2	1.48600402063299	0	897	19	6.783
LTR21A	-Inf	1	94	0	0.699
LTR21B	-Inf	1	36	0	0.238
LTR21C	-Inf	1	22	0	0.168
LTR22	-Inf	1	109	0	0.721
LTR22A	1.26072793845062	0.262	170	3	1.252
LTR22B	-Inf	0.778	154	0	0.959
LTR22B1	-Inf	0.626	156	0	1.176
LTR22B2	-Inf	1	39	0	0.322
LTR22C	-Inf	1	17	0	0.135
LTR22C0	-Inf	0.88	113	0	0.834
LTR22C2	-Inf	1	82	0	0.608
LTR22E	-Inf	0.85	118	0	0.899
LTR23	1.5571423465723	0.002	878	17	5.777
LTR23-int	1.11299471305964	0.39	203	3	1.387
LTR24	1.66526829244008	0.03	314	7	2.207
LTR24B	2.50407748018676	0	462	18	3.173
LTR24C	1.98279070996778	0.004	377	11	2.783
LTR25	1.27404076549081	0.228	315	4	1.654
LTR25-int	1.11773045470991	0.122	622	11	5.069
LTR26	-1.24061962931176	0.388	610	2	4.726
LTR26B	1.96719385491676	0.084	137	4	1.023
LTR26C	2.27419936440714	0	316	11	2.274
LTR26D	1.61440330398775	0.126	229	5	1.633
LTR26E	1.71627573539902	0.156	124	3	0.913
LTR27	-0.389566811762726	1	322	2	2.62
LTR2752	-Inf	0.266	233	0	2.296
LTR27B	1.76121314041288	0.058	151	4	1.18
LTR27C	-Inf	0.788	119	0	1.008
LTR27D	-Inf	0.4	272	0	1.94
LTR27E	-0.989139007368233	0.904	222	1	1.985
LTR28	-Inf	0.62	140	0	1.278
LTR28B	-Inf	0.218	264	0	2.355
LTR28C	-1.02290040211008	0.796	228	1	2.032
LTR29	1.54063833190895	0	730	15	5.156
LTR2B	3.60769923180558	0	354	33	2.707
LTR2C	1.74869208267904	0.028	313	7	2.083
LTR3	-Inf	0.952	97	0	0.769
LTR30	2.88068071628567	0	149	9	1.222
LTR31	-0.900721927564115	0.92	251	1	1.867
LTR32	0.604515298142557	0.292	1235	13	8.55
LTR33	-0.635079947959995	0.002	9406	42	65.227
LTR33A	-1.93376146033326	0	2229	4	15.282
LTR33A_	-0.150677828579124	0.912	1779	11	12.211
LTR33B	-2.46336088581666	0.008	1635	2	11.03
LTR33C	-0.7261772795547	0.518	944	4	6.617
LTR34	2.25016542558727	0.002	271	10	2.102
LTR35	1.85030706724215	0.16	117	3	0.832
LTR35A	3.45403163089471	0	95	8	0.73
LTR35B	0.373327247394007	0.866	206	2	1.544
LTR36	0.896622260154692	0.244	505	7	3.76
LTR37-int	-0.183539446713103	0.978	1395	9	10.221
LTR37A	-1.17919253938802	0.084	2029	6	13.587
LTR37B	-1.78020509558317	0.014	2097	4	13.739
LTR38	-Inf	0.382	258	0	1.898
LTR38-int	-Inf	1	116	0	0.844
LTR38A1	0.861185531097718	0.572	164	2	1.101
LTR38B	0.17869796011047	0.994	236	2	1.767
LTR38C	3.22881869049588	0.002	132	9	0.96
LTR39	1.85066411316263	0	1297	34	9.427
LTR39-int	0.528032212338484	0.754	197	2	1.387
LTR3A	2.94897599697553	0	179	10	1.295
LTR3B	0.761213140412884	0.876	90	1	0.59
LTR3B_	-Inf	0.396	276	0	1.984
LTR4	4.04800537291083	0	107	11	0.665
LTR40a	-1.87105507508663	0.01	2032	4	14.632
LTR40A1	-1.00827173796354	0.55	580	2	4.023
LTR40b	-1.00198234313243	0.254	1142	4	8.011
LTR40c	-0.579501998667445	0.744	610	3	4.483
LTR41	-1.49620666592348	0.126	1199	3	8.463
LTR41B	-2.59263642860658	0.108	868	1	6.032
LTR41C	-0.84478735007906	0.534	766	3	5.388
LTR42	1.26823747914241	0.086	338	6	2.491
LTR43	0.279283757478869	0.806	470	4	3.296
LTR43-int	-0.344828496997441	1	182	1	1.27
LTR43B	-0.778208576398088	1	250	1	1.715
LTR44	-Inf	0.552	233	0	1.628
LTR45	-0.347098670622268	1	177	1	1.272
LTR45B	0.416480916148513	0.724	448	4	2.997
LTR45C	0.697125329634415	0.454	473	5	3.084
LTR46	1.93157485898912	0.016	260	7	1.835
LTR46-int	1	0.534	82	2	1
LTR47A	-0.292781749227846	0.954	696	4	4.9
LTR47A2	-Inf	0.4	287	0	2.026
LTR47B	-Inf	1	43	0	0.309
LTR47B2	-Inf	0.598	175	0	1.31
LTR47B3	0.205896101440252	0.99	122	1	0.867
LTR47B4	1.31473259348316	0.396	105	2	0.804
LTR48	0.86734723466988	0.116	1009	13	7.126
LTR48B	0.678456675095153	0.188	1026	12	7.498
LTR49	0.0123814631801108	1	1584	11	10.906
LTR49-int	-1.1479578813871	0.126	2333	8	17.728
LTR5	-Inf	1	25	0	0.177
LTR5_Hs	1.58207999218803	0	701	19	6.346
LTR50	-0.873104470124098	0.104	2597	10	18.316
LTR51	1.73303632698685	0.002	416	11	3.309
LTR52	-0.938662179843633	0.306	1109	4	7.667
LTR52-int	-Inf	0.73	176	0	1.393
LTR53	-Inf	0.084	516	0	3.766
LTR53-int	-Inf	0.256	354	0	2.942
LTR53B	-Inf	0.554	198	0	1.397
LTR54	0.466663187868373	0.4	1137	11	7.96
LTR54B	1.51686498433775	0.002	884	18	6.29
LTR55	-0.0191088229477047	1	425	3	3.04
LTR56	0.903011635988779	0.112	1050	13	6.952
LTR57	0.012315322433239	1	282	2	1.983
LTR57-int	-1.55581615506164	0.6	387	1	2.94
LTR58	-Inf	1	76	0	0.612
LTR59	-Inf	0.928	116	0	0.87
LTR5A	-1.45522857111714	0.468	306	1	2.742
LTR5B	0.276485124126195	0.768	469	5	4.128
LTR60	2.9378782880922	0.084	38	2	0.261
LTR60B	0.185244517190126	0.962	254	2	1.759
LTR61	-0.277389698810864	1	200	1	1.212
LTR62	-1.28688114778816	0.642	326	1	2.44
LTR64	1.48600402063299	0.048	384	8	2.856
LTR65	-0.161350265704303	1	477	3	3.355
LTR66	-Inf	0.214	435	0	2.713
LTR67B	-1.18425143734429	0.016	3787	11	24.997
LTR68	-0.350497247084133	1	356	2	2.55
LTR69	-0.155749232677945	1	147	1	1.114
LTR6A	-0.211012193485512	1	329	2	2.315
LTR6B	1.65972259523375	0.088	163	4	1.266
LTR7	0.756959955468169	0.01	2427	31	18.344
LTR70	-Inf	0.74	162	0	1.207
LTR71A	-0.36737106564853	1	170	1	1.29
LTR71B	0.103921944602935	1	251	2	1.861
LTR72	-Inf	0.666	161	0	1.275
LTR72B	-Inf	0.734	163	0	1.16
LTR73	0.240418026766445	0.914	229	2	1.693
LTR75	0.433753107836262	0.742	311	3	2.221
LTR75_1	1.09541956507868	0.488	130	2	0.936
LTR75B	-Inf	0.534	204	0	1.417
LTR76	1.46693507813036	0.122	207	4	1.447
LTR77	-Inf	0.926	105	0	0.808
LTR78	-1.11981265387971	0.006	4897	16	34.771
LTR78B	-1.03479196100709	0.024	3301	11	22.537
LTR79	-0.315039199173726	0.422	4095	22	27.369
LTR7B	1.99711749146688	0	888	26	6.513
LTR7C	2.8689227454095	0.006	332	18	2.464
LTR7Y	1.40889509493522	0.106	258	5	1.883
LTR8	1.84118327372927	0	3504	97	27.072
LTR80A	0.0360327312447562	1	401	3	2.926
LTR80B	-0.845590408847855	0.688	513	2	3.594
LTR81	0.844250767322055	0.434	336	4	2.228
LTR81A	-0.208392399790676	0.998	853	5	5.777
LTR81AB	-Inf	0.432	275	0	1.796
LTR81B	-1.01203225593194	0.306	1161	4	8.067
LTR81C	-1.31179371775365	0.362	739	2	4.965
LTR82A	-0.331896263978598	0.784	1049	6	7.552
LTR82B	-0.270742500969057	0.83	1162	7	8.445
LTR83	-0.743586774288586	0.65	736	3	5.023
LTR84a	-Inf	0.058	702	0	4.691
LTR84b	-1.14551442959617	0.214	1302	4	8.849
LTR85a	-2.06258226898781	0.004	1893	3	12.532
LTR85b	-2.04054179386285	0.036	1200	2	8.228
LTR85c	-0.415938902020376	0.702	1186	6	8.005
LTR86A1	-1.95009509417369	0.246	554	1	3.864
LTR86A2	-Inf	0.348	308	0	2.016
LTR86B1	-0.0628124924050211	1	302	2	2.089
LTR86B2	-Inf	0.31	285	0	2.036
LTR86C	-0.0489336451979224	1	301	2	2.069
LTR87	-0.749891768610476	0.62	718	3	5.045
LTR88a	-0.57458595908148	0.642	912	4	5.957
LTR88b	1.00486088121032	0.006	1640	22	10.963
LTR88c	0.390245037827557	0.53	1044	9	6.867
LTR89	-1.89936900827598	0.056	1101	2	7.461
LTR89B	-0.266336799420135	0.994	749	4	4.811
LTR8A	0.734689451110495	0.082	1481	19	11.418
LTR8B	2.00377814522252	0	1644	52	12.966
LTR9	-0.0575080365946655	1	850	6	6.244
LTR90A	-1.44148347958264	0.554	407	1	2.716
LTR90B	-0.196607044094818	1	536	3	3.438
LTR91	-1.13066733981551	0.118	1592	5	10.948
LTR91A	-1.26603689399532	0.034	2468	7	16.835
LTR9A1	0.413115187147815	0.67	491	5	3.755
LTR9B	0.460256251435336	0.53	709	7	5.088
LTR9C	-Inf	0.516	172	0	1.382
LTR9D	-0.563402220588804	0.644	755	4	5.911
MADE1	-1.43622107662341	0	8005	18	48.71
MADE2	-0.867105729502655	0.084	2711	9	16.416
Mam_R4	-0.353511497417275	0.96	564	3	3.833
MamGyp-int	-0.72363136786312	0.64	695	3	4.954
MamGypLTR1a	-0.302367798057044	0.842	1103	6	7.399
MamGypLTR1b	-2.05710363714117	0.024	1224	2	8.323
MamGypLTR1c	-0.137878201077294	1	1168	7	7.702
MamGypLTR1d	0.226847602985948	0.808	777	6	5.127
MamGypLTR2b	-2.52707033551266	0.042	879	1	5.764
MamGypLTR2c	-0.816190082727251	0.416	1055	4	7.043
MamGypLTR3	-2.15607296095057	0.196	680	1	4.457
MamGypLTR3a	-1.18982455888002	0.17	1350	4	9.125
MamGypLTR4	-1.28806320032532	0.326	724	2	4.884
MamGypsy2-I	-1.43562859405209	0.032	2302	6	16.23
MamGypsy2-LTR	-1.51853513898218	0.178	916	2	5.73
MamRep1151	0.00965017003371945	1	1278	9	8.94
MamRep137	-0.873681978654518	0.134	2500	9	16.491
MamRep1527	-3.16896288400693	0.012	1314	1	8.994
MamRep1879	0.207409629737786	0.676	1507	11	9.527
MamRep1894	0.40895894371224	0.59	709	6	4.519
MamRep38	-1.23797154730722	0.022	2167	6	14.152
MamRep4096	0.362157939675895	0.524	1282	11	8.558
MamRep434	0.0889604143557131	0.882	2142	15	14.103
MamRep488	-0.0533430760859363	1	503	3	3.113
MamRep564	-0.817213924258326	0.498	804	3	5.286
MamRep605	-1.27542429563987	0.012	3594	10	24.207
MamRep605b	-0.399262256502921	0.444	2391	12	15.826
MamRTE1	-0.651633540366444	0.006	9028	37	58.125
MamRTE2	1.49410907027004	0.57	49	1	0.355
MamSINE1	-0.658820809389003	0.022	5945	24	37.891
MamTip1	-0.0359053837421282	1	774	5	5.126
MamTip1b	0.0699565842874267	1	460	3	2.858
MamTip2	-0.478626724593364	0.114	5279	24	33.442
MamTip2b	-0.128557364973758	0.676	6841	40	43.728
MamTip3	-0.967353083594625	0.304	1176	4	7.821
MamTip3B	0.0990205173087369	0.932	836	6	5.602
MARE10	-Inf	1	81	0	0.498
MARE11	-Inf	1	13	0	0.078
MARE4	-0.947853143387016	0.84	312	1	1.929
MARE6	-Inf	0.68	187	0	1.304
MARE8	-Inf	0.52	218	0	1.402
MARE9	-Inf	1	29	0	0.118
MARNA	-0.139297148571558	0.814	3187	19	20.926
MER101	-0.339707507448597	1	370	2	2.531
MER101-int	-1.60407132366886	0.182	1253	3	9.12
MER101B	-0.893750501720566	0.96	269	1	1.858
MER102a	-0.248463399678022	0.586	3088	17	20.195
MER102b	-0.237563718317676	0.61	3205	18	21.222
MER102c	-0.547026710055717	0.194	3172	14	20.455
MER103C	-1.02121013121077	0	9080	29	58.859
MER104	-1.26693642330279	0.024	2260	6	14.439
MER105	0.75237624380375	0.236	730	8	4.749
MER106A	-2.31527638701493	0.086	740	1	4.977
MER106B	-0.42250213510056	0.84	834	4	5.361
MER107	0.375821102882565	0.606	361	3	2.312
MER110	-2.45706891128218	0.088	802	1	5.491
MER110-int	-Inf	0.182	412	0	3.118
MER110A	-0.595821890357543	0.694	633	3	4.534
MER112	-0.177746105562586	0.672	4569	26	29.409
MER113	-0.0315645830092931	1	3816	25	25.553
MER113A	-0.213813846187749	0.776	2109	12	13.917
MER115	-1.1525079483649	0.026	2559	8	17.784
MER117	-1.02730573584412	0	4434	14	28.535
MER119	0.597613646023903	0.294	1221	13	8.591
MER11A	0.686318792868123	0.09	992	16	9.943
MER11B	-0.112633416985245	1	562	5	5.406
MER11C	-2.14257681424455	0.018	885	2	8.831
MER11D	2.44101656585968	0	267	13	2.394
MER121	-0.0586628393785597	1	941	6	6.249
MER121B	-Inf	1	70	0	0.454
MER123	-Inf	1	48	0	0.308
MER124	-2.30451104180995	0.096	765	1	4.94
MER125	-Inf	0.8	138	0	0.885
MER126	-0.808179083771471	0.97	276	1	1.751
MER127	-0.491596594410448	1	213	1	1.406
MER129	-Inf	0.918	125	0	0.832
MER130	-Inf	0.608	181	0	1.18
MER131	-0.824971465456227	0.312	1137	4	7.086
MER132	-Inf	1	37	0	0.249
MER133A	-Inf	1	54	0	0.361
MER133B	-Inf	1	41	0	0.235
MER134	0.72499295250013	0.936	90	1	0.605
MER135	-0.0257375614136083	1	822	5	5.09
MER136	-Inf	1	29	0	0.164
MER1A	-1.63517394667492	0	3307	8	24.85
MER1B	-0.961845549175257	0.002	5525	20	38.956
MER2	-0.520616537805696	0.028	9338	44	63.121
MER20	-0.681108671335389	0	17280	70	112.236
MER20B	-1.0388374876506	0.016	4240	14	28.764
MER21-int	1.50243021122477	0.002	1094	24	8.471
MER21A	2.42086695797511	0	2062	82	15.313
MER21B	0.565772113233726	0.088	2871	32	21.619
MER21C	-0.0357579518232538	1	5724	42	43.054
MER2B	-0.611329784991069	0.274	2101	9	13.749
MER3	-0.874247147757862	0	11144	39	71.489
MER30	-0.282246392644454	0.43	4256	23	27.97
MER30B	-Inf	0.464	255	0	1.5
MER31-int	0.298834072756743	0.64	1194	11	8.942
MER31A	1.98982611575842	0	1379	39	9.819
MER31B	1.08753340958147	0.002	1525	23	10.823
MER33	-0.186255884145404	0.454	9845	57	64.855
MER34	0.84959324038283	0.086	1355	17	9.434
MER34-int	-0.000961476237445089	1	423	3	3.002
MER34A	0.777470185678268	0.076	1513	18	10.501
MER34A1	-2.53156860881496	0.072	804	1	5.782
MER34B	0.288064643021079	0.758	668	6	4.914
MER34B-int	1.36587144247496	0.08	641	12	4.656
MER34C	1.87302714374223	0.028	206	5	1.365
MER34C_	0.368973346574436	0.65	685	6	4.646
MER34C2	1.05855977051467	0.102	613	9	4.321
MER34D	0.698217275979047	0.578	254	3	1.849
MER39	1.72243396493751	0	3390	81	24.546
MER39B	2.55591306387004	0	1222	53	9.013
MER4-int	-0.0857079097514945	0.93	3127	24	25.469
MER41-int	1.2269616851964	0.004	1776	37	15.807
MER41A	2.16165326347877	0	2640	88	19.668
MER41B	2.7166369622898	0	2941	140	21.298
MER41C	2.52650338291274	0	863	34	5.901
MER41D	-1.75659635050171	0.392	488	1	3.379
MER41E	-0.417920007811965	1	365	2	2.672
MER41G	0.248107861595691	1	120	1	0.842
MER44A	-0.718350665450634	0.182	2404	10	16.453
MER44B	0.679827289772664	0.082	2176	25	15.606
MER44C	0.184752493639326	0.782	1126	10	8.798
MER44D	0.113723005382915	0.962	657	5	4.621
MER45A	-1.17574813363979	0.01	3563	10	22.591
MER45B	-0.504293501870363	0.564	1331	7	9.929
MER45C	-1.10601323762212	0.294	1235	4	8.61
MER45R	-2.22249546730206	0.158	661	1	4.667
MER46C	-0.938850337006064	0.058	2870	10	19.17
MER47A	-0.624178897117435	0.184	2639	12	18.496
MER47B	-Inf	0.018	623	0	4.535
MER47C	0.0868137745110052	1	791	5	4.708
MER48	2.01449956969511	0.022	196	6	1.485
MER49	-0.417650017160688	0.592	1428	8	10.686
MER4A	1.17115181369617	0.036	890	15	6.661
MER4A1	0.610873773075296	0.066	2314	25	16.37
MER4A1_	0.346939982895436	0.736	416	4	3.145
MER4B	1.41404856170495	0	1788	35	13.134
MER4B-int	-0.0663762653847745	1	1620	12	12.565
MER4C	1.38661342175069	0.008	697	13	4.972
MER4CL34	-0.460690148848735	0.73	933	5	6.881
MER4D	1.94953312964934	0	1373	40	10.356
MER4D0	1.41461009739721	0.046	457	9	3.376
MER4D1	1.85405581537196	0	1595	44	12.171
MER4E	0.650383096863876	0.294	746	9	5.734
MER4E1	0.463042872189676	0.432	1092	11	7.98
MER50	0.145968072755685	0.734	2591	22	19.883
MER50-int	-1.3547342399706	0.434	555	2	5.115
MER50B	-1.4350951516201	0.26	700	2	5.408
MER50C	2.62148837674627	0.016	83	4	0.65
MER51-int	0.204510093992994	0.812	621	6	5.207
MER51A	-0.549324163967891	0.548	955	5	7.317
MER51B	0.804512408951371	0.17	725	9	5.153
MER51C	1.07400058144378	0.362	192	3	1.425
MER51D	2.17266872938774	0.044	171	5	1.109
MER51E	-0.790772037862	1	242	1	1.73
MER52-int	-1.32509853776749	0.394	501	2	5.011
MER52A	-3.94832050386306	0	1465	1	15.437
MER52C	-1.84478735007906	0.276	399	1	3.592
MER52D	-Inf	0.01	664	0	6.417
MER53	-0.130140135336448	0.692	6020	35	38.304
MER54A	-0.473786911614367	0.756	774	4	5.555
MER54B	0.631734517062507	0.464	438	5	3.227
MER57-int	-1.21151066288354	0.18	1366	5	11.579
MER57A-int	-1.94729211089273	0.02	1976	4	15.426
MER57A1	0.472474656112896	0.39	1093	11	7.928
MER57B1	-0.556601081653847	0.54	1033	5	7.354
MER57B2	0.152715711410089	0.858	1145	9	8.096
MER57C1	-Inf	0.632	195	0	1.31
MER57C2	-1.75488750216347	0.342	472	1	3.375
MER57D	0.879648059634778	0.284	464	6	3.261
MER57E1	0.144807592040846	0.914	512	4	3.618
MER57E2	-Inf	1	80	0	0.544
MER57E3	3.90598919286699	0	277	24	1.601
MER57F	0.522322672434693	0.638	424	4	2.785
MER58A	-0.542952964578989	0	13824	62	90.331
MER58B	-0.528283372425097	0.044	7134	33	47.593
MER58C	0.0991063639090352	0.808	2642	18	16.805
MER58D	-0.0842586849815979	1	1174	7	7.421
MER5A	-0.231624406830076	0.026	35585	192	225.438
MER5A1	-0.260137721913479	0.104	16237	86	102.993
MER5B	-0.354889924172853	0.01	25480	125	159.861
MER5C	0.100824369519487	0.904	1374	10	9.325
MER5C1	0.00542027578425304	1	627	4	3.985
MER6	-1.65214227213666	0.176	826	2	6.286
MER61-int	-0.701834177671455	0.434	1202	7	11.386
MER61A	-0.551885103471725	0.644	813	4	5.864
MER61B	0.995199013736179	0.182	435	6	3.01
MER61C	3.85409532773186	0	316	33	2.282
MER61D	3.49226301110467	0	269	22	1.955
MER61E	3.94692525741077	0	320	38	2.464
MER61F	0.710755714843357	0.702	167	2	1.222
MER63A	-0.669087254599633	0.082	3616	15	23.851
MER63B	-0.447579196548882	0.372	2472	12	16.365
MER63C	-2.78722348428316	0.05	904	1	6.903
MER63D	-0.359895945086383	0.672	1752	9	11.55
MER65-int	-1.52105073690096	0.186	1092	3	8.61
MER65A	-1.07929276727285	0.138	1485	5	10.565
MER65B	-Inf	0.628	211	0	1.465
MER65C	-0.248231206748757	0.978	700	4	4.751
MER65D	1.35245523029103	0.09	525	8	3.133
MER66-int	-2.80776706176642	0.11	794	1	7.002
MER66A	-Inf	0.216	340	0	2.421
MER66B	-0.759581973233554	0.268	1486	6	10.158
MER66C	-2.08678376614207	0.202	603	1	4.248
MER66D	0.152804813410605	1	249	2	1.799
MER67A	-1.72813820341893	0.452	481	1	3.313
MER67B	0.254977850962736	0.848	498	4	3.352
MER67C	-0.600388704330764	0.404	1703	8	12.129
MER67D	-1.9038095585787	0.1	1055	2	7.484
MER68	-0.680517260600356	0.318	1529	7	11.219
MER68-int	1.33903227810974	0.13	402	7	2.767
MER68B	-1.78659636189081	0.366	475	1	3.45
MER68C	-0.207892851641333	1	165	1	1.155
MER6A	-0.960882344685196	0.288	1034	4	7.786
MER6B	-0.159952044732923	1	693	4	4.469
MER6C	-Inf	0.95	168	0	0.855
MER70-int	-Inf	0.444	263	0	2.128
MER70A	0.0141352987574675	1	542	4	3.961
MER70B	-1.82130203988953	0.092	995	2	7.068
MER70C	-Inf	0.328	279	0	2.098
MER72	0.437818643528133	0.51	793	8	5.906
MER72B	2.01741705307741	0.03	198	6	1.482
MER73	-1.10701824988212	0.81	288	1	2.154
MER74A	-1.58159227883601	0.03	1625	4	11.972
MER74B	-Inf	0.004	958	0	6.952
MER74C	-0.745882688902259	1	234	1	1.677
MER75	-Inf	0.068	485	0	3.577
MER75A	-Inf	1	92	0	0.568
MER75B	-Inf	1	124	0	0.807
MER76	-0.0791562066176435	1	728	5	5.282
MER76-int	-Inf	0.846	155	0	1.227
MER77	-0.729589023172016	0.358	1373	6	9.949
MER77B	0.414741592182967	0.432	1318	13	9.752
MER8	-0.925022828291562	0.104	2006	7	13.291
MER81	-0.160920188181103	0.704	3748	21	23.478
MER83	0.0958049517621254	0.966	516	4	3.743
MER83A-int	-Inf	1	105	0	0.895
MER83B	-0.0271540515037266	1	150	1	1.019
MER83B-int	-Inf	0.344	277	0	2.421
MER83C	-Inf	0.68	156	0	1.16
MER84	1.41778811029488	0.088	364	7	2.62
MER84-int	-0.149259365499623	1	143	1	1.109
MER85	-1.53406160242112	0.144	929	2	5.792
MER87	-Inf	0.68	166	0	1.215
MER87B	-Inf	0.588	211	0	1.437
MER88	0.325539348439741	1	113	1	0.798
MER89	-0.338852239145184	0.702	1436	8	10.118
MER89-int	-2.40163046658474	0.15	789	1	5.284
MER90	-0.0518592988352498	1	727	5	5.183
MER90a	0.155533998633905	0.844	1265	10	8.978
MER91A	-1.23315180343929	0.004	3694	10	23.508
MER91B	-2.22697085797828	0.014	1476	2	9.363
MER91C	-0.378927725272926	0.566	1665	8	10.403
MER92-int	-2.84939884534594	0.082	1020	1	7.207
MER92A	1.50635266602479	0.224	156	3	1.056
MER92B	0.281787133156257	0.662	832	7	5.758
MER92C	2.90149060786593	0.002	125	6	0.803
MER92D	-0.641546029087524	1	226	1	1.56
MER94	-0.856130349701965	0.014	4852	17	30.773
MER94B	0.332062472021076	0.728	634	5	3.972
MER95	-Inf	0.908	141	0	0.961
MER96	-1.02183502726224	0.226	1291	4	8.122
MER96B	0.0538930079952023	0.928	2245	15	14.45
MER97a	-Inf	0.404	280	0	2.089
MER97b	-Inf	0.816	181	0	1.275
MER97c	-0.55581615506164	1	211	1	1.47
MER97d	-Inf	0.9	138	0	1.007
MER99	-Inf	0.328	301	0	2.196
MER9a1	-0.404358194833311	1	351	2	2.647
MER9a2	-0.267835392097615	1	322	2	2.408
MER9a3	-0.63876894441695	0.646	595	3	4.671
MER9B	-Inf	1	39	0	0.308
Merlin1_HS	-Inf	1	56	0	0.407
MERX	-Inf	0.138	442	0	2.919
MIR	-0.16245886555281	0	177613	1031	1153.888
MIR1_Amn	0.520401939702985	0	12053	107	74.598
MIR3	0.357576630140155	0	89786	725	565.844
MIRb	-0.0794455163776618	0.058	228856	1399	1478.2
MIRc	-0.0685642281381421	0.292	103104	626	656.469
MLT-int	-1.60454581636871	0.476	417	1	3.041
MLT1-int	-0.93432777831537	0.938	267	1	1.911
MLT1A	-0.865726555489438	0	9313	35	63.779
MLT1A-int	-1.77862912589557	0.432	448	1	3.431
MLT1A0	-1.21138216771839	0	21288	64	148.198
MLT1A0-int	-1.3831282513241	0.184	953	3	7.825
MLT1A1	-1.3631268016189	0	6913	19	48.876
MLT1A1-int	-1.07519031415522	0.49	462	2	4.214
MLT1B	-1.36042734630707	0	18094	49	125.813
MLT1B-int	-0.458382004156013	0.932	567	3	4.122
MLT1C	-0.910701965937191	0.004	6716	25	46.999
MLT1C-int	-Inf	0.94	130	0	0.968
MLT1C2	-0.474409458054069	0.008	16393	83	115.316
MLT1C2-int	-1.7172102990196	0.44	436	1	3.288
MLT1D	-0.80061169953065	0	19733	81	141.089
MLT1D-int	-1.22156778853841	0.406	598	2	4.664
MLT1E	-1.75360453628	0.118	922	2	6.744
MLT1E-int	-Inf	1	12	0	0.096
MLT1E1	0.0791350712901103	0.914	1065	8	7.573
MLT1E1-int	-Inf	1	45	0	0.244
MLT1E1A	-0.569948509540509	0.182	3422	17	25.236
MLT1E1A-int	-Inf	1	84	0	0.679
MLT1E2	-0.840860101843147	0.02	4091	17	30.449
MLT1E2-int	-Inf	0.82	128	0	1.046
MLT1E3	-0.863839360823267	0.132	2066	8	14.559
MLT1E3-int	0.910501849160897	0.696	74	1	0.532
MLT1F	-1.00710577877344	0.016	4411	16	32.158
MLT1F-int	-Inf	0.084	530	0	3.981
MLT1F1	-0.877412037019834	0.048	3329	13	23.882
MLT1F1-int	0.640478829572405	0.682	160	2	1.283
MLT1F2	-1.68539557202493	0	6215	14	45.028
MLT1F2-int	-0.26663664251399	1	327	2	2.406
MLT1G	-0.810511655081361	0.084	2894	12	21.046
MLT1G-int	-0.570462931026041	1	185	1	1.485
MLT1G1	-1.27755200910421	0.004	3680	11	26.667
MLT1G1-int	-1.22156778853841	0.768	299	1	2.332
MLT1G3	-0.319834668977237	0.542	2818	16	19.971
MLT1G3-int	-0.962734090595803	0.946	246	1	1.949
MLT1H	-0.951688597285494	0	10252	37	71.563
MLT1H-int	-2.67016051412663	0.064	836	1	6.365
MLT1H1	-0.950788325831725	0.02	3756	14	27.061
MLT1H1-int	-Inf	0.192	426	0	3.209
MLT1H2	-2.19575254009437	0	4849	7	32.069
MLT1H2-int	-Inf	0.26	354	0	2.688
MLT1I	-1.24410691024207	0	11268	32	75.799
MLT1I-int	-2.64293256935849	0.078	829	1	6.246
MLT1J	-0.685253812537516	0	15494	66	106.127
MLT1J-int	-1.38308215809446	0.094	1457	4	10.433
MLT1J1	-0.557905503784367	0.114	5003	23	33.859
MLT1J1-int	-0.269432177031944	1	476	3	3.616
MLT1J2	-1.32992424171734	0	6991	19	47.764
MLT1J2-int	-0.592317495248168	0.814	596	3	4.523
MLT1K	-0.396960842304622	0.014	17999	93	122.456
MLT1K-int	1.01061874680114	0.432	208	3	1.489
MLT1L	-0.427975393565686	0.044	12248	61	82.066
MLT1L-int	-Inf	1	112	0	0.769
MLT1M	0.518419236206859	0.164	2329	22	15.359
MLT1M-int	-Inf	1	1	0	0.012
MLT1N2	-1.18003550318995	0.002	5816	17	38.519
MLT1N2-int	-Inf	1	74	0	0.536
MLT1O	-0.574006705169039	0.064	5156	23	34.239
MLT1O-int	-Inf	1	12	0	0.094
MLT2A1	-4.73508887047818	0	3849	1	26.632
MLT2A2	-2.32168762567422	0	3928	6	29.995
MLT2B1	-0.939868173766751	0.024	4532	17	32.612
MLT2B2	-2.41890954147195	0	2229	3	16.043
MLT2B3	-1.60673831741759	0.002	3363	8	24.365
MLT2B4	-1.47079713841836	0	4762	12	33.261
MLT2B5	-Inf	0.18	383	0	2.729
MLT2C1	-1.2127249609901	0.026	2710	8	18.542
MLT2C2	-2.24336442569366	0.032	1378	2	9.47
MLT2D	-1.81698646670178	0	4584	9	31.711
MLT2E	-1.45048545986112	0.532	405	1	2.733
MLT2F	-1.22032995487956	0.052	1946	6	13.98
MSR1	1.91140607673101	0	445	12	3.19
MST-int	-0.781569544815974	0.992	235	1	1.719
MSTA	-2.21793112649113	0	20293	31	144.22
MSTA-int	-Inf	0	3304	0	32.172
MSTA1	-1.91991208867731	0.256	563	1	3.784
MSTA1-int	-Inf	1	29	0	0.269
MSTB	-2.06417006325795	0	8800	15	62.729
MSTB-int	-3.18126160428363	0.008	902	1	9.071
MSTB1	-1.98456909760514	0	4944	9	35.617
MSTB1-int	-0.0901759497902069	1	231	2	2.129
MSTB2	-2.55126990793092	0.002	1621	2	11.723
MSTB2-int	0.293358942690592	1	94	1	0.816
MSTC	-0.945108241503928	0.03	3291	12	23.104
MSTC-int	0.536726315068309	0.676	210	3	2.068
MSTD	-1.53064905046852	0	7813	19	54.894
MSTD-int	-0.75851638854748	0.46	751	4	6.767
OldhAT1	-0.0148842370859792	1	4404	27	27.28
ORSL	-0.434561511872608	0.69	1252	6	8.109
ORSL-2a	-1.37072227514817	0.628	376	1	2.586
ORSL-2b	0.853779259148956	0.182	733	9	4.98
PABL_A	0.741438003979389	0.326	544	7	4.187
PABL_A-int	-1.98804839748319	0.344	459	1	3.967
PABL_B	-0.499271883169088	0.99	393	2	2.827
PABL_B-int	-1.32596199617185	0.764	265	1	2.507
Penelope1_Vert	-0.00391058171914003	1	1123	7	7.019
Plat_L3	-0.0658020583957461	0.99	3386	21	21.98
PRIMA4_LTR	-1.40163046658474	0.602	349	1	2.642
PRIMA4-int	-0.262232685868239	1	443	3	3.598
PRIMA41-int	0.159718058573055	0.87	511	5	4.476
PRIMAX-int	-Inf	1	78	0	0.549
PrimLTR79	-Inf	0.844	136	0	0.9
REP522	-Inf	0.446	294	0	1.894
Ricksha	-Inf	0.152	431	0	3.489
Ricksha_0	0.427110331579419	0.722	386	4	2.975
Ricksha_a	2.22095044716254	0.176	57	2	0.429
Ricksha_b	-Inf	0.934	118	0	0.982
Ricksha_c	-2.83025532416768	0.022	1032	1	7.112
SAR	4.39592867633114	0.016	13	2	0.095
SATR1	-0.673556423990145	0.53	728	5	7.975
SATR2	-Inf	0.044	450	0	4.503
SST1	-Inf	0.142	650	0	3.471
SSU-rRNA_Hsa	-Inf	1	90	0	0.592
SVA_A	0.296254952443687	0.59	1230	11	8.958
SVA_B	-0.537643961929885	0.526	839	5	7.258
SVA_C	0.165963035289891	0.884	540	6	5.348
SVA_D	0.467065130719061	0.162	1491	23	16.639
SVA_E	0.598369533415259	0.344	704	8	5.284
SVA_F	1.72849464121168	0	1023	30	9.053
TAR1	0.131313234677865	1	155	1	0.913
THE1-int	-Inf	0.446	200	0	1.557
THE1A	-1.77886271154459	0	4308	9	30.884
THE1A-int	-4.02865754991996	0	1481	1	16.321
THE1B	-2.60767882019801	0	22924	27	164.571
THE1B-int	-4.51954190457844	0	4277	2	45.872
THE1C	-2.73280200713048	0	10046	11	73.122
THE1C-int	-3.29726479694994	0	1824	2	19.661
THE1D	-2.01920682879271	0	12935	23	93.233
THE1D-int	-3.06476790954274	0	2667	3	25.102
Tigger1	-2.23739800485385	0	12353	24	113.171
Tigger10	-0.143320850345249	0.934	1481	9	9.94
Tigger11a	-Inf	0.216	419	0	2.838
Tigger12	-0.575796375329082	0.612	910	4	5.962
Tigger12A	-2.25731240568561	0.174	748	1	4.781
Tigger12c	-2.53977919169849	0.062	865	1	5.815
Tigger13a	-2.17759892932773	0	3189	5	22.62
Tigger14a	-0.772814687499193	0.322	1312	5	8.543
Tigger15a	0.194964165341706	0.506	4892	37	32.323
Tigger16a	-0.244643545739398	0.784	1822	10	11.848
Tigger16b	0.209394757333387	0.71	1342	10	8.649
Tigger17	1.29689930039584	0.58	57	1	0.407
Tigger17a	-1.39341620047154	0.018	2457	7	18.389
Tigger17b	-Inf	1	94	0	0.755
Tigger17c	-Inf	0.242	347	0	2.372
Tigger17d	-1.23143240844797	0.704	336	1	2.348
Tigger18a	-1.15995204473292	0.188	1273	4	8.938
Tigger19a	-0.224410781870753	0.574	3637	20	23.366
Tigger19b	-0.541019153133559	0.166	3685	16	23.28
Tigger1a_Art	-1.02856915219677	0.796	315	1	2.04
Tigger1a_Mars	-Inf	1	45	0	0.333
Tigger2	-2.57543335707406	0	2835	4	23.842
Tigger20a	-0.244887059123535	0.878	1378	8	9.48
Tigger21a	-Inf	0.738	173	0	1.208
Tigger22N1	-1.30178272402095	0.2	1102	3	7.396
Tigger23a	-0.942232976400716	0.566	580	2	3.843
Tigger2a	-1.41389491337152	0.004	3391	9	23.981
Tigger2b_Pri	-1.95754320075711	0.006	2191	4	15.536
Tigger3	0.560642821525743	0.316	1166	13	8.814
Tigger3a	-0.512610842276819	0.056	5480	27	38.519
Tigger3b	-0.785034339343687	0.014	6456	30	51.694
Tigger3c	-0.18794868327764	0.816	2425	14	15.948
Tigger3d	-0.53472567379804	0.768	696	3	4.346
Tigger4	-2.55053132683583	0.008	1466	2	11.717
Tigger4a	-0.847503593149258	0.046	3595	13	23.392
Tigger4b	-0.676431546731382	0.176	2565	11	17.58
Tigger5	-1.91303299995214	0.238	545	1	3.766
Tigger5b	-0.974447732849667	0.09	2854	9	17.684
Tigger6	0.249822294406943	0.926	256	2	1.682
Tigger6a	-2.45654333931247	0.116	699	1	5.489
Tigger6b	-Inf	0.662	179	0	1.305
Tigger7	0.166291480377453	0.73	3017	23	20.496
Tigger8	-2.6742346477937	0.044	959	1	6.383
Tigger9a	-0.815780342582239	0.422	1043	4	7.041
Tigger9b	-0.462314127170419	0.782	774	4	5.511
tRNA-Ala-GCA	-Inf	1	41	0	0.26
tRNA-Ala-GCG	4.08314123530025	0.114	11	1	0.059
tRNA-Ala-GCY	3.12029423371771	0.206	34	1	0.115
tRNA-Ala-GCY_	-Inf	1	80	0	0.473
tRNA-Arg-AGA	-Inf	1	40	0	0.244
tRNA-Arg-AGG	3.12029423371771	0.214	21	1	0.115
tRNA-Arg-CGA	-Inf	1	8	0	0.047
tRNA-Arg-CGA_	-Inf	1	2	0	0.013
tRNA-Arg-CGG	-Inf	1	16	0	0.111
tRNA-Arg-CGY_	-Inf	1	49	0	0.303
tRNA-Asn-AAC	-Inf	1	53	0	0.294
tRNA-Asn-AAT	-Inf	1	2	0	0.009
tRNA-Asp-GAY	2.01158797427521	0.452	48	1	0.248
tRNA-Cys-TGY	0.246395463720005	1	138	1	0.843
tRNA-Gln-CAA	2.92139016530363	0.23	23	1	0.132
tRNA-Gln-CAA_	-Inf	1	34	0	0.202
tRNA-Gln-CAG	1.0350469470992	0.804	85	1	0.488
tRNA-Glu-GAA	0.849440323424619	0.858	99	1	0.555
tRNA-Glu-GAG	-Inf	1	20	0	0.128
tRNA-Glu-GAG_	0.886299500835272	0.866	97	1	0.541
tRNA-Gly-GGA	2.19099722506091	0.054	109	3	0.657
tRNA-Gly-GGG	2.25153876699596	0.364	44	1	0.21
tRNA-Gly-GGY	-Inf	1	37	0	0.188
tRNA-His-CAY	-Inf	1	1	0	0.008
tRNA-His-CAY_	2.30757280191029	0.366	53	1	0.202
tRNA-Ile-ATA	-Inf	1	65	0	0.386
tRNA-Ile-ATC	-Inf	1	9	0	0.025
tRNA-Ile-ATT	-Inf	1	55	0	0.346
tRNA-Leu-CTA	-Inf	1	2	0	0.006
tRNA-Leu-CTA_	-Inf	1	7	0	0.047
tRNA-Leu-CTG	-Inf	1	15	0	0.06
tRNA-Leu-CTY	-Inf	1	30	0	0.172
tRNA-Leu-TTA	-Inf	1	12	0	0.076
tRNA-Leu-TTA(m)	-Inf	1	27	0	0.155
tRNA-Leu-TTG	4.18442457113743	0	26	3	0.165
tRNA-Lys-AAA	-Inf	1	51	0	0.324
tRNA-Lys-AAG	-Inf	1	73	0	0.433
tRNA-Met	-Inf	1	52	0	0.252
tRNA-Met_	-Inf	1	47	0	0.258
tRNA-Met-i	-Inf	1	45	0	0.27
tRNA-Phe-TTY	0.886299500835272	0.82	91	1	0.541
tRNA-Pro-CCA	5.44222232860507	0.002	9	2	0.046
tRNA-Pro-CCG	-Inf	1	4	0	0.032
tRNA-Pro-CCY	-Inf	1	17	0	0.094
tRNA-SeC(e)-TGA	5.7178567712185	0.038	3	1	0.019
tRNA-Ser-AGY	-Inf	1	14	0	0.075
tRNA-Ser-TCA	-Inf	1	1	0	0.007
tRNA-Ser-TCA_	-Inf	1	4	0	0.027
tRNA-Ser-TCA(m)	-Inf	1	31	0	0.169
tRNA-Ser-TCG	-Inf	1	7	0	0.039
tRNA-Ser-TCY	-Inf	1	15	0	0.086
tRNA-Thr-ACA	-Inf	1	26	0	0.155
tRNA-Thr-ACG	-Inf	1	2	0	0.009
tRNA-Thr-ACG_	-Inf	1	12	0	0.065
tRNA-Thr-ACY	-Inf	1	15	0	0.077
tRNA-Thr-ACY_	-Inf	1	12	0	0.077
tRNA-Trp-TGG	-Inf	1	13	0	0.084
tRNA-Tyr-TAC	3.16488438474178	0.054	37	2	0.223
tRNA-Tyr-TAT	-Inf	1	6	0	0.028
tRNA-Val-GTA	-Inf	1	12	0	0.074
tRNA-Val-GTG	-Inf	1	43	0	0.236
tRNA-Val-GTY	-Inf	1	31	0	0.181
U1	4.15060985814518	0	223	23	1.295
U13	1.48600402063299	0.198	179	3	1.071
U13_	-Inf	0.294	316	0	1.856
U14	-Inf	1	7	0	0.057
U17	4.89969509420431	0.014	9	2	0.067
U2	0.277752582248153	0.684	1111	8	6.599
U3	1.51251365065146	0.112	234	4	1.402
U4	0.958757017768119	0.51	161	2	1.029
U5	2.17028572029427	0.008	214	6	1.333
U6	0.470062476763966	0.268	1799	15	10.829
U7	1.29070936427664	0.194	250	4	1.635
U8	2.41888982477445	0.334	34	1	0.187
UCON1	-Inf	0.484	245	0	1.56
UCON100	-Inf	1	19	0	0.113
UCON101	-Inf	0.578	208	0	1.28
UCON103	-Inf	1	14	0	0.091
UCON105	-0.516351400365143	0.772	642	3	4.291
UCON11	-Inf	1	45	0	0.306
UCON12	1.42662547355406	0.614	59	1	0.372
UCON12A	-Inf	1	23	0	0.15
UCON14	-Inf	1	100	0	0.64
UCON15	-Inf	1	50	0	0.324
UCON16	-Inf	1	38	0	0.271
UCON17	-Inf	1	33	0	0.24
UCON18	-Inf	1	33	0	0.189
UCON19	-Inf	1	31	0	0.199
UCON2	-Inf	0.848	138	0	0.905
UCON20	-Inf	1	43	0	0.302
UCON21	-Inf	1	29	0	0.159
UCON22	-Inf	1	38	0	0.238
UCON23	2.42662547355406	0.334	31	1	0.186
UCON24	-Inf	1	22	0	0.118
UCON25	-Inf	1	50	0	0.315
UCON26	1.13606154957603	0.288	207	3	1.365
UCON27	-Inf	1	102	0	0.703
UCON28a	-Inf	0.86	129	0	0.859
UCON28b	-Inf	1	75	0	0.505
UCON28c	-Inf	1	68	0	0.469
UCON29	-Inf	0.456	235	0	1.487
UCON31	-Inf	0.894	119	0	0.815
UCON33	0.15200309344505	1	136	1	0.9
UCON34	-1.12035194036522	0.746	339	1	2.174
UCON35	0.939260842142321	0.57	173	2	1.043
UCON37	0.883635243308215	0.584	172	2	1.084
UCON38	-0.410341104614087	1	208	1	1.329
UCON39	-Inf	1	107	0	0.681
UCON4	1.13923579737117	0.464	138	2	0.908
UCON40	-Inf	0.518	245	0	1.585
UCON41	-1.95196072878113	0.216	575	1	3.869
UCON44	-1.31092173523034	0.618	360	1	2.481
UCON47	-Inf	0.714	154	0	1.029
UCON48	-0.423309237242387	1	194	1	1.341
UCON49	-Inf	1	109	0	0.66
UCON5	-Inf	0.94	123	0	0.763
UCON51	-Inf	1	44	0	0.28
UCON55	-Inf	0.142	412	0	2.631
UCON56	-Inf	1	15	0	0.082
UCON57	-Inf	1	22	0	0.146
UCON58	-0.664482840364683	1	236	1	1.585
UCON59	-Inf	1	45	0	0.281
UCON6	-Inf	1	96	0	0.652
UCON60	-Inf	1	38	0	0.259
UCON61	-Inf	1	16	0	0.095
UCON62	-Inf	1	24	0	0.157
UCON63	-Inf	1	14	0	0.102
UCON64	-Inf	1	16	0	0.119
UCON65	-Inf	1	32	0	0.206
UCON66	-Inf	1	64	0	0.395
UCON67	-Inf	1	20	0	0.146
UCON68	-Inf	1	12	0	0.07
UCON69	-Inf	1	29	0	0.192
UCON7	-Inf	0.948	125	0	0.81
UCON70	-Inf	1	59	0	0.363
UCON71	-Inf	1	17	0	0.118
UCON71_Crp	0.198427430536402	1	282	2	1.743
UCON73	-Inf	0.46	259	0	1.501
UCON75	-Inf	1	24	0	0.171
UCON76	-Inf	0.82	141	0	0.934
UCON78	0.805912947883698	0.638	180	2	1.144
UCON8	-Inf	0.554	207	0	1.318
UCON80	-Inf	1	43	0	0.271
UCON80_AMi	-0.418999465431266	1	228	1	1.337
UCON81	-Inf	1	40	0	0.242
UCON83	-Inf	1	49	0	0.289
UCON84	-Inf	1	109	0	0.72
UCON85	-Inf	1	28	0	0.171
UCON86	-Inf	1	70	0	0.459
UCON87	-Inf	1	6	0	0.039
UCON88	-Inf	1	33	0	0.206
UCON89	1.68501351453148	0.53	50	1	0.311
UCON9	-Inf	1	49	0	0.345
UCON92	-Inf	1	19	0	0.116
UCON93	-Inf	1	27	0	0.15
UCON94	-Inf	1	31	0	0.225
UCON96	-Inf	1	18	0	0.126
UCON97	2.02326977932285	0.424	40	1	0.246
UCON99	1.70839644196944	0.524	56	1	0.306
X1_DNA	-2.26122990898705	0.194	710	1	4.794
X1_LINE	-Inf	1	83	0	0.599
X1_LR	-Inf	1	15	0	0.1
X10b_DNA	-0.939602720356044	0.826	308	1	1.918
X11_DNA	0.176250639691727	1	267	2	1.77
X12_DNA	-0.826192536236602	0.278	1379	5	8.865
X12_LINE	-0.482332020747376	1	227	1	1.397
X13_LINE	-Inf	0.808	148	0	0.95
X15_LINE	1.71501215306216	0.038	243	5	1.523
X17_LINE	-0.627139870965551	0.512	965	4	6.178
X2_LINE	-0.37851162325373	1	188	1	1.3
X20_LINE	-0.140124223909071	1	162	1	1.102
X21_LINE	-Inf	1	47	0	0.302
X22_DNA	-Inf	1	25	0	0.148
X23_DNA	-Inf	1	60	0	0.389
X24_DNA	0.0856906175520679	1	457	3	2.827
X24_LINE	0.160846612610179	0.938	568	4	3.578
X26_DNA	0.303338427081424	0.648	971	8	6.483
X2a_DNA	-1.41305242854853	0.522	420	1	2.663
X2b_DNA	-0.279768421593595	1	192	1	1.214
X30_DNA	0.854358771123364	0.15	765	9	4.978
X32_DNA	-1.07860983469637	0.77	327	1	2.112
X33a_DNA	-Inf	1	69	0	0.477
X34_DNA	-Inf	1	105	0	0.616
X4a_DNA	-Inf	0.62	182	0	1.168
X4b_DNA	-Inf	0.02	708	0	4.771
X5a_DNA	0.186064929518683	0.982	429	3	2.637
X5B_LINE	-Inf	1	75	0	0.49
X6a_DNA	-1.09806016434253	0.23	1005	3	6.422
X6A_LINE	-0.734438666137167	0.402	1055	4	6.655
X6b_DNA	-1.61800366984025	0.114	987	2	6.139
X6B_LINE	-0.465190887925982	0.71	891	4	5.522
X7A_LINE	0.938129563028114	0.064	937	11	5.741
X7B_LINE	-0.265196826984415	0.892	940	5	6.009
X7C_LINE	-1.00791308164326	0.482	621	2	4.022
X7D_LINE	-Inf	1	58	0	0.359
X8_LINE	-0.53605290024021	1	231	1	1.45
X9_LINE	-0.0075543361382735	1	670	4	4.021
X9a_DNA	0.594163195345166	0.344	702	7	4.637
X9b_DNA	-1.03033607837096	0.518	606	2	4.085
Zaphod	-0.756681739809004	0.246	2330	10	16.896
Zaphod2	-1.49595093694278	0.242	875	2	5.641
Zaphod3	-1.05328514466902	0.226	1235	4	8.301
Zaphod4a	-Inf	0.238	394	0	2.777
Zaphod5a	-Inf	1	80	0	0.559
Zaphod5b	-Inf	1	74	0	0.518
