	log.enrich	pval	total	real.overlap	random.mean
(CATTC)n	-Inf	0.902	64	0	1.068
(GAATG)n	-Inf	0.46	35	0	1.479
5S	0.19749655941632	0.62	1317	16	13.953
7SK	0.487351704094734	0.32	762	12	8.56
7SLRNA	0.45600928033515	0.224	1428	22	16.038
ACRO1	-Inf	1	86	0	0.794
ALR/Alpha	-Inf	0	1700	0	91.377
Alu	0.334012257594802	0.064	8195	107	84.886
AluJb	0.375869579966653	0	121115	1815	1398.713
AluJo	0.458593137232558	0	47320	739	537.767
AluJr	0.34587481764564	0	117446	1719	1352.562
AluJr4	-0.0955968359483759	0.466	12658	136	145.317
AluSc	-0.0161819907378905	0.818	38726	447	452.042
AluSc5	0.124685914299033	0.554	4259	54	49.529
AluSc8	0.00939056138333411	0.98	21085	248	246.391
AluSg	0.111159443748204	0.082	44393	563	521.25
AluSg4	0.323288819006332	0.002	12565	179	143.065
AluSg7	-0.204325476342608	0.308	6031	61	70.281
AluSp	0.105679887666966	0.032	67237	845	785.315
AluSq	0.131976668353674	0.25	12718	162	147.838
AluSq10	0.139315243118095	0.738	1575	20	18.159
AluSq2	0.123927155355938	0.034	53394	682	625.862
AluSq4	0.202066734616181	0.544	1683	23	19.994
AluSx	0.343932816150979	0	129556	1910	1504.871
AluSx1	0.380731751695458	0	110941	1690	1298.001
AluSx3	0.182992348713637	0.006	40018	524	461.578
AluSx4	0.0034686665745115	1	12119	142	141.659
AluSz	0.257965103256195	0	122105	1714	1433.361
AluSz6	0.0531819907207502	0.418	42260	511	492.506
AluY	-0.0156132508671785	0.718	101596	1177	1189.807
AluYa5	-0.799501814061595	0.006	3853	26	45.253
AluYa8	0.242635327614509	0.842	405	5	4.226
AluYb8	-0.993719643370177	0.002	2715	16	31.861
AluYb9	-2.16414264884831	0.106	383	1	4.482
AluYc	0.0286619259493732	0.888	6889	79	77.446
AluYc3	-0.148174876956569	0.97	581	6	6.649
AluYd8	-1.42599632135108	0.482	229	1	2.687
AluYe5	0.0702090022814026	0.934	1343	16	15.24
AluYe6	-1.22465773412074	0.65	199	1	2.337
AluYf1	-1.02017621215074	0.012	2082	12	24.338
AluYg6	0.535779844520857	0.206	857	14	9.657
AluYh3	0.971808072289857	0.026	665	15	7.648
AluYh3a3	0.723404081149128	0.542	161	3	1.817
AluYh7	-0.104605043229311	1	502	5	5.376
AluYh9	-Inf	0.424	178	0	1.709
AluYi6	-0.790215978868456	0.482	462	3	5.188
AluYi6_4d	-Inf	1	44	0	0.56
AluYj4	-0.0914650751387455	0.8	2913	31	33.029
AluYk11	-0.0186341741390509	1	176	2	2.026
AluYk12	-Inf	0.68	100	0	1.139
AluYk2	-0.0423390298294413	0.852	6900	78	80.323
AluYk3	0.0726624132161584	0.706	6210	76	72.267
AluYk4	0.366199563860906	0.392	1117	17	13.189
AluYm1	0.226081555265692	0.252	4835	65	55.572
AmnSINE1	0.940040684117518	0	2633	55	28.667
AmnSINE2	-0.301002256032814	0.794	671	6	7.392
Arthur1	-0.0491144130158355	0.99	2360	27	27.935
Arthur1A	0.170393953539445	0.706	1183	15	13.329
Arthur1B	-0.184967883952005	0.71	2347	24	27.283
Arthur1C	0.58712816793927	0.256	727	12	7.988
Arthur2	0.515664699540479	0.274	1016	17	11.891
BC200	0.506538976484258	0.314	707	11	7.743
BLACKJACK	-2.72088037476207	0	2162	4	26.371
BSR/Beta	0.255995514833662	0.62	1956	22	18.423
CER	-Inf	0.152	86	0	2.499
Chap1_Mam	-0.908684833254054	0.41	498	3	5.632
Chap1a_Mam	0.135093031920431	0.814	1431	18	16.391
Charlie1	-0.0508974008532751	0.998	1939	22	22.79
Charlie10	-0.201947456441158	0.836	1157	12	13.803
Charlie10a	-1.81147103052984	0.338	307	1	3.51
Charlie10b	-0.706198987429777	0.766	276	2	3.263
Charlie11	-0.407080775450501	1	113	1	1.326
Charlie12	-Inf	1	23	0	0.283
Charlie13a	0.413542146322547	0.548	561	9	6.757
Charlie13b	0.322529343089809	0.706	408	6	4.798
Charlie14a	-0.978439719867648	0.44	521	3	5.911
Charlie15a	0.187907554488206	0.494	3250	41	35.993
Charlie15b	-0.456871844230184	0.352	1942	16	21.961
Charlie16	-0.0532851446690238	1	1476	16	16.602
Charlie16a	0.652538432874526	0.054	1474	25	15.904
Charlie17	-0.360645202460216	0.866	550	5	6.42
Charlie17a	-0.808693945859262	0.132	1251	8	14.013
Charlie17b	-0.100529187963395	1	543	6	6.433
Charlie18a	-0.489542935642473	0.148	2509	20	28.08
Charlie19a	0.356846511090591	0.318	1620	23	17.96
Charlie1a	-1.71005249195854	0	5856	22	71.978
Charlie1b	-0.561814895683083	0.088	3087	24	35.427
Charlie20a	-0.344970487553226	0.748	891	8	10.161
Charlie21a	-1.20163386116965	0.24	772	4	9.2
Charlie22a	-0.0838374081104555	1	1121	12	12.718
Charlie23a	-0.0728775473779575	0.96	1506	16	16.829
Charlie24	0.00645847253315266	1	1289	15	14.933
Charlie25	0.326390370461698	0.524	1094	17	13.558
Charlie26a	-1.54225804976692	0.21	517	2	5.825
Charlie29a	-0.247684512762383	0.764	986	10	11.873
Charlie29b	-1.02556040232443	0.102	1465	8	16.286
Charlie2a	-1.31039829262647	0.016	2095	10	24.801
Charlie2b	-1.28451413324425	0.002	3743	18	43.848
Charlie3	-1.33942247434663	0.382	342	2	5.061
Charlie30a	0.180331816503544	0.904	467	6	5.295
Charlie30b	0.492890406218227	0.394	620	10	7.106
Charlie31a	0.386468347082073	0.47	812	12	9.18
Charlie32a	0.0404771144850657	1	266	3	2.917
Charlie4	0.795163706792006	0.088	919	18	10.373
Charlie4a	-0.780352098287665	0.03	2908	20	34.351
Charlie4z	0.452967864555236	0	6037	91	66.479
Charlie5	-0.570851483422919	0.212	2609	20	29.708
Charlie6	-0.773574422771308	0.872	264	2	3.419
Charlie7	-1.36895455134161	0	3983	18	46.491
Charlie7a	-0.0202354884019887	1	1465	16	16.226
Charlie7b_Mars	-Inf	1	58	0	0.636
Charlie8	0.28205387753304	0.202	4420	62	50.99
Charlie9	-0.132717838716011	0.914	1322	14	15.349
Cheshire	-1.34221337345832	0.116	1037	5	12.677
Chompy-6_Croc	-Inf	1	14	0	0.17
Chompy-7_Croc	-Inf	1	17	0	0.198
CR1_Mam	-0.602244895977287	0.188	1729	13	19.735
CR1-1_Amn	1.40545145044965	0.376	66	2	0.755
CR1-11_Crp	3.01741705307741	0.052	24	2	0.247
CR1-12_AMi	-Inf	0.456	132	0	1.52
CR1-13_AMi	1.39466370909456	0.212	102	3	1.141
CR1-16_AMi	-1.81393507048132	0.256	309	1	3.516
CR1-3_Croc	-0.116935029460613	0.898	1348	14	15.182
CR1-8_Crp	-Inf	1	5	0	0.041
CR1-L3A_Croc	-0.228151690625133	1	320	3	3.514
CR1-L3B_Croc	-Inf	1	38	0	0.406
CRP1	-Inf	1	6	0	0.043
D20S16	-Inf	0.688	388	0	4.286
DNA1_Mam	-0.913798964950696	0.946	172	1	1.884
ERV24_Prim-int	-0.170694233687083	1	435	5	5.628
ERV24B_Prim-int	-0.815302165287385	0.654	379	3	5.279
ERV3-16A3_I-int	-0.871328710616992	0	6685	49	89.638
ERV3-16A3_LTR	0.455899339771874	0.26	1117	18	13.123
ERVL-B4-int	-1.14941546472336	0.002	4138	25	55.456
ERVL-E-int	-0.371348978013268	0.084	9119	89	115.127
ERVL-int	-Inf	0	831	0	10.91
ERVL47-int	-0.581592278836014	0.976	211	2	2.993
Eulor1	-Inf	0.748	85	0	0.953
Eulor10	1.12029423371771	0.706	39	1	0.46
Eulor11	-0.204140716780225	1	103	1	1.152
Eulor12	-Inf	1	57	0	0.613
Eulor2A	-Inf	0.918	68	0	0.778
Eulor2B	-Inf	1	58	0	0.661
Eulor2C	-Inf	1	40	0	0.445
Eulor3	-Inf	1	38	0	0.442
Eulor4	-Inf	1	32	0	0.389
Eulor5A	0.459972730742493	0.834	126	2	1.454
Eulor5B	-Inf	1	43	0	0.437
Eulor6A	-Inf	1	30	0	0.337
Eulor6B	-Inf	0.97	63	0	0.716
Eulor6C	-Inf	1	21	0	0.215
Eulor6D	0.142417044615852	1	77	1	0.906
Eulor6E	-Inf	1	31	0	0.329
Eulor7	-Inf	1	12	0	0.131
Eulor8	-Inf	0.394	145	0	1.622
Eulor9A	-Inf	0.544	125	0	1.391
Eulor9B	-Inf	1	30	0	0.341
Eulor9C	-Inf	0.614	106	0	1.214
EuthAT-2	-1.84629271876723	0.046	1166	4	14.383
EuthAT-N1	0.0291463456595165	1	82	1	0.98
EuthAT-N1a	1.66200353648498	0.288	51	2	0.632
Eutr10	0.388229572498961	0.464	996	15	11.461
Eutr11	-2.83106651060507	0.036	620	1	7.116
Eutr15	-Inf	0.006	659	0	7.431
Eutr16	1.40449633949726	0.004	524	16	6.044
Eutr18	0.786066546201368	0.102	682	13	7.539
Eutr2	-0.39231742277876	1	232	2	2.625
Eutr2B	0.0484122051852459	1	441	5	4.835
Eutr5	-2.25096157353322	0.13	411	1	4.76
EUTREP14	-2.15930625464117	0.144	393	1	4.467
EUTREP15	0.797739016437997	0.458	197	4	2.301
EUTREP16	0.319225574507539	0.704	424	6	4.809
EUTREP2	0.723404081149127	0.112	834	15	9.085
EUTREP4	-Inf	0.074	301	0	3.43
EUTREP6	-Inf	1	13	0	0.162
EUTREP7	-1.63226821549951	0.44	279	1	3.1
EUTREP8	-1.62573806190865	0.372	269	1	3.086
EutTc1-N1	-Inf	1	61	0	0.697
EutTc1-N2	-1.10567807789454	0.814	197	1	2.152
FAM	-0.246252348311193	0.308	4362	41	48.631
FLAM_A	0.10542606666243	0.358	15391	181	168.245
FLAM_C	0.410021760389505	0	25202	366	275.456
FordPrefect	0.224504576127223	0.776	614	9	7.703
FordPrefect_a	0.640253953094529	0.462	281	5	3.208
FRAM	0.337032885374107	0	20741	289	228.792
GSAT	-Inf	0.458	39	0	1.583
GSATII	-1.449957483628	0.808	175	1	2.732
GSATX	-Inf	1	53	0	0.921
HAL1	-1.11167193351557	0	21741	123	265.798
HAL1b	-1.88121711591142	0	4461	14	51.574
HAL1M8	-1.64247053731582	0.002	2273	9	28.098
HAL1ME	-1.49536506422636	0	7554	31	87.4
Harlequin-int	0.132319147890212	0.882	590	11	10.036
hAT-1_Mam	0.176413665291188	0.676	1483	20	17.698
hAT-16_Crp	2.05889368905357	0.426	23	1	0.24
hAT-4b_Ther	-1.47352717715676	0.572	235	1	2.777
hAT-5_Mam	0.210062131019805	0.73	920	12	10.374
hAT-N1_Mam	0.56277226108709	0.576	240	4	2.708
hAT-N1a_Mam	0.161115446122722	0.906	473	6	5.366
Helitron1Na_Mam	-1.96014098031077	0.32	332	1	3.891
Helitron1Nb_Mam	0.288416992526039	0.768	361	5	4.094
Helitron2Na_Mam	-0.283032774616415	0.94	435	4	4.867
Helitron3Na_Mam	-0.237674955839678	0.774	1129	11	12.97
HERV-Fc1_LTR1	-Inf	1	17	0	0.141
HERV-Fc1_LTR2	-Inf	1	3	0	0.034
HERV-Fc1_LTR3	3.92139016530363	0.124	5	1	0.066
HERV-Fc1-int	-Inf	1	6	0	0.137
HERV-Fc2_LTR	-Inf	1	4	0	0.057
HERV-Fc2-int	-Inf	1	5	0	0.154
HERV1_I-int	1.43570313522153	0.296	49	3	1.109
HERV1_LTRa	-Inf	1	27	0	0.35
HERV1_LTRb	2.89969509420431	0.244	10	1	0.134
HERV1_LTRc	2.13289427049735	0.166	34	2	0.456
HERV1_LTRd	2.33642766458248	0.34	16	1	0.198
HERV1_LTRe	-Inf	1	34	0	0.346
HERV15-int	-0.629473196786948	1	122	1	1.547
HERV16-int	-0.908310396476845	0.09	1930	13	24.399
HERV17-int	0.76213039913249	0.112	916	24	14.151
HERV3-int	0.381134902779032	0.668	322	6	4.607
HERV30-int	0.7095755961347	0.662	72	2	1.223
HERV35I-int	-0.466061502303311	0.76	627	6	8.288
HERV4_I-int	0.0914176345211864	0.898	349	5	4.693
HERV9-int	-1.35407596891097	0.16	367	3	7.669
HERV9N-int	-0.0727918181067024	1	229	4	4.207
HERV9NC-int	-2.53081986991352	0.064	257	1	5.779
HERVE_a-int	-0.865126995080695	0.678	190	2	3.643
HERVE-int	2.94230713283165	0	284	40	5.204
HERVFH19-int	-Inf	0.438	114	0	1.772
HERVFH21-int	-1.02573756141361	1	132	1	2.036
HERVH-int	-0.206975509122577	0.502	5931	79	91.187
HERVH48-int	-0.270229907237998	1	124	2	2.412
HERVI-int	0.200912693925996	0.964	88	2	1.74
HERVIP10B3-int	-0.434383588083656	1	248	3	4.054
HERVIP10F-int	2.25587080517014	0	327	27	5.653
HERVIP10FH-int	2.03322880566022	0	439	26	6.352
HERVK-int	-0.595185360437272	0.78	258	3	4.532
HERVK11-int	-1.16767906186135	0.57	286	2	4.493
HERVK11D-int	1.13447704086004	0.454	43	2	0.911
HERVK13-int	-0.0676387168753634	0.948	68	1	1.048
HERVK14-int	-1.03068920407114	0.56	440	3	6.129
HERVK14C-int	-0.488515008957812	1	81	1	1.403
HERVK22-int	-0.497331335230275	0.754	449	5	7.058
HERVK3-int	1.46053982785706	0.04	368	14	5.087
HERVK9-int	-3.54225804976692	0.002	722	1	11.65
HERVKC4-int	1.06491747668134	0.492	65	2	0.956
HERVL-int	-0.434061045276931	0.178	2403	32	43.233
HERVL18-int	0.923493526284005	0.21	507	13	6.854
HERVL32-int	0.188528969470164	0.822	137	2	1.755
HERVL40-int	-0.202804269217411	0.836	1398	15	17.264
HERVL66-int	0.497160241744068	0.722	141	2	1.417
HERVL74-int	-2.29248729162076	0.392	393	1	4.899
HERVP71A-int	-1.0401910718383	0.628	254	2	4.113
HERVS71-int	0.41119543298445	0.658	188	5	3.76
HSAT4	-Inf	0.448	100	0	2.261
HSAT5	0.29689930039584	0.786	279	3	2.442
HSAT6	-Inf	1	19	0	0.112
HSATI	-Inf	1	60	0	0.431
HSMAR1	-Inf	0	725	0	10.149
HSMAR2	-2.58940396668385	0	1829	4	24.074
HUERS-P1-int	-2.01042180548651	0.106	530	2	8.058
HUERS-P2-int	-1.99457972421575	0.338	267	1	3.985
HUERS-P3-int	-3.48400919826974	0.01	790	1	11.189
HUERS-P3b-int	-1.84438565300257	0.218	538	2	7.182
HY1	-0.0132121114268511	1	461	5	5.046
HY3	0.0193653248669312	1	576	6	5.92
HY4	0.166502663140165	1	164	2	1.782
HY5	-Inf	1	23	0	0.249
Kanga1	-0.479969608935673	0.606	818	7	9.763
Kanga11a	-1.34468649246552	0.106	895	4	10.159
Kanga1a	-2.32840565895857	0.004	852	2	10.045
Kanga1b	1.00288827932483	0.134	382	9	4.491
Kanga1c	-0.910732661902913	0.234	834	5	9.4
Kanga1d	-0.660654852035228	0.474	686	5	7.904
Kanga2_a	-1.89894354290607	0.002	1568	5	18.647
L1HS	-4.46995107837239	0	1642	1	22.161
L1M	0.399384234967358	0.456	778	11	8.34
L1M1	-1.3475972388174	0	10162	58	147.603
L1M2	-2.39783866874775	0	9331	23	121.213
L1M2a	-1.18945560338466	0.38	459	3	6.842
L1M2a1	-0.852797892818771	1	128	1	1.806
L1M2b	-0.579662897016007	0.938	213	2	2.989
L1M2c	-0.354790649231071	0.872	452	5	6.394
L1M3	-2.00157299129618	0	7486	22	88.096
L1M3a	-1.00827173796354	0.418	673	4	8.046
L1M3b	-Inf	0.01	589	0	7.672
L1M3c	-2.24650943212654	0.01	1090	3	14.236
L1M3d	-2.79742808215231	0.066	532	1	6.952
L1M3de	-Inf	0.02	498	0	6.344
L1M3e	-1.80171051420156	0.068	811	3	10.459
L1M3f	-3.32495457777726	0.012	694	1	10.021
L1M4	-1.58442425217712	0	20797	84	251.906
L1M4a1	-2.29660423908893	0	2713	7	34.391
L1M4a2	-2.1512635227054	0.002	2113	6	26.653
L1M4b	-1.81908056409096	0	4399	16	56.457
L1M4c	-3.57927067584913	0	3723	4	47.811
L1M5	-1.47876128002257	0	46104	193	537.909
L1M6	-2.11365605316152	0	5437	15	64.918
L1M6B	-3.08508467862865	0.02	740	1	8.486
L1M7	-2.42350133788592	0	3102	7	37.553
L1M8	-2.41872967673653	0.004	1753	4	21.388
L1MA1	-2.46096093888139	0	4356	12	66.07
L1MA10	-1.66857301647589	0	5240	20	63.58
L1MA2	-2.13360146161709	0	7599	26	114.091
L1MA3	-1.51766135461733	0	9329	49	140.3
L1MA4	-2.43118710915898	0	10977	27	145.621
L1MA4A	-2.51377496135955	0	6355	16	91.378
L1MA5	-1.78845371012403	0	4601	18	62.18
L1MA5A	-2.36811645189135	0	3535	9	46.464
L1MA6	-2.89324570309532	0	5653	10	74.294
L1MA7	-2.49218648066064	0	8860	20	112.526
L1MA8	-2.16336210696521	0	11543	33	147.826
L1MA9	-2.00063437915779	0	17080	54	216.095
L1MB1	-1.77554224561853	0	6361	24	82.168
L1MB2	-1.5180573248992	0	9323	39	111.698
L1MB3	-0.576293158927774	0	18216	150	223.652
L1MB4	-1.51282504563947	0	9583	41	117.001
L1MB5	-0.155007326691185	0.43	10120	110	122.477
L1MB7	-0.995448337983929	0	23879	150	299.055
L1MB8	-1.05001640923784	0	17029	103	213.267
L1MC	-1.43419547335848	0	8093	35	94.581
L1MC1	-1.92678275243479	0	13334	47	178.697
L1MC2	-1.91593803040636	0	6531	22	83.019
L1MC3	-1.14032876576087	0	13567	80	176.345
L1MC4	-1.08407412731315	0	24233	138	292.562
L1MC4a	-0.966211259205075	0	10189	64	125.037
L1MC5	-1.12230868129387	0	14811	81	176.333
L1MC5a	-1.0513118598798	0	18323	104	215.531
L1MCa	-1.04222705478731	0	7351	47	96.792
L1MCb	-1.99525191158456	0.002	2184	7	27.908
L1MCc	-1.55585120553578	0	3320	14	41.161
L1MD	-2.61250514947543	0	8747	17	103.966
L1MD1	-1.6629194532123	0	7120	30	94.997
L1MD2	-1.1710949673383	0	11235	63	141.865
L1MD3	-0.623757996462189	0.012	5553	43	66.258
L1MDa	-2.21657902935861	0	7208	20	92.958
L1MDb	-1.27094748747706	0.128	1016	5	12.066
L1ME1	-1.57831643512327	0	32075	137	409.111
L1ME2	-1.38767764295386	0	13123	63	164.844
L1ME2z	-1.19232367257511	0	7469	39	89.123
L1ME3	-0.600599619674056	0.004	9350	75	113.726
L1ME3A	-0.86679366912372	0	16176	109	198.773
L1ME3B	-1.18211312599894	0	8464	45	102.109
L1ME3C	-1.01281893346344	0.002	3352	20	40.357
L1ME3Cz	-1.37967061399561	0	14582	67	174.34
L1ME3D	-2.14730669878029	0	4406	12	53.16
L1ME3E	-0.532067552289031	0.082	4645	39	56.394
L1ME3F	-0.912956381080624	0.006	4641	30	56.487
L1ME3G	-1.13928611769662	0	19078	100	220.272
L1ME4a	-0.803218685306355	0	29875	198	345.508
L1ME4b	-0.565769477626031	0	25168	198	293.075
L1ME4c	-0.746625469570283	0	9612	66	110.739
L1ME5	-0.846846473680202	0.016	3487	23	41.367
L1MEa	-Inf	0.056	368	0	4.54
L1MEb	-0.493237419200215	0.396	1753	15	21.114
L1MEc	-1.81896208217566	0	18334	66	232.866
L1MEd	-2.16021989409564	0	17206	47	210.082
L1MEf	-2.51876753186942	0	11747	26	149.004
L1MEg	-1.95084163754915	0	13699	44	170.104
L1MEg1	-3.58412068305994	0.002	1034	1	11.993
L1MEg2	-1.64693066092417	0.136	761	3	9.395
L1MEh	-1.29258545083433	0.002	3089	15	36.745
L1MEi	-1.10319547297464	0	5382	30	64.449
L1MEj	-2.85678654628808	0	2432	4	28.976
L1P	-Inf	0.37	170	0	1.727
L1P1	-3.52928998702377	0	3334	4	46.183
L1P2	-2.46032319093225	0	1647	5	27.517
L1P3	-2.81560470403309	0	3541	7	49.281
L1P3b	-Inf	0.734	88	0	1.142
L1P4	-2.76907651550299	0	3933	7	47.717
L1P4a	-1.16462539773716	0.246	592	4	8.967
L1P4b	0.873687869671296	0.42	158	4	2.183
L1P4c	0.662003536484984	0.606	107	2	1.264
L1P4d	0.716078227692382	0.502	162	4	2.435
L1P4e	-Inf	0.184	199	0	2.769
L1P5	-3.16269343221124	0.012	809	1	8.955
L1PA10	-2.30273113369582	0	7337	22	108.546
L1PA11	-2.10317308773618	0	4243	15	64.448
L1PA12	-2.63986884639334	0	1835	4	24.931
L1PA13	-2.42506178376022	0	9214	25	134.263
L1PA14	-2.91765452365874	0	3079	6	45.337
L1PA15	-2.63289967189073	0	8639	21	130.257
L1PA15-16	-0.96316582286443	0.046	1519	12	23.395
L1PA16	-2.29077544334868	0	14511	42	205.514
L1PA17	-2.44953936536769	0	4850	12	65.549
L1PA2	-3.79346489680585	0	5114	7	97.061
L1PA3	-4.01929133860876	0	11102	13	210.8
L1PA4	-3.08308241653419	0	12283	26	220.33
L1PA5	-2.55885825015353	0	11650	34	200.342
L1PA6	-3.10139795218253	0	6196	14	120.155
L1PA7	-3.08621358128912	0	13418	28	237.794
L1PA8	-2.1450614840262	0	8382	27	119.424
L1PA8A	-3.07529301778761	0	2467	5	42.143
L1PB	-4.58273662964964	0	1911	1	23.963
L1PB1	-1.81679741434088	0	13410	58	204.333
L1PB2	-2.10269172107843	0	2963	10	42.951
L1PB3	-1.92629768932722	0	3726	14	53.211
L1PB4	-1.94091844779871	0	7713	26	99.827
L1PBa	-0.942149549867362	0.022	2222	18	34.585
L1PBa1	-1.03104224335857	0.256	468	4	8.174
L1PBb	-2.37629038333705	0.122	336	1	5.192
L1PREC2	-2.55352024777495	0	8315	20	117.413
L2	-0.0348085722719773	0.584	55157	632	647.434
L2-1_AMi	0.258823448734534	0.572	949	13	10.865
L2-1_Crp	1.25153876699596	0.68	42	1	0.42
L2-2_Mam	-0.0313951962755342	1	557	6	6.132
L2-3_AMi	-Inf	1	11	0	0.108
L2-3_Crp	-0.545827198300259	0.176	1749	14	20.438
L2a	0.253622323917337	0	170012	2365	1983.733
L2b	0.699927573366583	0	93700	1736	1068.687
L2c	0.34305226882322	0	129292	1881	1482.927
L2d	0.214231203174569	0.016	28368	371	319.804
L2d2	0.256561048305951	0	53617	717	600.187
L3	0.202522443180401	0.004	46112	604	524.894
L3b	0.483081076946902	0	9843	154	110.179
L4_A_Mam	-0.51786662468333	0.012	6659	55	78.751
L4_B_Mam	-0.621955734231693	0.038	3332	25	38.474
L4_C_Mam	-0.662538092423132	0.004	5094	37	58.566
L5	-0.263892897403839	0.818	745	7	8.405
LFSINE_Vert	0.191281203378247	0.516	2331	29	25.399
Looper	-0.735088870478176	0.628	559	4	6.658
LOR1-int	-2.60541531454312	0.014	1421	3	18.257
LOR1a	-0.779189667929191	0.244	852	6	10.297
LOR1b	-0.596034004603442	0.302	1133	9	13.604
LSAU	1.49546434988205	0.252	143	3	1.064
LSU-rRNA_Hsa	-0.654741034767322	0.682	454	3	4.723
LTR06	-Inf	0.734	104	0	1.154
LTR1	-0.660837367696284	0.814	252	2	3.162
LTR101_Mam	0.594785583206798	0.144	1176	21	13.905
LTR102_Mam	0.110248347580629	0.892	528	7	6.485
LTR103_Mam	-0.306512237425092	0.784	762	7	8.657
LTR103b_Mam	0.169947543728438	0.832	621	8	7.111
LTR104_Mam	0.0710296659012983	0.856	1986	24	22.847
LTR105_Mam	-Inf	0.002	682	0	8.078
LTR106_Mam	-0.646899948621948	0.53	664	5	7.829
LTR107_Mam	0.253257284222264	0.762	427	6	5.034
LTR108a_Mam	0.205896101440252	1	86	1	0.867
LTR108b_Mam	-Inf	1	54	0	0.614
LTR108c_Mam	-Inf	1	44	0	0.547
LTR108d_Mam	-Inf	0.968	67	0	0.806
LTR108e_Mam	-1.06695024392463	0.82	182	1	2.095
LTR109A2	-Inf	1	27	0	0.323
LTR10A	4.94378037503848	0	327	122	3.964
LTR10B	2.64686493964706	0.008	82	6	0.958
LTR10B1	0.978520272589549	0.316	171	4	2.03
LTR10B2	1.20978402113154	0.294	107	3	1.297
LTR10C	1.32023180422646	0.006	539	17	6.808
LTR10D	1.18573670860022	0.16	182	5	2.198
LTR10E	0.98523664732826	0.182	293	7	3.536
LTR10F	3.69343821862529	0	450	74	5.72
LTR10G	1.50021787985269	0.104	131	4	1.414
LTR12	-1.12101540096137	0.082	791	5	10.875
LTR12_	-1.25741298748513	0.16	557	3	7.172
LTR12B	-Inf	0.12	178	0	2.804
LTR12C	-0.908182671601513	0	2781	25	46.917
LTR12D	-Inf	0	502	0	7.008
LTR12E	-Inf	0.388	115	0	1.657
LTR12F	-0.660107166470578	0.422	653	5	7.901
LTR13	1.66001990487743	0	524	23	7.278
LTR13_	2.91267294820252	0	48	5	0.664
LTR13A	2.19963766508393	0	210	13	2.83
LTR14	2.51457317282976	0.002	96	7	1.225
LTR14A	0.230228260750552	0.994	144	2	1.705
LTR14B	0.053793170962472	1	368	5	4.817
LTR14C	0.344648171387446	0.91	137	2	1.575
LTR15	-0.726831217032493	0.752	311	2	3.31
LTR16	0.506431486744392	0.018	3080	52	36.606
LTR16A	0.152228092672095	0.496	4295	57	51.292
LTR16A1	0.48129701795546	0.074	2734	45	32.235
LTR16A2	0.750808886253275	0.01	1849	37	21.988
LTR16B	-1.07792657868507	0.18	702	4	8.444
LTR16B1	0.141322699464612	0.756	1203	16	14.507
LTR16B2	-0.0651006113962242	0.944	1681	19	19.877
LTR16C	-0.125705444210261	0.602	6765	73	79.646
LTR16D	0.438090087025686	0.34	1137	18	13.286
LTR16D1	1.21591485726524	0.16	214	6	2.583
LTR16D2	-Inf	0.076	314	0	3.763
LTR16E1	-0.512937191218628	0.146	2540	21	29.966
LTR16E2	0.475627660327541	0.096	2368	39	28.047
LTR17	-0.0843117041237675	0.982	855	11	11.662
LTR18A	1.59946207041627	0.038	198	7	2.31
LTR18B	0.116848429137522	0.938	371	5	4.611
LTR18C	1.10005101381033	0.464	77	2	0.933
LTR19-int	0.391190757324476	0.76	229	4	3.05
LTR19A	1.03854504366177	0.054	457	11	5.355
LTR19B	0.561494220217251	0.536	287	5	3.388
LTR19C	0.805072461381109	0.508	140	3	1.717
LTR1A1	-1.36401205355861	0.262	367	2	5.148
LTR1A2	-1.94373382963453	0.008	851	3	11.541
LTR1B	0.113723005382915	0.88	349	5	4.621
LTR1B0	-Inf	0.608	92	0	1.266
LTR1B1	-Inf	0.224	174	0	2.333
LTR1C	0.169744675832317	1	64	1	0.889
LTR1C1	-Inf	0.854	72	0	0.925
LTR1C3	-Inf	1	65	0	0.729
LTR1D	-Inf	0.038	306	0	4.361
LTR1D1	-0.465713319595964	0.822	310	3	4.143
LTR1E	-0.0303360783709588	1	300	4	4.085
LTR1F	-Inf	0.354	136	0	1.852
LTR1F1	-1.62105550329974	0.388	234	1	3.076
LTR1F2	-0.874993638932967	0.91	137	1	1.834
LTR2	-0.011885925609015	1	897	11	11.091
LTR21A	0.774725070130431	0.658	94	2	1.169
LTR21B	-Inf	1	36	0	0.413
LTR21C	-Inf	1	22	0	0.275
LTR22	-Inf	0.76	109	0	1.063
LTR22A	1.50225991139091	0.058	170	6	2.118
LTR22B	-Inf	0.44	154	0	1.58
LTR22B1	0.628905848308753	0.608	156	3	1.94
LTR22B2	-Inf	1	39	0	0.47
LTR22C	-Inf	1	17	0	0.237
LTR22C0	-Inf	0.512	113	0	1.421
LTR22C2	-Inf	0.824	82	0	0.931
LTR22E	-Inf	0.522	118	0	1.416
LTR23	1.66414519906972	0	878	32	10.097
LTR23-int	-0.244278198578144	1	203	2	2.369
LTR24	1.64837167089722	0.014	314	12	3.828
LTR24B	1.1257932141222	0.08	462	12	5.499
LTR24C	0.971116569392033	0.17	377	9	4.591
LTR25	0.959037452221502	0.266	315	5	2.572
LTR25-int	-1.33913738491959	0.304	622	3	7.59
LTR26	0.886871053846731	0.08	610	14	7.571
LTR26B	0.833070362316847	0.488	137	3	1.684
LTR26C	1.66086261508041	0.008	316	12	3.795
LTR26D	0.830844641169106	0.414	229	5	2.811
LTR26E	1.74274794676021	0.056	124	5	1.494
LTR27	0.558162441377441	0.492	322	6	4.075
LTR2752	-1.81147103052984	0.302	233	1	3.51
LTR27B	-0.981121989794311	0.858	151	1	1.974
LTR27C	-Inf	0.434	119	0	1.555
LTR27D	-Inf	0.102	272	0	3.54
LTR27E	-1.55237707109487	0.496	222	1	2.933
LTR28	-0.944108799107955	0.922	140	1	1.924
LTR28B	-1.87735162644926	0.264	264	1	3.674
LTR28C	-1.71852602646226	0.38	228	1	3.291
LTR29	0.573466861883327	0.268	730	13	8.736
LTR2B	1.57909270126265	0	354	13	4.351
LTR2C	0.585539694183902	0.52	313	5	3.332
LTR3	1.29453809685586	0.276	97	3	1.223
LTR30	-Inf	0.284	149	0	1.881
LTR31	-0.584962500721156	0.886	251	2	3
LTR32	0.961864871113229	0.028	1235	28	14.375
LTR33	0.0911444032917736	0.594	9406	117	109.837
LTR33A	-0.702657543390911	0.082	2229	16	26.04
LTR33A_	0.212428232143007	0.58	1779	24	20.714
LTR33B	-1.65290710014635	0	1635	6	18.868
LTR33C	-0.691916961111484	0.262	944	7	11.308
LTR34	2.10514067104716	0	271	14	3.254
LTR35	2.31986857270907	0.022	117	7	1.402
LTR35A	3.06612525828464	0	95	10	1.194
LTR35B	-0.276794404789259	1	206	2	2.423
LTR36	0.193587553913127	0.792	505	7	6.121
LTR37-int	-2.46693159161313	0.006	1395	3	16.586
LTR37A	-0.137878201077295	0.818	2029	21	23.106
LTR37B	-1.08807990500692	0.03	2097	11	23.385
LTR38	-0.652601217596519	0.852	258	2	3.144
LTR38-int	-Inf	0.684	116	0	1.409
LTR38A1	0.0702090022814026	1	164	2	1.905
LTR38B	0.434890303468166	0.702	236	4	2.959
LTR38C	1.92686529536978	0.044	132	6	1.578
LTR39	0.146638334199889	0.786	1297	17	15.357
LTR39-int	0.431157164642121	0.742	197	3	2.225
LTR3A	2.05356024475053	0.002	179	9	2.168
LTR3B	1.06491747668134	0.496	90	2	0.956
LTR3B_	-0.699995743667396	0.834	276	2	3.249
LTR4	3.08586073665384	0	107	9	1.06
LTR40a	-1.14392767324568	0.006	2032	11	24.308
LTR40A1	-0.496104379770732	0.696	580	5	7.052
LTR40b	-0.429535626278197	0.464	1142	10	13.468
LTR40c	0.0900349332420316	0.932	610	8	7.516
LTR41	0.531260301762637	0.252	1199	20	13.839
LTR41B	0.123005396750582	0.864	868	11	10.101
LTR41C	-0.866789314315316	0.326	766	5	9.118
LTR42	0.555686318350524	0.506	338	6	4.082
LTR43	1.0439433475876	0.096	470	11	5.335
LTR43-int	-0.0384361816561079	0.898	182	2	2.054
LTR43B	-0.576763977673125	0.928	250	2	2.983
LTR44	-0.445196982381709	1	233	2	2.723
LTR45	-1.0962618530584	0.84	177	1	2.138
LTR45B	0.856679149654751	0.178	448	9	4.97
LTR45C	-0.00604663011841485	1	473	5	5.021
LTR46	-0.61541629726287	0.86	260	2	3.064
LTR46-int	-Inf	0.76	82	0	1.407
LTR47A	0.862496476250065	0.074	696	15	8.25
LTR47A2	1.53407776069606	0.042	287	10	3.453
LTR47B	1.8160371651574	0.258	43	2	0.568
LTR47B2	0.500217879852688	0.664	175	3	2.121
LTR47B3	-0.457331625485014	1	122	1	1.373
LTR47B4	-Inf	0.686	105	0	1.183
LTR48	0.515300765536223	0.238	1009	17	11.894
LTR48B	-0.30579546142049	0.694	1026	10	12.361
LTR49	-0.00464121052403901	1	1584	18	18.058
LTR49-int	-2.2798674499796	0.002	2333	6	29.138
LTR5	-Inf	1	25	0	0.299
LTR5_Hs	1.26730608285428	0	701	23	9.555
LTR50	-0.764355592197712	0.058	2597	18	30.575
LTR51	1.45177477468024	0.01	416	14	5.118
LTR52	-1.36815371109619	0.054	1109	5	12.907
LTR52-int	-Inf	0.462	176	0	2.101
LTR53	0.751951001562794	0.21	516	10	5.938
LTR53-int	-1.29425313644451	0.484	354	2	4.905
LTR53B	-Inf	0.244	198	0	2.333
LTR54	0.844466626534082	0.042	1137	24	13.366
LTR54B	0.637249595005296	0.174	884	16	10.287
LTR55	-0.00719550140420405	1	425	5	5.025
LTR56	1.02009660563323	0.012	1050	24	11.834
LTR57	-0.10701824988212	1	282	3	3.231
LTR57-int	-2.27619886503224	0.226	387	1	4.844
LTR58	-Inf	1	76	0	0.937
LTR59	0.514573172829758	0.766	116	2	1.4
LTR5A	-0.414315971361385	0.902	306	3	3.998
LTR5B	1.01539662866441	0.038	469	13	6.431
LTR60	1.23786383009889	0.638	38	1	0.424
LTR60B	0.773984783597012	0.424	254	5	2.924
LTR61	-0.0840642647884746	1	200	2	2.12
LTR62	0.995318843882092	0.166	326	8	4.013
LTR64	1.43342835937324	0.022	384	12	4.443
LTR65	0.658203968734691	0.336	477	9	5.703
LTR66	-0.543660847697964	0.816	435	3	4.373
LTR67B	-0.114400343159433	0.744	3787	40	43.301
LTR68	-Inf	0.038	356	0	4.071
LTR69	1.09541956507868	0.282	147	4	1.872
LTR6A	-0.344449787180097	0.968	329	3	3.809
LTR6B	-0.00216242115062078	1	163	2	2.003
LTR7	-0.00499269379727556	1	2427	30	30.104
LTR70	-Inf	0.43	162	0	2.059
LTR71A	-0.0996318500144603	1	170	2	2.143
LTR71B	-1.68661257681559	0.446	251	1	3.219
LTR72	1.57275141677028	0.05	161	6	2.017
LTR72B	-0.920674411041618	0.958	163	1	1.893
LTR73	0.138706270831592	0.978	229	3	2.725
LTR75	0.917102806900536	0.21	311	7	3.707
LTR75_1	-0.58880456701555	1	130	1	1.504
LTR75B	0.315929354265919	0.864	204	3	2.41
LTR76	1.12910269133497	0.184	207	5	2.286
LTR77	-Inf	0.542	105	0	1.347
LTR78	-0.18928194461436	0.526	4897	51	58.15
LTR78B	-0.307484934452714	0.398	3301	31	38.364
LTR79	-0.306477152642267	0.264	4095	38	46.994
LTR7B	1.36876634534861	0.004	888	27	10.455
LTR7C	2.30721574336599	0.014	332	20	4.041
LTR7Y	0.370526803213051	0.752	258	4	3.094
LTR8	1.36127205556432	0	3504	113	43.984
LTR80A	-1.23817541857738	0.376	401	2	4.718
LTR80B	-2.58496250072116	0.07	513	1	6
LTR81	1.21238180068521	0.098	336	9	3.884
LTR81A	0.784851332355868	0.072	853	17	9.867
LTR81AB	1.66063453903206	0.004	275	10	3.163
LTR81B	-1.15715153085793	0.1	1161	6	13.381
LTR81C	0.361989370996509	0.55	739	11	8.559
LTR82A	-0.0977231516781428	0.972	1049	12	12.841
LTR82B	-0.339759325599237	0.648	1162	11	13.921
LTR83	-3.09356017616234	0.022	736	1	8.536
LTR84a	-1.00234247669418	0.308	702	4	8.013
LTR84b	0.166216952664751	0.738	1302	17	15.15
LTR85a	0.444048482296031	0.208	1893	29	21.317
LTR85b	-0.997008460821793	0.104	1200	7	13.971
LTR85c	-0.0858429802979108	0.99	1186	13	13.797
LTR86A1	-0.66425526799401	0.562	554	4	6.339
LTR86A2	-1.84076533732387	0.33	308	1	3.582
LTR86B1	-0.217437539393683	1	302	3	3.488
LTR86B2	0.849440323424619	0.28	285	6	3.33
LTR86C	-0.832282435700976	0.708	301	2	3.561
LTR87	0.229213231364717	0.736	718	10	8.531
LTR88a	0.708673803316226	0.122	912	17	10.402
LTR88b	0.566277463882567	0.1	1640	28	18.91
LTR88c	0.591831629291894	0.154	1044	18	11.943
LTR89	-2.07061830893162	0.006	1101	3	12.602
LTR89B	-0.101481998382252	1	749	8	8.583
LTR8A	0.520309542378903	0.146	1481	27	18.825
LTR8B	2.32505269131221	0	1644	104	20.755
LTR9	-0.352476059050329	0.662	850	8	10.214
LTR90A	0.112786697048771	0.958	407	5	4.624
LTR90B	-0.99397621237223	0.346	536	3	5.975
LTR91	-0.505343758521587	0.332	1592	13	18.453
LTR91A	-1.51556108061297	0	2468	10	28.591
LTR9A1	-0.334110567844753	0.864	491	5	6.303
LTR9B	-0.276369044335404	0.872	709	7	8.478
LTR9C	-1.1263121303287	0.762	172	1	2.183
LTR9D	-0.247168000374773	0.836	755	8	9.495
MADE1	-1.13174142960106	0	8005	39	85.458
MADE2	-0.394763557623279	0.216	2711	22	28.924
Mam_R4	0.984765952592905	0.064	564	13	6.569
MamGyp-int	-1.48920037478585	0.164	695	3	8.422
MamGypLTR1a	0.846956032665197	0.038	1103	23	12.787
MamGypLTR1b	0.164277998025651	0.72	1224	16	14.278
MamGypLTR1c	-0.139469495038796	0.91	1168	12	13.218
MamGypLTR1d	0.954063715833141	0.058	777	17	8.775
MamGypLTR2b	-0.760575809348851	0.274	879	6	10.165
MamGypLTR2c	0.369245080764754	0.436	1055	16	12.387
MamGypLTR3	0.870010529907372	0.112	680	14	7.66
MamGypLTR3a	0.98850436116217	0	1350	31	15.624
MamGypLTR4	-0.484911486910828	0.578	724	6	8.397
MamGypsy2-I	-0.873576994296963	0.066	2302	15	27.483
MamGypsy2-LTR	-0.0268708647247454	1	916	10	10.188
MamRep1151	-1.11331948898401	0.078	1278	7	15.144
MamRep137	-0.384652688141538	0.302	2500	22	28.722
MamRep1527	-0.46248070776568	0.492	1314	11	15.157
MamRep1879	0.731052374457731	0.028	1507	28	16.869
MamRep1894	0.0617142081159471	1	709	8	7.665
MamRep38	0.487014665186324	0.082	2167	34	24.259
MamRep4096	0.9111046045659	0.014	1282	27	14.358
MamRep434	-0.0647029382504842	0.918	2142	23	24.055
MamRep488	1.23420415599069	0.016	503	13	5.526
MamRep564	-0.389252122037214	0.636	804	7	9.168
MamRep605	0.0294267801129	0.936	3594	42	41.152
MamRep605b	0.519602295577123	0.066	2391	39	27.205
MamRTE1	0.0155142990971718	0.95	9028	102	100.909
MamRTE2	-Inf	1	49	0	0.556
MamSINE1	-0.0391603325333512	0.888	5945	64	65.761
MamTip1	1.12029423371771	0.008	774	19	8.74
MamTip1b	0.660862615080415	0.31	460	8	5.06
MamTip2	0.81261352298486	0	5279	103	58.643
MamTip2b	0.506770172912637	0.002	6841	108	76.01
MamTip3	-0.0445824308961724	1	1176	13	13.408
MamTip3B	-0.062889225380647	1	836	9	9.401
MARE10	0.132894270497345	1	81	1	0.912
MARE11	-Inf	1	13	0	0.143
MARE4	-0.205392512989685	1	312	3	3.459
MARE6	-0.18966644665005	1	187	2	2.281
MARE8	0.735163351532221	0.436	218	4	2.403
MARE9	-Inf	1	29	0	0.193
MARNA	-0.0569798187248236	0.912	3187	35	36.41
MER101	-0.173127433480656	1	370	4	4.51
MER101-int	-Inf	0.002	1253	0	14.774
MER101B	-1.67400860861723	0.416	269	1	3.191
MER102a	0.238569416087869	0.36	3088	41	34.751
MER102b	-0.187451054027326	0.552	3205	32	36.44
MER102c	0.23916063471734	0.298	3172	42	35.584
MER103C	-0.377700412809993	0.018	9080	78	101.343
MER104	-0.064308049776028	0.93	2260	24	25.094
MER105	0.437951891226846	0.43	730	11	8.12
MER106A	-0.482504128715476	0.566	740	6	8.383
MER106B	-1.63102665342556	0.066	834	3	9.292
MER107	-1.01113778318899	0.762	361	2	4.031
MER110	-0.393023875926422	0.726	802	7	9.192
MER110-int	-2.40217642497948	0.178	412	1	5.286
MER110A	0.2591923395394	0.688	633	9	7.52
MER112	0.365533456051746	0.078	4569	66	51.228
MER113	0.204964557704702	0.428	3816	50	43.378
MER113A	0.247312566948961	0.446	2109	28	23.589
MER115	0.0484122051852459	0.902	2559	31	29.977
MER117	0.406552059034349	0.04	4434	66	49.792
MER119	0.319625628594231	0.484	1221	18	14.423
MER11A	-0.552573811179844	0.286	992	10	14.667
MER11B	-1.03086573451381	0.178	562	4	8.173
MER11C	-2.75146372116556	0	885	2	13.468
MER11D	1.67154646743585	0	267	12	3.767
MER121	0.148134381876603	0.804	941	12	10.829
MER121B	-Inf	0.892	70	0	0.82
MER123	-Inf	1	48	0	0.558
MER124	-0.7827440363952	0.33	765	5	8.602
MER125	-0.61635769699669	1	138	1	1.533
MER126	0.68223286148778	0.42	276	5	3.116
MER127	-Inf	0.216	213	0	2.386
MER129	1.55321443785688	0.104	125	4	1.363
MER130	-0.0799753767205958	1	181	2	2.114
MER131	-0.612588406698718	0.254	1137	8	12.232
MER132	-Inf	1	37	0	0.424
MER133A	-Inf	1	54	0	0.548
MER133B	-Inf	1	41	0	0.473
MER134	-Inf	0.772	90	0	0.97
MER135	-1.60328015554325	0.048	822	3	9.115
MER136	-Inf	1	29	0	0.324
MER1A	-0.171811738467839	0.566	3307	36	40.553
MER1B	-0.908604323471902	0	5525	35	65.703
MER2	-0.966041113979202	0	9338	55	107.441
MER20	0.359080587451116	0.014	17280	248	193.356
MER20B	-0.400685618076553	0.19	4240	37	48.845
MER21-int	0.111643144803721	0.818	1094	15	13.883
MER21A	1.64300041414456	0	2062	79	25.295
MER21B	-0.118339588534054	0.764	2871	33	35.821
MER21C	0.240715797701428	0.256	5724	83	70.245
MER2B	-0.458134925025269	0.294	2101	17	23.354
MER3	0.0595112536837154	0.692	11144	129	123.787
MER30	-0.227560769009921	0.416	4256	41	48.005
MER30B	0.604937200482422	0.548	255	4	2.63
MER31-int	-1.24021254831558	0.18	1194	6	14.174
MER31A	1.28112331544744	0	1379	40	16.459
MER31B	0.282151622667973	0.442	1525	22	18.092
MER33	0.159743844237644	0.318	9845	125	111.898
MER34	-0.324943503336831	0.614	1355	13	16.284
MER34-int	0.640197739451517	0.4	423	8	5.133
MER34A	0.208560974127558	0.636	1513	20	17.308
MER34A1	0.219880822023652	0.692	804	11	9.445
MER34B	-0.389566811762726	0.772	668	6	7.86
MER34B-int	-0.907467558240039	0.548	641	4	7.503
MER34C	0.795859283219775	0.446	206	4	2.304
MER34C_	0.0308034520082546	0.986	685	8	7.831
MER34C2	0.570542281435446	0.29	613	11	7.407
MER34D	0.936036941268035	0.272	254	6	3.136
MER39	0.799285233026462	0.002	3390	71	40.799
MER39B	1.17740180276169	0	1222	34	15.033
MER4-int	-2.33095272102442	0	3127	8	40.251
MER41-int	-0.441306407469395	0.44	1776	18	24.441
MER41A	1.94274539865112	0	2640	124	32.255
MER41B	2.12253618450438	0	2941	154	35.365
MER41C	1.36715911602382	0.002	863	26	10.079
MER41D	-1.50741409901544	0.256	488	2	5.686
MER41E	1.60350323563814	0.012	365	13	4.278
MER41G	-0.452068230223811	1	120	1	1.368
MER44A	-0.656725170021248	0.072	2404	18	28.377
MER44B	1.68556586916164	0	2176	84	26.114
MER44C	1.51246345511396	0	1126	41	14.371
MER44D	2.11550550583533	0	657	34	7.846
MER45A	0.649356757010068	0.002	3563	62	39.529
MER45B	0.689838884914587	0.07	1331	26	16.118
MER45C	0.395828770161584	0.428	1235	19	14.441
MER45R	-0.996388746447621	0.28	661	4	7.98
MER46C	0.104786026246732	0.72	2870	35	32.548
MER47A	-1.50094107896744	0	2639	11	31.133
MER47B	-0.576860702224192	0.54	623	5	7.458
MER47C	-1.09119205151613	0.186	791	4	8.522
MER48	0.747221048471816	0.454	196	4	2.383
MER49	0.588406881907275	0.146	1428	26	17.292
MER4A	0.562372751681051	0.248	890	16	10.835
MER4A1	0.133210685684684	0.704	2314	30	27.354
MER4A1_	1.34852875703802	0.008	416	13	5.105
MER4B	1.33609650538422	0	1788	55	21.785
MER4B-int	-1.78485292356276	0.016	1620	6	20.675
MER4C	1.13096212855764	0.02	697	18	8.219
MER4CL34	-0.330494661267361	0.704	933	9	11.317
MER4D	1.36388396134602	0	1373	43	16.707
MER4D0	1.02487010676469	0.106	457	11	5.406
MER4D1	0.962007496986309	0.016	1595	38	19.507
MER4E	0.0799354146214357	0.936	746	10	9.461
MER4E1	0.213013396582528	0.692	1092	15	12.941
MER50	0.481355395936323	0.084	2591	46	32.95
MER50-int	0.897185123324851	0.146	555	15	8.054
MER50B	0.0689473537174915	0.992	700	9	8.58
MER50C	-0.00575926928868494	1	83	1	1.004
MER51-int	-1.04334450487717	0.434	621	4	8.244
MER51A	-0.27893631467923	0.7	955	10	12.133
MER51B	0.675436243195036	0.198	725	14	8.766
MER51C	-1.22527492986957	0.72	192	1	2.338
MER51D	0.0513991525066445	1	171	2	1.93
MER51E	-1.53156860881496	0.55	242	1	2.891
MER52-int	-2.85019934199064	0.044	501	1	7.211
MER52A	-2.53959310553091	0	1465	4	23.257
MER52C	-0.142217361803823	1	399	5	5.518
MER52D	-1.67822217801949	0.038	664	3	9.601
MER53	0.0481311445510303	0.84	6020	69	66.736
MER54A	-0.598682804673499	0.468	774	6	9.086
MER54B	1.25497785096274	0.026	438	13	5.447
MER57-int	-3.18697588411331	0	1366	2	18.214
MER57A-int	-3.04765471168549	0	1976	3	24.806
MER57A1	-0.523060061795249	0.372	1093	9	12.933
MER57B1	-0.299947954060028	0.682	1033	10	12.311
MER57B2	-0.424707145564151	0.522	1145	10	13.423
MER57C1	0.379569987731471	0.8	195	3	2.306
MER57C2	-0.926758531986465	0.376	472	3	5.703
MER57D	-0.483364360713349	0.704	464	4	5.592
MER57E1	0.859637766515055	0.142	512	11	6.062
MER57E2	-Inf	0.862	80	0	0.894
MER57E3	0.483984852996335	0.666	277	4	2.86
MER57F	-0.308593868584276	0.908	424	4	4.954
MER58A	-0.353600963911728	0.01	13824	122	155.885
MER58B	0.110432469509173	0.516	7134	87	80.589
MER58C	-0.0479371711695729	0.96	2642	28	28.946
MER58D	-0.354903461135643	0.558	1174	10	12.789
MER5A	0.353774908146374	0	35585	502	392.832
MER5A1	0.289707005422391	0.012	16237	220	179.975
MER5B	0.475424439616956	0	25480	388	279.071
MER5C	-0.173401597173412	0.808	1374	14	15.788
MER5C1	-0.492827387922511	0.634	627	5	7.036
MER6	-2.38003674428854	0.018	826	2	10.411
MER61-int	-2.12515513132229	0.01	1202	4	17.45
MER61A	0.00752158733254263	1	813	10	9.948
MER61B	0.258425152581204	0.79	435	6	5.016
MER61C	-0.935459747805289	0.562	316	2	3.825
MER61D	1.28454587288428	0.05	269	8	3.284
MER61E	1.2276920250416	0.054	320	9	3.843
MER61F	-Inf	0.328	167	0	2.115
MER63A	0.236340561077723	0.312	3616	48	40.747
MER63B	0.0850273446624985	0.838	2472	30	28.283
MER63C	-0.91226662806645	0.25	904	6	11.292
MER63D	-0.514717435120853	0.328	1752	14	20.002
MER65-int	-2.17429987973851	0.024	1092	3	13.541
MER65A	-2.11919014964541	0	1485	4	17.378
MER65B	0.712527704880933	0.51	211	4	2.441
MER65C	-0.0691865808097407	1	700	8	8.393
MER65D	1.13289427049735	0.074	525	12	5.472
MER66-int	-1.13119435170845	0.31	794	5	10.952
MER66A	-0.985864701242533	0.554	340	2	3.961
MER66B	0.000679075108272757	1	1486	17	16.992
MER66C	0.331779998129953	0.582	603	9	7.151
MER66D	-1.59598097896562	0.51	249	1	3.023
MER67A	-1.48800077083407	0.286	481	2	5.61
MER67B	-0.24000896473507	0.982	498	5	5.905
MER67C	-0.524851740127025	0.338	1703	14	20.143
MER67D	-2.05900910004046	0.006	1055	3	12.501
MER68	0.268342785349818	0.488	1529	22	18.266
MER68-int	0.607918138498747	0.466	402	7	4.593
MER68B	0.100824369519487	0.942	475	6	5.595
MER68C	-Inf	0.396	165	0	1.944
MER6A	-0.196721484664496	0.848	1034	11	12.607
MER6B	-0.652784754908756	0.452	693	5	7.861
MER6C	-Inf	0.476	168	0	1.556
MER70-int	0.771848309374867	0.414	263	6	3.514
MER70A	-0.430392333572308	0.724	542	5	6.738
MER70B	-0.0823310001354358	1	995	11	11.646
MER70C	0.604279086714047	0.51	279	5	3.289
MER72	0.477017168206155	0.374	793	13	9.34
MER72B	1.36092222650323	0.116	198	6	2.336
MER73	0.955755778822459	0.218	288	7	3.609
MER74A	0.448187794890681	0.198	1625	27	19.79
MER74B	-0.712312778836114	0.338	958	7	11.469
MER74C	-0.507921464957328	0.96	234	2	2.844
MER75	-1.59860341139054	0.196	485	2	6.057
MER75A	0.0380063225797451	1	92	1	0.974
MER75B	-Inf	0.652	124	0	1.311
MER76	0.686505357643451	0.18	728	14	8.699
MER76-int	-0.967906370290147	1	155	1	1.956
MER77	0.608056352351463	0.094	1373	25	16.402
MER77B	0.390515180144775	0.328	1318	21	16.02
MER8	-1.89917563048051	0	2006	6	22.38
MER81	0.785306756877431	0	3748	70	40.616
MER83	0.701341684435485	0.256	516	10	6.15
MER83A-int	-Inf	0.768	105	0	1.395
MER83B	-0.790772037862	1	150	1	1.73
MER83B-int	-0.294351175589731	1	277	3	3.679
MER83C	-Inf	0.32	156	0	1.877
MER84	0.912197741022912	0.216	364	8	4.251
MER84-int	1.29070936427664	0.27	143	4	1.635
MER85	-1.04320449856517	0.118	929	5	10.304
MER87	0.0596452884667069	1	166	2	1.919
MER87B	-Inf	0.268	211	0	2.547
MER88	-Inf	0.55	113	0	1.41
MER89	-1.07141945648989	0.054	1436	8	16.812
MER89-int	-0.842375488206288	0.406	789	5	8.965
MER90	0.355262723813842	0.55	727	11	8.599
MER90a	-0.104432516765762	0.954	1265	14	15.051
MER91A	0.699732002210649	0.002	3694	67	41.251
MER91B	0.722874845985126	0.034	1476	27	16.359
MER91C	1.11659975015997	0	1665	39	17.986
MER92-int	-1.97843971986765	0.088	1020	3	11.822
MER92A	0.174621396107069	1	156	2	1.772
MER92B	0.39855946530206	0.454	832	13	9.862
MER92C	2.04097178105631	0.012	125	6	1.458
MER92D	1.54004386034588	0.024	226	8	2.751
MER94	-0.310421290217728	0.21	4852	43	53.323
MER94B	0.4898482422157	0.37	634	10	7.121
MER95	-Inf	0.5	141	0	1.605
MER96	0.766827739910309	0.032	1291	24	14.105
MER96B	0.530287643683732	0.084	2245	36	24.927
MER97a	-Inf	0.144	280	0	3.503
MER97b	-Inf	0.494	181	0	2.273
MER97c	-1.41792000781197	0.652	211	1	2.672
MER97d	-Inf	0.506	138	0	1.778
MER99	-0.275404429416964	1	301	3	3.631
MER9a1	0.110292841560213	0.994	351	5	4.632
MER9a2	-1.9667995846272	0.208	322	1	3.909
MER9a3	-0.905735977667026	0.264	595	4	7.494
MER9B	0.994240730711315	0.794	39	1	0.502
Merlin1_HS	-Inf	1	56	0	0.634
MERX	-Inf	0.022	442	0	5.031
MIR	0.402074607427042	0	177613	2635	1994.087
MIR1_Amn	1.27673430891786	0	12053	317	130.835
MIR3	0.847562213949103	0	89786	1776	986.964
MIRb	0.571767413135259	0	228856	3804	2559.301
MIRc	0.689801525405457	0	103104	1840	1140.688
MLT-int	0.501676178815317	0.478	417	7	4.944
MLT1-int	-Inf	0.168	267	0	3.152
MLT1A	-0.382543924537213	0.034	9313	83	108.202
MLT1A-int	-0.942858521673877	0.516	448	3	5.767
MLT1A0	-0.632395395992138	0	21288	161	249.572
MLT1A0-int	-0.361992885921963	0.674	953	10	12.852
MLT1A1	-0.99064499845983	0	6913	41	81.47
MLT1A1-int	-0.406210108531565	0.802	462	5	6.626
MLT1B	-0.0916360521654235	0.44	18094	199	212.05
MLT1B-int	-0.25176957973798	0.99	567	6	7.144
MLT1C	-0.0593006235212558	0.79	6716	76	79.189
MLT1C-int	-0.675364312749146	1	130	1	1.597
MLT1C2	0.260397679831522	0.018	16393	232	193.687
MLT1C2-int	0.0959334368707188	0.952	436	6	5.614
MLT1D	-0.0398709061244062	0.762	19733	229	235.417
MLT1D-int	0.541045384190949	0.404	598	11	7.56
MLT1E	-0.673427202346376	0.384	922	7	11.164
MLT1E-int	-Inf	1	12	0	0.156
MLT1E1	0.968604803724466	0.018	1065	25	12.775
MLT1E1-int	2.16165326347877	0.234	45	2	0.447
MLT1E1A	-0.36702153323231	0.254	3422	32	41.27
MLT1E1A-int	-Inf	0.83	84	0	1.079
MLT1E2	-0.558094725057779	0.076	4091	34	50.059
MLT1E2-int	-0.67897330785417	1	128	1	1.601
MLT1E3	-0.555123217948948	0.178	2066	17	24.978
MLT1E3-int	0.168122758808327	1	74	1	0.89
MLT1F	0.29580903392348	0.194	4411	65	52.95
MLT1F-int	0.108025396384448	0.918	530	7	6.495
MLT1F1	0.551974006074254	0.018	3329	58	39.561
MLT1F1-int	1.22431729826094	0.212	160	5	2.14
MLT1F2	-0.692679476874781	0	6215	46	74.349
MLT1F2-int	-Inf	0.136	327	0	3.982
MLT1G	0.99141126329593	0.002	2894	69	34.706
MLT1G-int	0.797739016437997	0.476	185	4	2.301
MLT1G1	-0.0815668772028832	0.87	3680	42	44.443
MLT1G1-int	0.363270987210252	0.702	299	5	3.887
MLT1G3	0.194512026357624	0.52	2818	38	33.207
MLT1G3-int	-Inf	0.258	246	0	3.104
MLT1H	-0.24198371031793	0.142	10252	102	120.627
MLT1H-int	-2.36625226369956	0.036	836	2	10.312
MLT1H1	0.0699673245790385	0.814	3756	47	44.775
MLT1H1-int	0.644137993670706	0.398	426	8	5.119
MLT1H2	-0.516015147003665	0.046	4849	39	55.77
MLT1H2-int	-Inf	0.05	354	0	4.338
MLT1I	-0.125484407965658	0.44	11268	119	129.814
MLT1I-int	-2.34738219131511	0.02	829	2	10.178
MLT1J	-0.0153125692350657	0.93	15494	179	180.91
MLT1J-int	-0.329164610492956	0.592	1457	14	17.588
MLT1J1	0.160090786820112	0.434	5003	64	57.278
MLT1J1-int	-0.239031363450237	0.964	476	5	5.901
MLT1J2	0.0559626161355262	0.768	6991	84	80.804
MLT1J2-int	-1.88713530046191	0.144	596	2	7.398
MLT1K	0.411348363205125	0	17999	276	207.53
MLT1K-int	1.06069818590032	0.252	208	5	2.397
MLT1L	0.19562827909417	0.174	12248	161	140.584
MLT1L-int	-Inf	0.702	112	0	1.308
MLT1M	0.86348046744944	0	2329	48	26.382
MLT1M-int	-Inf	1	1	0	0.02
MLT1N2	0.261815022200183	0.204	5816	79	65.889
MLT1N2-int	0.194294815161489	1	74	1	0.874
MLT1O	0.0330773972494313	0.882	5156	60	58.64
MLT1O-int	2.73696559416621	0.266	12	1	0.15
MLT2A1	-1.56169272139831	0	3849	15	44.28
MLT2A2	-1.36150242757197	0	3928	19	48.821
MLT2B1	-1.2286781777016	0	4532	23	53.901
MLT2B2	-0.284621809106585	0.494	2229	22	26.798
MLT2B3	-0.524278645113425	0.128	3363	28	40.27
MLT2B4	-1.34278745282269	0	4762	22	55.801
MLT2B5	-0.169604366916959	1	383	4	4.499
MLT2C1	0.0175583713843045	0.97	2710	31	30.625
MLT2C2	-0.0887748141275904	0.992	1378	15	15.952
MLT2D	-0.783382298915217	0.002	4584	31	53.356
MLT2E	-2.25821738953602	0.154	405	1	4.784
MLT2F	0.200667045186958	0.594	1946	27	23.494
MSR1	1.85117433209597	0	445	18	4.989
MST-int	-1.42492208821069	0.584	235	1	2.685
MSTA	-1.18168466133399	0	20293	106	240.452
MSTA-int	-3.59768014371589	0	3304	4	48.425
MSTA1	-2.68324729644458	0.044	563	1	6.423
MSTA1-int	-Inf	1	29	0	0.424
MSTB	-0.870930524082288	0	8800	57	104.244
MSTB-int	-3.75146372116556	0	902	1	13.468
MSTB1	-1.61898046469958	0	4944	19	58.36
MSTB1-int	-0.0926584917324306	1	231	3	3.199
MSTB2	-1.68339703126992	0.004	1621	6	19.271
MSTB2-int	-0.348232419239271	1	94	1	1.273
MSTC	-1.11610594746809	0.002	3291	18	39.017
MSTC-int	-1.5854433189362	0.494	210	1	3.001
MSTD	-0.679035452805327	0	7813	58	92.862
MSTD-int	-0.0828388147248917	1	751	10	10.591
OldhAT1	-0.180723781279888	0.454	4404	42	47.605
ORSL	-0.246408087246385	0.756	1252	12	14.235
ORSL-2a	0.228029932301811	0.824	376	5	4.269
ORSL-2b	0.115944833254661	0.862	733	9	8.305
PABL_A	0.522426280825767	0.392	544	10	6.962
PABL_A-int	-1.06924387722314	0.496	459	3	6.295
PABL_B	0.399730246490995	0.626	393	6	4.548
PABL_B-int	0.698997743967186	0.47	265	6	3.696
Penelope1_Vert	-0.286171451107019	0.646	1123	10	12.194
Plat_L3	0.302339732283958	0.216	3386	47	38.114
PRIMA4_LTR	0.515260334091089	0.512	349	6	4.198
PRIMA4-int	-0.500037170981688	0.754	443	4	5.657
PRIMA41-int	0.140626729961006	0.838	511	8	7.257
PRIMAX-int	-Inf	1	78	0	0.873
PrimLTR79	-0.664482840364683	1	136	1	1.585
REP522	-0.410341104614087	1	294	2	2.658
Ricksha	-0.895819623682824	0.5	431	3	5.582
Ricksha_0	-2.30597052098439	0.192	386	1	4.945
Ricksha_a	-Inf	1	57	0	0.683
Ricksha_b	-Inf	0.55	118	0	1.724
Ricksha_c	-1.56071495447448	0.03	1032	4	11.8
SAR	-Inf	1	13	0	0.09
SATR1	0.397194753675131	0.48	728	15	11.39
SATR2	-2.7454524831317	0.066	450	1	6.706
SST1	-Inf	0.08	650	0	5.391
SSU-rRNA_Hsa	-Inf	0.762	90	0	0.944
SVA_A	-0.210101083260056	0.734	1230	13	15.038
SVA_B	-0.365505913428967	0.596	839	9	11.595
SVA_C	-1.01738747752592	0.196	540	4	8.097
SVA_D	-0.917446444467092	0.03	1491	13	24.554
SVA_E	0.266558883346876	0.66	704	10	8.313
SVA_F	0.291903669811777	0.48	1023	17	13.886
TAR1	-0.344828496997441	1	155	1	1.27
THE1-int	0.301633332669515	0.878	200	3	2.434
THE1A	-1.43997300903716	0	4308	19	51.55
THE1A-int	-4.59896064676216	0	1481	1	24.234
THE1B	-1.91742913951139	0	22924	73	275.757
THE1B-int	-4.10429472039582	0	4277	4	68.798
THE1C	-2.28512993071987	0	10046	25	121.852
THE1C-int	-3.85758295538415	0	1824	2	28.992
THE1D	-1.88362081628567	0	12935	42	154.98
THE1D-int	-4.25527411403529	0	2667	2	38.194
Tigger1	-2.16629520532439	0	12353	39	175.059
Tigger10	-0.511046284941617	0.35	1481	12	17.101
Tigger11a	-0.296897857700078	0.958	419	4	4.914
Tigger12	-0.0582472168546629	1	910	10	10.412
Tigger12A	-0.552049111320579	0.562	748	6	8.797
Tigger12c	-0.291456216454489	0.758	865	8	9.791
Tigger13a	-0.844978595097154	0.016	3189	21	37.721
Tigger14a	-1.06921113669412	0.038	1312	7	14.688
Tigger15a	-0.257447226497875	0.3	4892	47	56.182
Tigger16a	-0.343621012708894	0.448	1822	16	20.303
Tigger16b	-0.00269052037116547	1	1342	15	15.028
Tigger17	-Inf	1	57	0	0.695
Tigger17a	-0.27328909871682	0.47	2457	25	30.214
Tigger17b	-Inf	0.694	94	0	1.213
Tigger17c	-0.00324241748868363	1	347	4	4.009
Tigger17d	0.0480392712188706	1	336	4	3.869
Tigger18a	-0.218614276113932	0.764	1273	13	15.127
Tigger19a	-0.180324703197959	0.532	3637	36	40.793
Tigger19b	-0.064564528108943	0.882	3685	39	40.785
Tigger1a_Art	-0.726395291650452	0.95	315	2	3.309
Tigger1a_Mars	-Inf	1	45	0	0.575
Tigger2	-2.45781939640373	0	2835	7	38.457
Tigger20a	-0.527980208802714	0.386	1378	11	15.861
Tigger21a	-Inf	0.386	173	0	2.023
Tigger22N1	-0.463854924632108	0.472	1102	9	12.413
Tigger23a	-1.70884937710518	0.092	580	2	6.538
Tigger2a	-1.1746194725124	0	3391	18	40.632
Tigger2b_Pri	-1.5356106270789	0.006	2191	9	26.092
Tigger3	1.51196159577023	0	1166	41	14.376
Tigger3a	0.0502838965444198	0.838	5480	67	64.705
Tigger3b	0.929854185492738	0	6456	158	82.936
Tigger3c	0.875565983008768	0.008	2425	50	27.252
Tigger3d	0.120882408642304	0.888	696	8	7.357
Tigger4	-2.64800517981049	0	1466	3	18.804
Tigger4a	-0.945500690234627	0.002	3595	21	40.443
Tigger4b	-1.42345593458766	0	2565	11	29.505
Tigger5	-Inf	0.008	545	0	6.005
Tigger5b	-1.79391899692016	0	2854	9	31.208
Tigger6	0.546877553404187	0.622	256	4	2.738
Tigger6a	-2.09169983413681	0.06	699	2	8.525
Tigger6b	-Inf	0.364	179	0	2.243
Tigger7	1.42628827709561	0	3017	92	34.232
Tigger8	-0.89413868819967	0.234	959	6	11.151
Tigger9a	-0.97281517067377	0.196	1043	6	11.776
Tigger9b	-1.2190910582462	0.18	774	4	9.312
tRNA-Ala-GCA	-Inf	1	41	0	0.447
tRNA-Ala-GCG	4.05889368905357	0.006	11	2	0.12
tRNA-Ala-GCY	3.17788172527066	0.076	34	2	0.221
tRNA-Ala-GCY_	-Inf	0.808	80	0	0.87
tRNA-Arg-AGA	2.76938707185858	0.024	40	3	0.44
tRNA-Arg-AGG	3.74984688546294	0.004	21	3	0.223
tRNA-Arg-CGA	3.608232280044	0.158	8	1	0.082
tRNA-Arg-CGA_	-Inf	1	2	0	0.017
tRNA-Arg-CGG	2.53951952995999	0.316	16	1	0.172
tRNA-Arg-CGY_	1.93511714841515	0.19	49	2	0.523
tRNA-Asn-AAC	0.982790709967777	0.798	53	1	0.506
tRNA-Asn-AAT	-Inf	1	2	0	0.016
tRNA-Asp-GAY	2.89253530263145	0.018	48	3	0.404
tRNA-Cys-TGY	2.10366355917359	0.008	138	6	1.396
tRNA-Gln-CAA	2.94341647163363	0.068	23	2	0.26
tRNA-Gln-CAA_	-Inf	1	34	0	0.332
tRNA-Gln-CAG	1.76611193982572	0.104	85	3	0.882
tRNA-Glu-GAA	-0.0935601761623379	1	99	1	1.067
tRNA-Glu-GAG	-Inf	1	20	0	0.168
tRNA-Glu-GAG_	1.59364474382096	0.196	97	3	0.994
tRNA-Gly-GGA	0.832642072261486	0.648	109	2	1.123
tRNA-Gly-GGG	2.27928375747887	0.124	44	2	0.412
tRNA-Gly-GGY	1.59946207041627	0.536	37	1	0.33
tRNA-His-CAY	-Inf	1	1	0	0.011
tRNA-His-CAY_	3.47794425083904	0	53	4	0.359
tRNA-Ile-ATA	0.526992432083826	0.99	65	1	0.694
tRNA-Ile-ATC	-Inf	1	9	0	0.022
tRNA-Ile-ATT	-Inf	1	55	0	0.532
tRNA-Leu-CTA	-Inf	1	2	0	0.018
tRNA-Leu-CTA_	-Inf	1	7	0	0.084
tRNA-Leu-CTG	4.27928375747887	0.02	15	2	0.103
tRNA-Leu-CTY	1.69899774396719	0.538	30	1	0.308
tRNA-Leu-TTA	-Inf	1	12	0	0.118
tRNA-Leu-TTA(m)	-Inf	1	27	0	0.3
tRNA-Leu-TTG	1.88896868761126	0.468	26	1	0.27
tRNA-Lys-AAA	2.51457317282976	0.042	51	3	0.525
tRNA-Lys-AAG	1.2688167584278	0.408	73	2	0.83
tRNA-Met	2.12029423371771	0.16	52	2	0.46
tRNA-Met_	1.11403524324603	0.764	47	1	0.462
tRNA-Met-i	2.11403524324603	0.164	45	2	0.462
tRNA-Phe-TTY	1.07096652135414	0.506	91	2	0.952
tRNA-Pro-CCA	3.18442457113743	0.208	9	1	0.11
tRNA-Pro-CCG	6.05889368905357	0	4	3	0.045
tRNA-Pro-CCY	3.35107444054688	0.03	17	2	0.196
tRNA-SeC(e)-TGA	4.87832144341175	0.064	3	1	0.034
tRNA-Ser-AGY	-Inf	1	14	0	0.145
tRNA-Ser-TCA	-Inf	1	1	0	0.008
tRNA-Ser-TCA_	-Inf	1	4	0	0.058
tRNA-Ser-TCA(m)	-Inf	1	31	0	0.332
tRNA-Ser-TCG	3.608232280044	0.156	7	1	0.082
tRNA-Ser-TCY	-Inf	1	15	0	0.172
tRNA-Thr-ACA	1.96578428466209	0.444	26	1	0.256
tRNA-Thr-ACG	-Inf	1	2	0	0.022
tRNA-Thr-ACG_	-Inf	1	12	0	0.128
tRNA-Thr-ACY	2.49817873457909	0.32	15	1	0.177
tRNA-Thr-ACY_	-Inf	1	12	0	0.12
tRNA-Trp-TGG	-Inf	1	13	0	0.136
tRNA-Tyr-TAC	3.41503749927884	0.002	37	4	0.375
tRNA-Tyr-TAT	-Inf	1	6	0	0.052
tRNA-Val-GTA	4.55074678538324	0.004	12	3	0.128
tRNA-Val-GTG	2.44222232860507	0.112	43	2	0.368
tRNA-Val-GTY	-Inf	1	31	0	0.296
U1	2.98279070996778	0	223	18	2.277
U13	0.0702090022814026	1	179	2	1.905
U13_	-0.743730376044629	0.702	316	2	3.349
U14	-Inf	1	7	0	0.074
U17	-Inf	1	9	0	0.094
U2	-0.214746522682395	0.772	1111	10	11.605
U3	-1.32423456227053	0.568	234	1	2.504
U4	0.711542997286299	0.538	161	3	1.832
U5	0.35783756627123	0.826	214	3	2.341
U6	0.0746081599075426	0.902	1799	20	18.992
U7	0.576690762757613	0.57	250	4	2.682
U8	-Inf	1	34	0	0.332
UCON1	-Inf	0.138	245	0	2.782
UCON100	-Inf	1	19	0	0.222
UCON101	1.09172508152094	0.192	208	5	2.346
UCON103	-Inf	1	14	0	0.15
UCON105	-0.0131304209287749	1	642	7	7.064
UCON11	-Inf	1	45	0	0.518
UCON12	0.732164607902385	0.894	59	1	0.602
UCON12A	-Inf	1	23	0	0.282
UCON14	-Inf	0.672	100	0	1.105
UCON15	-Inf	1	50	0	0.598
UCON16	-Inf	1	38	0	0.423
UCON17	-Inf	1	33	0	0.378
UCON18	-Inf	1	33	0	0.339
UCON19	-Inf	1	31	0	0.358
UCON2	0.394031641158542	0.91	138	2	1.522
UCON20	-Inf	1	43	0	0.513
UCON21	-Inf	1	29	0	0.316
UCON22	-Inf	1	38	0	0.373
UCON23	-Inf	1	31	0	0.355
UCON24	-Inf	1	22	0	0.259
UCON25	-Inf	1	50	0	0.503
UCON26	-0.190930859562615	1	207	2	2.283
UCON27	-Inf	0.658	102	0	1.215
UCON28a	-Inf	0.484	129	0	1.483
UCON28b	-Inf	0.848	75	0	0.866
UCON28c	0.347398782403481	1	68	1	0.786
UCON29	-1.42061713897869	0.512	235	1	2.677
UCON31	-0.429749850800216	1	119	1	1.347
UCON33	0.911406076731011	0.42	136	3	1.595
UCON34	0.433623199678875	0.618	339	5	3.702
UCON35	1.0350469470992	0.24	173	4	1.952
UCON37	0.643856189774725	0.588	172	3	1.92
UCON38	0.408001508631714	0.792	208	3	2.261
UCON39	-Inf	0.59	107	0	1.192
UCON4	0.942491963405334	0.412	138	3	1.561
UCON40	0.0897790228128215	1	245	3	2.819
UCON41	-0.358171174969554	0.79	575	5	6.409
UCON44	-1.04753838876336	0.478	360	2	4.134
UCON47	0.190997225060914	1	154	2	1.752
UCON48	1.43375310783626	0.076	194	6	2.221
UCON49	-0.22650852980868	1	109	1	1.17
UCON5	-Inf	0.448	123	0	1.46
UCON51	-Inf	1	44	0	0.468
UCON55	-0.581752944245266	0.676	412	3	4.49
UCON56	-Inf	1	15	0	0.164
UCON57	-Inf	1	22	0	0.263
UCON58	-0.395062799517578	1	236	2	2.63
UCON59	-Inf	1	45	0	0.48
UCON6	-Inf	0.692	96	0	1.068
UCON60	-Inf	1	38	0	0.445
UCON61	-Inf	1	16	0	0.184
UCON62	-Inf	1	24	0	0.247
UCON63	-Inf	1	14	0	0.168
UCON64	-Inf	1	16	0	0.195
UCON65	-Inf	1	32	0	0.356
UCON66	-Inf	0.95	64	0	0.732
UCON67	-Inf	1	20	0	0.218
UCON68	-Inf	1	12	0	0.106
UCON69	-Inf	1	29	0	0.361
UCON7	-0.466757615726171	1	125	1	1.382
UCON70	1.5374241119578	0.284	59	2	0.689
UCON71	-Inf	1	17	0	0.198
UCON71_Crp	-0.0421773702443944	1	282	3	3.089
UCON73	0.12605559387029	1	259	3	2.749
UCON75	-Inf	1	24	0	0.28
UCON76	-0.686164326061359	1	141	1	1.609
UCON78	0.485330650706696	0.708	180	3	2.143
UCON8	-Inf	0.232	207	0	2.298
UCON80	2.06491747668134	0.162	43	2	0.478
UCON80_AMi	-0.24000896473507	1	228	2	2.362
UCON81	-Inf	1	40	0	0.398
UCON83	-Inf	1	49	0	0.524
UCON84	-0.313826296390398	1	109	1	1.243
UCON85	1.73216460790238	0.52	28	1	0.301
UCON86	0.219269963523624	1	70	1	0.859
UCON87	-Inf	1	6	0	0.067
UCON88	2.54371951848927	0.092	33	2	0.343
UCON89	0.910501849160897	0.864	50	1	0.532
UCON9	-Inf	1	49	0	0.546
UCON92	-Inf	1	19	0	0.206
UCON93	-Inf	1	27	0	0.292
UCON94	-Inf	1	31	0	0.357
UCON96	-Inf	1	18	0	0.19
UCON97	-Inf	1	40	0	0.469
UCON99	1.81349944235551	0.238	56	2	0.569
X1_DNA	-0.701327257412941	0.512	710	5	8.13
X1_LINE	0.0499049058263139	1	83	1	0.966
X1_LR	-Inf	1	15	0	0.167
X10b_DNA	-0.766807151302922	0.674	308	2	3.403
X11_DNA	0.0193653248669312	1	267	3	2.96
X12_DNA	0.057016401812898	0.946	1379	16	15.38
X12_LINE	1.0023101606872	0.236	227	5	2.496
X13_LINE	-Inf	0.4	148	0	1.66
X15_LINE	-Inf	0.146	243	0	2.616
X17_LINE	0.470728756294068	0.272	965	15	10.824
X2_LINE	-0.0874628412503394	1	188	2	2.125
X20_LINE	-0.877351626449262	0.904	162	1	1.837
X21_LINE	-Inf	1	47	0	0.521
X22_DNA	-Inf	1	25	0	0.299
X23_DNA	-Inf	0.992	60	0	0.725
X24_DNA	-0.76355321651429	0.51	457	3	5.093
X24_LINE	-1.08065766334522	0.262	568	3	6.345
X26_DNA	-0.149649581894975	0.95	971	10	11.093
X2a_DNA	-1.24214516084958	0.318	420	2	4.731
X2b_DNA	-Inf	0.292	192	0	2.188
X30_DNA	0.0723142048158901	0.954	765	9	8.56
X32_DNA	-0.911116306378219	0.578	327	2	3.761
X33a_DNA	0.300448367476911	1	69	1	0.812
X34_DNA	-0.16478627814334	1	105	1	1.121
X4a_DNA	-1.05658352836637	0.794	182	1	2.08
X4b_DNA	0.437063805608843	0.422	708	11	8.125
X5a_DNA	0.589193734962444	0.376	429	7	4.653
X5B_LINE	-Inf	0.882	75	0	0.826
X6a_DNA	-0.907403462674314	0.132	1005	6	11.254
X6A_LINE	-0.0677638584845746	1	1055	11	11.529
X6b_DNA	0.348972917901591	0.434	987	14	10.992
X6B_LINE	-0.699551632523089	0.306	891	6	9.744
X7A_LINE	0.431759378131417	0.342	937	14	10.379
X7B_LINE	0.498450454146874	0.25	940	15	10.618
X7C_LINE	0.704330399705659	0.176	621	11	6.751
X7D_LINE	-Inf	1	58	0	0.61
X8_LINE	-Inf	0.178	231	0	2.582
X9_LINE	-0.554245019550098	0.518	670	5	7.342
X9a_DNA	-0.70363230743707	0.376	702	5	8.143
X9b_DNA	-0.503450509005569	0.664	606	5	7.088
Zaphod	-1.33128829779762	0.02	2330	11	27.679
Zaphod2	0.139235797371172	0.802	875	11	9.988
Zaphod3	-0.115443070387641	0.958	1235	13	14.083
Zaphod4a	0.0619024389259069	0.952	394	5	4.79
Zaphod5a	-Inf	0.878	80	0	0.917
Zaphod5b	-Inf	0.838	74	0	0.842
